Zone, Tile_no, Seg_no, Reso, Seg_d_size, Seg_d_time, Bitrate, Bitrate1, Buf_lev, Buf_limit, Elapsed, Ref_vp, Local_avg,QoE,QoE1,Z1,Z2,Z3,delay,jitter,loss
Z1,0,1, 720,9960.0,0.019063,522478.098935,524208.0,1.0,2,6.1e-05,522478.098935,522478.098935,1279931143.7391295,3458109793.3721523,79813647.29455121,4080205302.1098123,25861991798.44004,0,0,3
Z2,0,1, 720,8952.0,0.023056,388272.03331,389216.0,1.0,2,6.1e-05,194136.016655,194136.016655,1279931143.7391295,3458109793.3721523,79813647.29455121,4080205302.1098123,25861991798.44004,0,0,3
Z2,1,1, 720,5424.0,0.000727,7460797.799175,5424000.0,1.0,2,6.1e-05,2486932.599725,2486932.599725,1279931143.7391295,3458109793.3721523,79813647.29455121,4080205302.1098123,25861991798.44004,0,0,3
Z2,2,1, 720,7080.0,0.000733,9658935.879945,7080000.0,1.0,2,6.1e-05,2414733.969986,2414733.969986,1279931143.7391295,3458109793.3721523,79813647.29455121,4080205302.1098123,25861991798.44004,0,0,3
Z2,3,1, 720,18976.0,0.000871,21786452.353617,18976000.0,1.0,2,6.1e-05,4357290.470723,4357290.470723,1279931143.7391295,3458109793.3721523,79813647.29455121,4080205302.1098123,25861991798.44004,0,0,3
Z2,4,1, 720,8720.0,0.000746,11689008.042895,8720000.0,1.0,2,6.1e-05,2337801.608579,2337801.608579,1279931143.7391295,3458109793.3721523,79813647.29455121,4080205302.1098123,25861991798.44004,0,0,3
Z2,5,1, 720,8336.0,0.000829,10055488.54041,8336000.0,1.0,2,6.1e-05,2011097.708082,2011097.708082,1279931143.7391295,3458109793.3721523,79813647.29455121,4080205302.1098123,25861991798.44004,0,0,3
Z2,6,1, 720,6376.0,0.00083,7681927.710843,6376000.0,1.0,2,6.1e-05,1536385.542169,1536385.542169,1279931143.7391295,3458109793.3721523,79813647.29455121,4080205302.1098123,25861991798.44004,0,0,3
Z2,7,1, 720,6872.0,0.000912,7535087.719298,6872000.0,1.0,2,6.1e-05,1507017.54386,1507017.54386,1279931143.7391295,3458109793.3721523,79813647.29455121,4080205302.1098123,25861991798.44004,0,0,3
Z3,0,1, 720,7080.0,0.022309,317360.706441,321816.0,1.0,2,6.1e-05,63472.141288,63472.141288,1279931143.7391295,3458109793.3721523,79813647.29455121,4080205302.1098123,25861991798.44004,0,0,3
Z3,1,1, 720,7080.0,0.207712,34085.657064,34200.0,1.0,2,6.1e-05,6817.131413,6817.131413,1279931143.7391295,3458109793.3721523,79813647.29455121,4080205302.1098123,25861991798.44004,0,0,3
Z3,2,1, 720,5664.0,0.003006,1884231.536926,1888000.0,1.0,2,6.1e-05,376846.307385,376846.307385,1279931143.7391295,3458109793.3721523,79813647.29455121,4080205302.1098123,25861991798.44004,0,0,3
Z3,3,1, 720,7080.0,0.00128,5531250.0,7080000.0,1.0,2,6.1e-05,1106250.0,1106250.0,1279931143.7391295,3458109793.3721523,79813647.29455121,4080205302.1098123,25861991798.44004,0,0,3
Z3,4,1, 720,7080.0,0.00092,7695652.173913,7080000.0,1.0,2,6.1e-05,1539130.434783,1539130.434783,1279931143.7391295,3458109793.3721523,79813647.29455121,4080205302.1098123,25861991798.44004,0,0,3
Z3,5,1, 720,5664.0,0.206738,27396.995231,27488.0,1.0,2,6.1e-05,5479.399046,5479.399046,1279931143.7391295,3458109793.3721523,79813647.29455121,4080205302.1098123,25861991798.44004,0,0,3
Z3,6,1, 720,7080.0,0.000935,7572192.513369,7080000.0,1.0,2,6.1e-05,1514438.502674,1514438.502674,1279931143.7391295,3458109793.3721523,79813647.29455121,4080205302.1098123,25861991798.44004,0,0,3
Z3,7,1, 720,7080.0,0.000953,7429171.038825,7080000.0,1.0,2,6.1e-05,1485834.207765,1485834.207765,1279931143.7391295,3458109793.3721523,79813647.29455121,4080205302.1098123,25861991798.44004,0,0,3
Z3,8,1, 720,5664.0,0.000907,6244762.954796,5664000.0,1.0,2,6.1e-05,1248952.590959,1248952.590959,1279931143.7391295,3458109793.3721523,79813647.29455121,4080205302.1098123,25861991798.44004,0,0,3
Z3,9,1, 720,7080.0,0.000932,7596566.523605,7080000.0,1.0,2,6.1e-05,1519313.304721,1519313.304721,1279931143.7391295,3458109793.3721523,79813647.29455121,4080205302.1098123,25861991798.44004,0,0,3
Z3,10,1, 720,12904.0,0.001002,12878243.512974,12904000.0,1.0,2,6.1e-05,2575648.702595,2575648.702595,1279931143.7391295,3458109793.3721523,79813647.29455121,4080205302.1098123,25861991798.44004,0,0,3
Z3,11,1, 720,17344.0,0.000977,17752302.96827,17344000.0,1.0,2,6.1e-05,3550460.593654,3550460.593654,1279931143.7391295,3458109793.3721523,79813647.29455121,4080205302.1098123,25861991798.44004,0,0,3
Z3,12,1, 720,16912.0,0.000934,18107066.381156,16912000.0,1.0,2,6.1e-05,3621413.276231,3621413.276231,1279931143.7391295,3458109793.3721523,79813647.29455121,4080205302.1098123,25861991798.44004,0,0,3
Z3,13,1, 720,13240.0,0.000888,14909909.90991,13240000.0,1.0,2,6.1e-05,2981981.981982,2981981.981982,1279931143.7391295,3458109793.3721523,79813647.29455121,4080205302.1098123,25861991798.44004,0,0,3
Z3,14,1, 720,28328.0,0.001052,26927756.653992,28328000.0,1.0,2,6.1e-05,5385551.330798,5385551.330798,1279931143.7391295,3458109793.3721523,79813647.29455121,4080205302.1098123,25861991798.44004,0,0,3
Z3,15,1, 720,30528.0,0.00104,29353846.153846,30528000.0,1.0,2,6.1e-05,5870769.230769,5870769.230769,1279931143.7391295,3458109793.3721523,79813647.29455121,4080205302.1098123,25861991798.44004,0,0,3
Z3,16,1, 720,16360.0,0.001013,16150049.358342,16360000.0,1.0,2,6.1e-05,3230009.871668,3230009.871668,1279931143.7391295,3458109793.3721523,79813647.29455121,4080205302.1098123,25861991798.44004,0,0,3
Z3,17,1, 720,33216.0,0.00098,33893877.55102,33216000.0,1.0,2,6.1e-05,6778775.510204,6778775.510204,1279931143.7391295,3458109793.3721523,79813647.29455121,4080205302.1098123,25861991798.44004,0,0,3
Z3,18,1, 720,28000.0,0.000951,29442691.90326,28000000.0,1.0,2,6.1e-05,5888538.380652,5888538.380652,1279931143.7391295,3458109793.3721523,79813647.29455121,4080205302.1098123,25861991798.44004,0,0,3
Z3,19,1, 720,15744.0,0.000917,17169029.443839,15744000.0,1.0,2,6.1e-05,3433805.888768,3433805.888768,1279931143.7391295,3458109793.3721523,79813647.29455121,4080205302.1098123,25861991798.44004,0,0,3
Z3,20,1, 720,16024.0,0.000932,17193133.04721,16024000.0,1.0,2,6.1e-05,3438626.609442,3438626.609442,1279931143.7391295,3458109793.3721523,79813647.29455121,4080205302.1098123,25861991798.44004,0,0,3
Z3,21,1, 720,11576.0,0.000936,12367521.367521,11576000.0,1.0,2,6.1e-05,2473504.273504,2473504.273504,1279931143.7391295,3458109793.3721523,79813647.29455121,4080205302.1098123,25861991798.44004,0,0,3
Z3,22,1, 720,10816.0,0.000987,10958459.979737,10816000.0,1.0,2,6.1e-05,2191691.995947,2191691.995947,1279931143.7391295,3458109793.3721523,79813647.29455121,4080205302.1098123,25861991798.44004,0,0,3
Z3,23,1, 720,13224.0,0.000939,14083067.092652,13224000.0,1.0,2,6.1e-05,2816613.41853,2816613.41853,1279931143.7391295,3458109793.3721523,79813647.29455121,4080205302.1098123,25861991798.44004,0,0,3
Z3,24,1, 720,17528.0,0.000934,18766595.289079,17528000.0,1.0,2,6.1e-05,3753319.057816,3753319.057816,1279931143.7391295,3458109793.3721523,79813647.29455121,4080205302.1098123,25861991798.44004,0,0,3
Z3,25,1, 720,23824.0,0.000987,24137791.286727,23824000.0,1.0,2,6.1e-05,4827558.257345,4827558.257345,1279931143.7391295,3458109793.3721523,79813647.29455121,4080205302.1098123,25861991798.44004,0,0,3
Z3,26,1, 720,11024.0,0.000897,12289855.072464,11024000.0,1.0,2,6.1e-05,2457971.014493,2457971.014493,1279931143.7391295,3458109793.3721523,79813647.29455121,4080205302.1098123,25861991798.44004,0,0,3
Z3,27,1, 720,15112.0,0.000889,16998875.140607,15112000.0,1.0,2,6.1e-05,3399775.028121,3399775.028121,1279931143.7391295,3458109793.3721523,79813647.29455121,4080205302.1098123,25861991798.44004,0,0,3
Z3,28,1, 720,24552.0,0.000885,27742372.881356,24552000.0,1.0,2,6.1e-05,5548474.576271,5548474.576271,1279931143.7391295,3458109793.3721523,79813647.29455121,4080205302.1098123,25861991798.44004,0,0,3
Z3,29,1, 720,10824.0,0.000813,13313653.136531,10824000.0,1.0,2,6.1e-05,2662730.627306,2662730.627306,1279931143.7391295,3458109793.3721523,79813647.29455121,4080205302.1098123,25861991798.44004,0,0,3
Z3,30,1, 720,6872.0,0.000828,8299516.908213,6872000.0,1.0,2,6.1e-05,1659903.381643,1659903.381643,1279931143.7391295,3458109793.3721523,79813647.29455121,4080205302.1098123,25861991798.44004,0,0,3
Z3,31,1, 720,6872.0,0.000882,7791383.219955,6872000.0,1.0,2,6.1e-05,1558276.643991,1558276.643991,1279931143.7391295,3458109793.3721523,79813647.29455121,4080205302.1098123,25861991798.44004,0,0,3
Z3,32,1, 720,6376.0,0.000868,7345622.119816,6376000.0,1.0,2,6.1e-05,1469124.423963,1469124.423963,1279931143.7391295,3458109793.3721523,79813647.29455121,4080205302.1098123,25861991798.44004,0,0,3
Z3,33,1, 720,6872.0,0.206077,33346.758736,33352.0,1.0,2,6.1e-05,6669.351747,6669.351747,1279931143.7391295,3458109793.3721523,79813647.29455121,4080205302.1098123,25861991798.44004,0,0,3
Z3,34,1, 720,6872.0,0.000848,8103773.584906,6872000.0,1.0,2,6.1e-05,1620754.716981,1620754.716981,1279931143.7391295,3458109793.3721523,79813647.29455121,4080205302.1098123,25861991798.44004,0,0,3
Z3,35,1, 720,6376.0,0.000912,6991228.070175,6376000.0,1.0,2,6.1e-05,1398245.614035,1398245.614035,1279931143.7391295,3458109793.3721523,79813647.29455121,4080205302.1098123,25861991798.44004,0,0,3
Z3,36,1, 720,6872.0,0.000904,7601769.911504,6872000.0,1.0,2,6.1e-05,1520353.982301,1520353.982301,1279931143.7391295,3458109793.3721523,79813647.29455121,4080205302.1098123,25861991798.44004,0,0,3
Z3,37,1, 720,6872.0,0.000869,7907940.161105,6872000.0,1.0,2,6.1e-05,1581588.032221,1581588.032221,1279931143.7391295,3458109793.3721523,79813647.29455121,4080205302.1098123,25861991798.44004,0,0,3
Z3,38,1, 720,6376.0,0.000842,7572446.555819,6376000.0,1.0,2,6.1e-05,1514489.311164,1514489.311164,1279931143.7391295,3458109793.3721523,79813647.29455121,4080205302.1098123,25861991798.44004,0,0,3
Z1,0,2, 4K,33112.0,0.021314,1553532.889181,1576760.0,1.269082,2,0.730979,1825195.889,1825195.889,1279931143.7391295,3458109793.3721523,79813647.29455121,4080205302.1098123,25861991798.44004,0,0,3
Z2,0,2, 4K,6624.0,0.02331,284169.88417,288000.0,1.269082,2,0.730979,1571323.287998,1571323.287998,1279931143.7391295,3458109793.3721523,79813647.29455121,4080205302.1098123,25861991798.44004,0,0,3
Z2,1,2, 4K,9736.0,0.000905,10758011.049724,9736000.0,1.269082,2,0.730979,3666091.521109,3666091.521109,1279931143.7391295,3458109793.3721523,79813647.29455121,4080205302.1098123,25861991798.44004,0,0,3
Z2,2,2, 4K,9976.0,0.001012,9857707.509881,9976000.0,1.269082,2,0.730979,3486030.81314,3486030.81314,1279931143.7391295,3458109793.3721523,79813647.29455121,4080205302.1098123,25861991798.44004,0,0,3
Z2,3,2, 4K,38152.0,0.001066,35789868.667917,38152000.0,1.269082,2,0.730979,8672463.044747,8672463.044747,1279931143.7391295,3458109793.3721523,79813647.29455121,4080205302.1098123,25861991798.44004,0,0,3
Z2,4,2, 4K,53912.0,0.001135,47499559.471366,53912000.0,1.269082,2,0.730979,11014401.205437,11014401.205437,1279931143.7391295,3458109793.3721523,79813647.29455121,4080205302.1098123,25861991798.44004,0,0,3
Z2,5,2, 4K,24608.0,0.001078,22827458.25603,24608000.0,1.269082,2,0.730979,6079980.96237,6079980.96237,1279931143.7391295,3458109793.3721523,79813647.29455121,4080205302.1098123,25861991798.44004,0,0,3
Z2,6,2, 4K,10280.0,0.000943,10901378.579003,10280000.0,1.269082,2,0.730979,3694765.026965,3694765.026965,1279931143.7391295,3458109793.3721523,79813647.29455121,4080205302.1098123,25861991798.44004,0,0,3
Z2,7,2, 4K,10280.0,0.000921,11161780.673181,10280000.0,1.269082,2,0.730979,3746845.4458,3746845.4458,1279931143.7391295,3458109793.3721523,79813647.29455121,4080205302.1098123,25861991798.44004,0,0,3
Z3,0,2, 4K,9976.0,0.021908,455358.773051,475040.0,1.269082,2,0.730979,1605561.065774,1605561.065774,1279931143.7391295,3458109793.3721523,79813647.29455121,4080205302.1098123,25861991798.44004,0,0,3
Z3,1,2, 4K,9976.0,0.000933,10692390.139335,9976000.0,1.269082,2,0.730979,3652967.339031,3652967.339031,1279931143.7391295,3458109793.3721523,79813647.29455121,4080205302.1098123,25861991798.44004,0,0,3
Z3,2,2, 4K,9976.0,0.000883,11297848.244621,9976000.0,1.269082,2,0.730979,3774058.960088,3774058.960088,1279931143.7391295,3458109793.3721523,79813647.29455121,4080205302.1098123,25861991798.44004,0,0,3
Z3,3,2, 4K,9976.0,0.000802,12438902.743142,9976000.0,1.269082,2,0.730979,4002269.859792,4002269.859792,1279931143.7391295,3458109793.3721523,79813647.29455121,4080205302.1098123,25861991798.44004,0,0,3
Z3,4,2, 4K,9976.0,0.000879,11349260.523322,9976000.0,1.269082,2,0.730979,3784341.415828,3784341.415828,1279931143.7391295,3458109793.3721523,79813647.29455121,4080205302.1098123,25861991798.44004,0,0,3
Z3,5,2, 4K,9976.0,0.004398,2268303.774443,2494000.0,1.269082,2,0.730979,1968150.066052,1968150.066052,1279931143.7391295,3458109793.3721523,79813647.29455121,4080205302.1098123,25861991798.44004,0,0,3
Z3,6,2, 4K,9976.0,0.000923,10808234.019502,9976000.0,1.269082,2,0.730979,3676136.115064,3676136.115064,1279931143.7391295,3458109793.3721523,79813647.29455121,4080205302.1098123,25861991798.44004,0,0,3
Z3,7,2, 4K,9976.0,0.000921,10831704.668838,9976000.0,1.269082,2,0.730979,3680830.244932,3680830.244932,1279931143.7391295,3458109793.3721523,79813647.29455121,4080205302.1098123,25861991798.44004,0,0,3
Z3,8,2, 4K,9976.0,0.000816,12225490.196078,9976000.0,1.269082,2,0.730979,3959587.35038,3959587.35038,1279931143.7391295,3458109793.3721523,79813647.29455121,4080205302.1098123,25861991798.44004,0,0,3
Z3,9,2, 4K,9976.0,0.000774,12888888.888889,9976000.0,1.269082,2,0.730979,4092267.088942,4092267.088942,1279931143.7391295,3458109793.3721523,79813647.29455121,4080205302.1098123,25861991798.44004,0,0,3
Z3,10,2, 4K,40320.0,0.000972,41481481.481481,40320000.0,1.269082,2,0.730979,9810785.60746,9810785.60746,1279931143.7391295,3458109793.3721523,79813647.29455121,4080205302.1098123,25861991798.44004,0,0,3
Z3,11,2, 4K,25056.0,0.00088,28472727.272727,25056000.0,1.269082,2,0.730979,7209034.765709,7209034.765709,1279931143.7391295,3458109793.3721523,79813647.29455121,4080205302.1098123,25861991798.44004,0,0,3
Z3,12,2, 4K,28696.0,0.000864,33212962.962963,28696000.0,1.269082,2,0.730979,8157081.903756,8157081.903756,1279931143.7391295,3458109793.3721523,79813647.29455121,4080205302.1098123,25861991798.44004,0,0,3
Z3,13,2, 4K,25792.0,0.000861,29955865.272938,25792000.0,1.269082,2,0.730979,7505662.365752,7505662.365752,1279931143.7391295,3458109793.3721523,79813647.29455121,4080205302.1098123,25861991798.44004,0,0,3
Z3,14,2, 4K,40168.0,0.000948,42371308.016878,40168000.0,1.269082,2,0.730979,9988750.914539,9988750.914539,1279931143.7391295,3458109793.3721523,79813647.29455121,4080205302.1098123,25861991798.44004,0,0,3
Z3,15,2, 4K,41448.0,0.001037,39969141.755063,41448000.0,1.269082,2,0.730979,9508317.662176,9508317.662176,1279931143.7391295,3458109793.3721523,79813647.29455121,4080205302.1098123,25861991798.44004,0,0,3
Z3,16,2, 4K,44560.0,0.000991,44964682.139253,44560000.0,1.269082,2,0.730979,10507425.739015,10507425.739015,1279931143.7391295,3458109793.3721523,79813647.29455121,4080205302.1098123,25861991798.44004,0,0,3
Z3,17,2, 4K,39312.0,0.266496,147514.409222,147784.0,1.269082,2,0.730979,1543992.193008,1543992.193008,1279931143.7391295,3458109793.3721523,79813647.29455121,4080205302.1098123,25861991798.44004,0,0,3
Z3,18,2, 4K,31560.0,0.001011,31216617.210682,31560000.0,1.269082,2,0.730979,7757812.7533,7757812.7533,1279931143.7391295,3458109793.3721523,79813647.29455121,4080205302.1098123,25861991798.44004,0,0,3
Z3,19,2, 4K,29312.0,0.001062,27600753.295669,29312000.0,1.269082,2,0.730979,7034639.970298,7034639.970298,1279931143.7391295,3458109793.3721523,79813647.29455121,4080205302.1098123,25861991798.44004,0,0,3
Z3,20,2, 4K,35968.0,0.001097,32787602.552416,35968000.0,1.269082,2,0.730979,8072009.821647,8072009.821647,1279931143.7391295,3458109793.3721523,79813647.29455121,4080205302.1098123,25861991798.44004,0,0,3
Z3,21,2, 4K,35592.0,0.001178,30213921.901528,35592000.0,1.269082,2,0.730979,7557273.691469,7557273.691469,1279931143.7391295,3458109793.3721523,79813647.29455121,4080205302.1098123,25861991798.44004,0,0,3
Z3,22,2, 4K,42440.0,0.001133,37458075.904678,42440000.0,1.269082,2,0.730979,9006104.492099,9006104.492099,1279931143.7391295,3458109793.3721523,79813647.29455121,4080205302.1098123,25861991798.44004,0,0,3
Z3,23,2, 4K,61624.0,0.001158,53215889.464594,61624000.0,1.269082,2,0.730979,12157667.204083,12157667.204083,1279931143.7391295,3458109793.3721523,79813647.29455121,4080205302.1098123,25861991798.44004,0,0,3
Z3,24,2, 4K,64952.0,0.001103,58886672.710789,64952000.0,1.269082,2,0.730979,13291823.853322,13291823.853322,1279931143.7391295,3458109793.3721523,79813647.29455121,4080205302.1098123,25861991798.44004,0,0,3
Z3,25,2, 4K,73400.0,0.001307,56159143.075746,73400000.0,1.269082,2,0.730979,12746317.926313,12746317.926313,1279931143.7391295,3458109793.3721523,79813647.29455121,4080205302.1098123,25861991798.44004,0,0,3
Z3,26,2, 4K,52792.0,0.001057,49945127.719962,52792000.0,1.269082,2,0.730979,11503514.855156,11503514.855156,1279931143.7391295,3458109793.3721523,79813647.29455121,4080205302.1098123,25861991798.44004,0,0,3
Z3,27,2, 4K,67272.0,0.001165,57744206.008584,67272000.0,1.269082,2,0.730979,13063330.512881,13063330.512881,1279931143.7391295,3458109793.3721523,79813647.29455121,4080205302.1098123,25861991798.44004,0,0,3
Z3,28,2, 4K,64968.0,0.001214,53515650.741351,64968000.0,1.269082,2,0.730979,12217619.459434,12217619.459434,1279931143.7391295,3458109793.3721523,79813647.29455121,4080205302.1098123,25861991798.44004,0,0,3
Z3,29,2, 4K,52408.0,0.00112,46792857.142857,52408000.0,1.269082,2,0.730979,10873060.739735,10873060.739735,1279931143.7391295,3458109793.3721523,79813647.29455121,4080205302.1098123,25861991798.44004,0,0,3
Z3,30,2, 4K,10280.0,0.000962,10686070.686071,10280000.0,1.269082,2,0.730979,3651703.448378,3651703.448378,1279931143.7391295,3458109793.3721523,79813647.29455121,4080205302.1098123,25861991798.44004,0,0,3
Z3,31,2, 4K,10280.0,0.000942,10912951.167728,10280000.0,1.269082,2,0.730979,3697079.54471,3697079.54471,1279931143.7391295,3458109793.3721523,79813647.29455121,4080205302.1098123,25861991798.44004,0,0,3
Z3,32,2, 4K,10280.0,0.000932,11030042.918455,10280000.0,1.269082,2,0.730979,3720497.894855,3720497.894855,1279931143.7391295,3458109793.3721523,79813647.29455121,4080205302.1098123,25861991798.44004,0,0,3
Z3,33,2, 4K,10280.0,0.000888,11576576.576577,10280000.0,1.269082,2,0.730979,3829804.626479,3829804.626479,1279931143.7391295,3458109793.3721523,79813647.29455121,4080205302.1098123,25861991798.44004,0,0,3
Z3,34,2, 4K,10280.0,0.000809,12707045.735476,10280000.0,1.269082,2,0.730979,4055898.458259,4055898.458259,1279931143.7391295,3458109793.3721523,79813647.29455121,4080205302.1098123,25861991798.44004,0,0,3
Z3,35,2, 4K,10280.0,0.000897,11460423.634337,10280000.0,1.269082,2,0.730979,3806574.038031,3806574.038031,1279931143.7391295,3458109793.3721523,79813647.29455121,4080205302.1098123,25861991798.44004,0,0,3
Z3,36,2, 4K,10280.0,0.000895,11486033.519553,10280000.0,1.269082,2,0.730979,3811696.015075,3811696.015075,1279931143.7391295,3458109793.3721523,79813647.29455121,4080205302.1098123,25861991798.44004,0,0,3
Z3,37,2, 4K,10280.0,0.000852,12065727.699531,10280000.0,1.269082,2,0.730979,3927634.85107,3927634.85107,1279931143.7391295,3458109793.3721523,79813647.29455121,4080205302.1098123,25861991798.44004,0,0,3
Z3,38,2, 4K,10280.0,0.000825,12460606.060606,10280000.0,1.269082,2,0.730979,4006610.523285,4006610.523285,1279931143.7391295,3458109793.3721523,79813647.29455121,4080205302.1098123,25861991798.44004,0,0,3
Z1,0,3, 4K,37368.0,0.021644,1726483.090002,1779424.0,1.883829,2,1.116232,4351907.141285,4351907.141285,1279931143.7391295,3458109793.3721523,79813647.29455121,4080205302.1098123,25861991798.44004,0,0,3
Z2,0,3, 4K,6624.0,0.022556,293669.090264,301088.0,1.883829,2,1.116232,4065344.341338,4065344.341338,1279931143.7391295,3458109793.3721523,79813647.29455121,4080205302.1098123,25861991798.44004,0,0,3
Z2,1,3, 4K,9736.0,0.000988,9854251.012146,9736000.0,1.883829,2,1.116232,5977460.725714,5977460.725714,1279931143.7391295,3458109793.3721523,79813647.29455121,4080205302.1098123,25861991798.44004,0,0,3
Z2,2,3, 4K,9976.0,0.00078,12789743.589744,9976000.0,1.883829,2,1.116232,6564559.241234,6564559.241234,1279931143.7391295,3458109793.3721523,79813647.29455121,4080205302.1098123,25861991798.44004,0,0,3
Z2,3,3, 4K,41472.0,0.000966,42931677.018634,41472000.0,1.883829,2,1.116232,12592945.927012,12592945.927012,1279931143.7391295,3458109793.3721523,79813647.29455121,4080205302.1098123,25861991798.44004,0,0,3
Z2,4,3, 4K,64608.0,0.001069,60437792.32928,64608000.0,1.883829,2,1.116232,16094168.989141,16094168.989141,1279931143.7391295,3458109793.3721523,79813647.29455121,4080205302.1098123,25861991798.44004,0,0,3
Z2,5,3, 4K,26312.0,0.015891,1655780.001259,1754128.0,1.883829,2,1.116232,4337766.523537,4337766.523537,1279931143.7391295,3458109793.3721523,79813647.29455121,4080205302.1098123,25861991798.44004,0,0,3
Z2,6,3, 4K,10280.0,0.000952,10798319.327731,10280000.0,1.883829,2,1.116232,6166274.388831,6166274.388831,1279931143.7391295,3458109793.3721523,79813647.29455121,4080205302.1098123,25861991798.44004,0,0,3
Z2,7,3, 4K,10280.0,0.000941,10924548.352816,10280000.0,1.883829,2,1.116232,6191520.193848,6191520.193848,1279931143.7391295,3458109793.3721523,79813647.29455121,4080205302.1098123,25861991798.44004,0,0,3
Z3,0,3, 4K,9976.0,0.02219,449571.879225,453448.0,1.883829,2,1.116232,4096524.89913,4096524.89913,1279931143.7391295,3458109793.3721523,79813647.29455121,4080205302.1098123,25861991798.44004,0,0,3
Z3,1,3, 4K,9976.0,0.000871,11453501.722158,9976000.0,1.883829,2,1.116232,6297310.867717,6297310.867717,1279931143.7391295,3458109793.3721523,79813647.29455121,4080205302.1098123,25861991798.44004,0,0,3
Z3,2,3, 4K,9976.0,0.000854,11681498.82904,9976000.0,1.883829,2,1.116232,6342910.289093,6342910.289093,1279931143.7391295,3458109793.3721523,79813647.29455121,4080205302.1098123,25861991798.44004,0,0,3
Z3,3,3, 4K,9976.0,0.00083,12019277.108434,9976000.0,1.883829,2,1.116232,6410465.944972,6410465.944972,1279931143.7391295,3458109793.3721523,79813647.29455121,4080205302.1098123,25861991798.44004,0,0,3
Z3,4,3, 4K,9976.0,0.000885,11272316.384181,9976000.0,1.883829,2,1.116232,6261073.800121,6261073.800121,1279931143.7391295,3458109793.3721523,79813647.29455121,4080205302.1098123,25861991798.44004,0,0,3
Z3,5,3, 4K,9976.0,0.000885,11272316.384181,9976000.0,1.883829,2,1.116232,6261073.800121,6261073.800121,1279931143.7391295,3458109793.3721523,79813647.29455121,4080205302.1098123,25861991798.44004,0,0,3
Z3,6,3, 4K,9976.0,0.000856,11654205.607477,9976000.0,1.883829,2,1.116232,6337451.64478,6337451.64478,1279931143.7391295,3458109793.3721523,79813647.29455121,4080205302.1098123,25861991798.44004,0,0,3
Z3,7,3, 4K,9976.0,0.000845,11805917.159763,9976000.0,1.883829,2,1.116232,6367793.955238,6367793.955238,1279931143.7391295,3458109793.3721523,79813647.29455121,4080205302.1098123,25861991798.44004,0,0,3
Z3,8,3, 4K,9976.0,0.00089,11208988.764045,9976000.0,1.883829,2,1.116232,6248408.276094,6248408.276094,1279931143.7391295,3458109793.3721523,79813647.29455121,4080205302.1098123,25861991798.44004,0,0,3
Z3,9,3, 4K,9976.0,0.000828,12048309.178744,9976000.0,1.883829,2,1.116232,6416272.359034,6416272.359034,1279931143.7391295,3458109793.3721523,79813647.29455121,4080205302.1098123,25861991798.44004,0,0,3
Z3,10,3, 4K,46944.0,0.000968,48495867.768595,46944000.0,1.883829,2,1.116232,13705784.077004,13705784.077004,1279931143.7391295,3458109793.3721523,79813647.29455121,4080205302.1098123,25861991798.44004,0,0,3
Z3,11,3, 4K,25776.0,0.000908,28387665.198238,25776000.0,1.883829,2,1.116232,9684143.562933,9684143.562933,1279931143.7391295,3458109793.3721523,79813647.29455121,4080205302.1098123,25861991798.44004,0,0,3
Z3,12,3, 4K,29160.0,0.000939,31054313.099042,29160000.0,1.883829,2,1.116232,10217473.143093,10217473.143093,1279931143.7391295,3458109793.3721523,79813647.29455121,4080205302.1098123,25861991798.44004,0,0,3
Z3,13,3, 4K,27488.0,0.00091,30206593.406593,27488000.0,1.883829,2,1.116232,10047929.204604,10047929.204604,1279931143.7391295,3458109793.3721523,79813647.29455121,4080205302.1098123,25861991798.44004,0,0,3
Z3,14,3, 4K,44488.0,0.000968,45958677.68595,44488000.0,1.883829,2,1.116232,13198346.060475,13198346.060475,1279931143.7391295,3458109793.3721523,79813647.29455121,4080205302.1098123,25861991798.44004,0,0,3
Z3,15,3, 4K,39320.0,0.00095,41389473.684211,39320000.0,1.883829,2,1.116232,12284505.260127,12284505.260127,1279931143.7391295,3458109793.3721523,79813647.29455121,4080205302.1098123,25861991798.44004,0,0,3
Z3,16,3, 4K,43888.0,0.000962,45621621.621622,43888000.0,1.883829,2,1.116232,13130934.847609,13130934.847609,1279931143.7391295,3458109793.3721523,79813647.29455121,4080205302.1098123,25861991798.44004,0,0,3
Z3,17,3, 4K,44080.0,0.001059,41624173.74882,44080000.0,1.883829,2,1.116232,12331445.273049,12331445.273049,1279931143.7391295,3458109793.3721523,79813647.29455121,4080205302.1098123,25861991798.44004,0,0,3
Z3,18,3, 4K,34432.0,0.000869,39622554.660529,34432000.0,1.883829,2,1.116232,11931121.455391,11931121.455391,1279931143.7391295,3458109793.3721523,79813647.29455121,4080205302.1098123,25861991798.44004,0,0,3
Z3,19,3, 4K,31336.0,0.000898,34895322.939866,31336000.0,1.883829,2,1.116232,10985675.111258,10985675.111258,1279931143.7391295,3458109793.3721523,79813647.29455121,4080205302.1098123,25861991798.44004,0,0,3
Z3,20,3, 4K,37168.0,0.000969,38357069.143447,37168000.0,1.883829,2,1.116232,11678024.351974,11678024.351974,1279931143.7391295,3458109793.3721523,79813647.29455121,4080205302.1098123,25861991798.44004,0,0,3
Z3,21,3, 4K,36888.0,0.000946,38993657.505285,36888000.0,1.883829,2,1.116232,11805342.024342,11805342.024342,1279931143.7391295,3458109793.3721523,79813647.29455121,4080205302.1098123,25861991798.44004,0,0,3
Z3,22,3, 4K,45448.0,0.000898,50610244.988864,45448000.0,1.883829,2,1.116232,14128659.521058,14128659.521058,1279931143.7391295,3458109793.3721523,79813647.29455121,4080205302.1098123,25861991798.44004,0,0,3
Z3,23,3, 4K,60880.0,0.001064,57218045.112782,60880000.0,1.883829,2,1.116232,15450219.545841,15450219.545841,1279931143.7391295,3458109793.3721523,79813647.29455121,4080205302.1098123,25861991798.44004,0,0,3
Z3,24,3, 4K,64936.0,0.001053,61667616.334283,64936000.0,1.883829,2,1.116232,16340133.790142,16340133.790142,1279931143.7391295,3458109793.3721523,79813647.29455121,4080205302.1098123,25861991798.44004,0,0,3
Z3,25,3, 4K,68152.0,0.001121,60795718.108831,68152000.0,1.883829,2,1.116232,16165754.145051,16165754.145051,1279931143.7391295,3458109793.3721523,79813647.29455121,4080205302.1098123,25861991798.44004,0,0,3
Z3,26,3, 4K,51256.0,0.001016,50448818.897638,51256000.0,1.883829,2,1.116232,14096374.302813,14096374.302813,1279931143.7391295,3458109793.3721523,79813647.29455121,4080205302.1098123,25861991798.44004,0,0,3
Z3,27,3, 4K,77296.0,0.001337,57813014.21092,77296000.0,1.883829,2,1.116232,15569213.365469,15569213.365469,1279931143.7391295,3458109793.3721523,79813647.29455121,4080205302.1098123,25861991798.44004,0,0,3
Z3,28,3, 4K,69656.0,0.001165,59790557.939914,69656000.0,1.883829,2,1.116232,15964722.111268,15964722.111268,1279931143.7391295,3458109793.3721523,79813647.29455121,4080205302.1098123,25861991798.44004,0,0,3
Z3,29,3, 4K,53752.0,0.001085,49541013.824885,53752000.0,1.883829,2,1.116232,13914813.288262,13914813.288262,1279931143.7391295,3458109793.3721523,79813647.29455121,4080205302.1098123,25861991798.44004,0,0,3
Z3,30,3, 4K,10280.0,0.000899,11434927.697442,10280000.0,1.883829,2,1.116232,6293596.062773,6293596.062773,1279931143.7391295,3458109793.3721523,79813647.29455121,4080205302.1098123,25861991798.44004,0,0,3
Z3,31,3, 4K,10280.0,0.000889,11563554.555681,10280000.0,1.883829,2,1.116232,6319321.434421,6319321.434421,1279931143.7391295,3458109793.3721523,79813647.29455121,4080205302.1098123,25861991798.44004,0,0,3
Z3,32,3, 4K,10280.0,0.000785,13095541.401274,10280000.0,1.883829,2,1.116232,6625718.80354,6625718.80354,1279931143.7391295,3458109793.3721523,79813647.29455121,4080205302.1098123,25861991798.44004,0,0,3
Z3,33,3, 4K,10280.0,0.000771,13333333.333333,10280000.0,1.883829,2,1.116232,6673277.189952,6673277.189952,1279931143.7391295,3458109793.3721523,79813647.29455121,4080205302.1098123,25861991798.44004,0,0,3
Z3,34,3, 4K,10280.0,0.000798,12882205.513784,10280000.0,1.883829,2,1.116232,6583051.626042,6583051.626042,1279931143.7391295,3458109793.3721523,79813647.29455121,4080205302.1098123,25861991798.44004,0,0,3
Z3,35,3, 4K,10280.0,0.000798,12882205.513784,10280000.0,1.883829,2,1.116232,6583051.626042,6583051.626042,1279931143.7391295,3458109793.3721523,79813647.29455121,4080205302.1098123,25861991798.44004,0,0,3
Z3,36,3, 4K,10288.0,0.000762,13501312.335958,10288000.0,1.883829,2,1.116232,6706872.990477,6706872.990477,1279931143.7391295,3458109793.3721523,79813647.29455121,4080205302.1098123,25861991798.44004,0,0,3
Z3,37,3, 4K,10280.0,0.000776,13247422.680412,10280000.0,1.883829,2,1.116232,6656095.059368,6656095.059368,1279931143.7391295,3458109793.3721523,79813647.29455121,4080205302.1098123,25861991798.44004,0,0,3
Z3,38,3, 4K,10280.0,0.000774,13281653.74677,10280000.0,1.883829,2,1.116232,6662941.272639,6662941.272639,1279931143.7391295,3458109793.3721523,79813647.29455121,4080205302.1098123,25861991798.44004,0,0,3
Z1,0,4, 4K,78920.0,0.021921,3600200.72077,3758088.0,1.754648,2,1.245413,7382981.416793,7382981.416793,1279931143.7391295,3458109793.3721523,79813647.29455121,4080205302.1098123,25861991798.44004,0,0,3
Z2,0,4, 4K,6624.0,0.228015,29050.720347,29048.0,1.754648,2,1.245413,6668751.416709,6668751.416709,1279931143.7391295,3458109793.3721523,79813647.29455121,4080205302.1098123,25861991798.44004,0,0,3
Z2,1,4, 4K,9856.0,0.00347,2840345.821326,3285328.0,1.754648,2,1.245413,7231010.436904,7231010.436904,1279931143.7391295,3458109793.3721523,79813647.29455121,4080205302.1098123,25861991798.44004,0,0,3
Z2,2,4, 4K,10000.0,0.00103,9708737.864078,10000000.0,1.754648,2,1.245413,8604688.845455,8604688.845455,1279931143.7391295,3458109793.3721523,79813647.29455121,4080205302.1098123,25861991798.44004,0,0,3
Z2,3,4, 4K,61192.0,0.001103,55477787.851315,61192000.0,1.754648,2,1.245413,17758498.842902,17758498.842902,1279931143.7391295,3458109793.3721523,79813647.29455121,4080205302.1098123,25861991798.44004,0,0,3
Z2,4,4, 4K,105968.0,0.00194,54622680.412371,105968000.0,1.754648,2,1.245413,17587477.355113,17587477.355113,1279931143.7391295,3458109793.3721523,79813647.29455121,4080205302.1098123,25861991798.44004,0,0,3
Z2,5,4, 4K,53008.0,0.001135,46703083.700441,53008000.0,1.754648,2,1.245413,16003558.012727,16003558.012727,1279931143.7391295,3458109793.3721523,79813647.29455121,4080205302.1098123,25861991798.44004,0,0,3
Z2,6,4, 4K,17976.0,0.001168,15390410.958904,17976000.0,1.754648,2,1.245413,9741023.46442,9741023.46442,1279931143.7391295,3458109793.3721523,79813647.29455121,4080205302.1098123,25861991798.44004,0,0,3
Z2,7,4, 4K,11688.0,0.001007,11606752.730884,11688000.0,1.754648,2,1.245413,8984291.818816,8984291.818816,1279931143.7391295,3458109793.3721523,79813647.29455121,4080205302.1098123,25861991798.44004,0,0,3
Z3,0,4, 4K,10160.0,0.023942,424358.867263,441736.0,1.754648,2,1.245413,6747813.046092,6747813.046092,1279931143.7391295,3458109793.3721523,79813647.29455121,4080205302.1098123,25861991798.44004,0,0,3
Z3,1,4, 4K,10112.0,0.00087,11622988.505747,10112000.0,1.754648,2,1.245413,8987538.973789,8987538.973789,1279931143.7391295,3458109793.3721523,79813647.29455121,4080205302.1098123,25861991798.44004,0,0,3
Z3,2,4, 4K,10000.0,0.000934,10706638.115632,10000000.0,1.754648,2,1.245413,8804268.895765,8804268.895765,1279931143.7391295,3458109793.3721523,79813647.29455121,4080205302.1098123,25861991798.44004,0,0,3
Z3,3,4, 4K,10000.0,0.000958,10438413.361169,10000000.0,1.754648,2,1.245413,8750623.944873,8750623.944873,1279931143.7391295,3458109793.3721523,79813647.29455121,4080205302.1098123,25861991798.44004,0,0,3
Z3,4,4, 4K,10000.0,0.000999,10010010.01001,10000000.0,1.754648,2,1.245413,8664943.274641,8664943.274641,1279931143.7391295,3458109793.3721523,79813647.29455121,4080205302.1098123,25861991798.44004,0,0,3
Z3,5,4, 4K,10000.0,0.000862,11600928.074246,10000000.0,1.754648,2,1.245413,8983126.887488,8983126.887488,1279931143.7391295,3458109793.3721523,79813647.29455121,4080205302.1098123,25861991798.44004,0,0,3
Z3,6,4, 4K,10400.0,0.000918,11328976.034858,10400000.0,1.754648,2,1.245413,8928736.479611,8928736.479611,1279931143.7391295,3458109793.3721523,79813647.29455121,4080205302.1098123,25861991798.44004,0,0,3
Z3,7,4, 4K,10000.0,0.000957,10449320.794148,10000000.0,1.754648,2,1.245413,8752805.431469,8752805.431469,1279931143.7391295,3458109793.3721523,79813647.29455121,4080205302.1098123,25861991798.44004,0,0,3
Z3,8,4, 4K,10000.0,0.000979,10214504.596527,10000000.0,1.754648,2,1.245413,8705842.191945,8705842.191945,1279931143.7391295,3458109793.3721523,79813647.29455121,4080205302.1098123,25861991798.44004,0,0,3
Z3,9,4, 4K,10016.0,0.000905,11067403.314917,10016000.0,1.754648,2,1.245413,8876421.935623,8876421.935623,1279931143.7391295,3458109793.3721523,79813647.29455121,4080205302.1098123,25861991798.44004,0,0,3
Z3,10,4, 4K,69528.0,0.001191,58377833.753149,69528000.0,1.754648,2,1.245413,18338508.023269,18338508.023269,1279931143.7391295,3458109793.3721523,79813647.29455121,4080205302.1098123,25861991798.44004,0,0,3
Z3,11,4, 4K,50216.0,0.000981,51188583.078491,50216000.0,1.754648,2,1.245413,16900657.888337,16900657.888337,1279931143.7391295,3458109793.3721523,79813647.29455121,4080205302.1098123,25861991798.44004,0,0,3
Z3,12,4, 4K,53360.0,0.001181,45182049.110923,53360000.0,1.754648,2,1.245413,15699351.094824,15699351.094824,1279931143.7391295,3458109793.3721523,79813647.29455121,4080205302.1098123,25861991798.44004,0,0,3
Z3,13,4, 4K,45608.0,0.00117,38981196.581197,45608000.0,1.754648,2,1.245413,14459180.588878,14459180.588878,1279931143.7391295,3458109793.3721523,79813647.29455121,4080205302.1098123,25861991798.44004,0,0,3
Z3,14,4, 4K,88024.0,0.00132,66684848.484848,88024000.0,1.754648,2,1.245413,19999910.969609,19999910.969609,1279931143.7391295,3458109793.3721523,79813647.29455121,4080205302.1098123,25861991798.44004,0,0,3
Z3,15,4, 4K,65880.0,0.001242,53043478.26087,65880000.0,1.754648,2,1.245413,17271636.924813,17271636.924813,1279931143.7391295,3458109793.3721523,79813647.29455121,4080205302.1098123,25861991798.44004,0,0,3
Z3,16,4, 4K,81544.0,0.016739,4871497.699982,5096496.0,1.754648,2,1.245413,7637240.812636,7637240.812636,1279931143.7391295,3458109793.3721523,79813647.29455121,4080205302.1098123,25861991798.44004,0,0,3
Z3,17,4, 4K,79088.0,0.001857,42589122.240172,79088000.0,1.754648,2,1.245413,15180765.720674,15180765.720674,1279931143.7391295,3458109793.3721523,79813647.29455121,4080205302.1098123,25861991798.44004,0,0,3
Z3,18,4, 4K,60616.0,0.001223,49563368.765331,60616000.0,1.754648,2,1.245413,16575615.025705,16575615.025705,1279931143.7391295,3458109793.3721523,79813647.29455121,4080205302.1098123,25861991798.44004,0,0,3
Z3,19,4, 4K,55928.0,0.001213,46107172.300082,55928000.0,1.754648,2,1.245413,15884375.732656,15884375.732656,1279931143.7391295,3458109793.3721523,79813647.29455121,4080205302.1098123,25861991798.44004,0,0,3
Z3,20,4, 4K,60512.0,0.00118,51281355.932203,60512000.0,1.754648,2,1.245413,16919212.45908,16919212.45908,1279931143.7391295,3458109793.3721523,79813647.29455121,4080205302.1098123,25861991798.44004,0,0,3
Z3,21,4, 4K,116408.0,0.001909,60978522.786799,116408000.0,1.754648,2,1.245413,18858645.829999,18858645.829999,1279931143.7391295,3458109793.3721523,79813647.29455121,4080205302.1098123,25861991798.44004,0,0,3
Z3,22,4, 4K,104248.0,0.002087,49951126.018208,52124000.0,1.754648,2,1.245413,16653166.476281,16653166.476281,1279931143.7391295,3458109793.3721523,79813647.29455121,4080205302.1098123,25861991798.44004,0,0,3
Z3,23,4, 4K,138368.0,0.0024,57653333.333333,69184000.0,1.754648,2,1.245413,18193607.939306,18193607.939306,1279931143.7391295,3458109793.3721523,79813647.29455121,4080205302.1098123,25861991798.44004,0,0,3
Z3,24,4, 4K,139408.0,0.002542,54841856.805665,69704000.0,1.754648,2,1.245413,17631312.633772,17631312.633772,1279931143.7391295,3458109793.3721523,79813647.29455121,4080205302.1098123,25861991798.44004,0,0,3
Z3,25,4, 4K,141032.0,0.00198,71228282.828283,141032000.0,1.754648,2,1.245413,20908597.838296,20908597.838296,1279931143.7391295,3458109793.3721523,79813647.29455121,4080205302.1098123,25861991798.44004,0,0,3
Z3,26,4, 4K,125672.0,0.002022,62152324.431256,62836000.0,1.754648,2,1.245413,19093406.15889,19093406.15889,1279931143.7391295,3458109793.3721523,79813647.29455121,4080205302.1098123,25861991798.44004,0,0,3
Z3,27,4, 4K,147320.0,0.002082,70758885.68684,73660000.0,1.754648,2,1.245413,20814718.410007,20814718.410007,1279931143.7391295,3458109793.3721523,79813647.29455121,4080205302.1098123,25861991798.44004,0,0,3
Z3,28,4, 4K,120984.0,0.002008,60250996.015936,60492000.0,1.754648,2,1.245413,18713140.475826,18713140.475826,1279931143.7391295,3458109793.3721523,79813647.29455121,4080205302.1098123,25861991798.44004,0,0,3
Z3,29,4, 4K,87456.0,0.001839,47556280.587276,87456000.0,1.754648,2,1.245413,16174197.390094,16174197.390094,1279931143.7391295,3458109793.3721523,79813647.29455121,4080205302.1098123,25861991798.44004,0,0,3
Z3,30,4, 4K,19872.0,0.000948,20962025.316456,19872000.0,1.754648,2,1.245413,10855346.33593,10855346.33593,1279931143.7391295,3458109793.3721523,79813647.29455121,4080205302.1098123,25861991798.44004,0,0,3
Z3,31,4, 4K,17320.0,0.001397,12397995.705082,17320000.0,1.754648,2,1.245413,9142540.413656,9142540.413656,1279931143.7391295,3458109793.3721523,79813647.29455121,4080205302.1098123,25861991798.44004,0,0,3
Z3,32,4, 4K,20880.0,0.001077,19387186.629526,20880000.0,1.754648,2,1.245413,10540378.598544,10540378.598544,1279931143.7391295,3458109793.3721523,79813647.29455121,4080205302.1098123,25861991798.44004,0,0,3
Z3,33,4, 4K,18648.0,0.000994,18760563.380282,18648000.0,1.754648,2,1.245413,10415053.948695,10415053.948695,1279931143.7391295,3458109793.3721523,79813647.29455121,4080205302.1098123,25861991798.44004,0,0,3
Z3,34,4, 4K,15368.0,0.001023,15022482.893451,15368000.0,1.754648,2,1.245413,9667437.851329,9667437.851329,1279931143.7391295,3458109793.3721523,79813647.29455121,4080205302.1098123,25861991798.44004,0,0,3
Z3,35,4, 4K,17240.0,0.001018,16935166.994106,17240000.0,1.754648,2,1.245413,10049974.67146,10049974.67146,1279931143.7391295,3458109793.3721523,79813647.29455121,4080205302.1098123,25861991798.44004,0,0,3
Z3,36,4, 4K,34944.0,0.001006,34735586.481113,34944000.0,1.754648,2,1.245413,13610058.568862,13610058.568862,1279931143.7391295,3458109793.3721523,79813647.29455121,4080205302.1098123,25861991798.44004,0,0,3
Z3,37,4, 4K,16344.0,0.001002,16311377.245509,16344000.0,1.754648,2,1.245413,9925216.721741,9925216.721741,1279931143.7391295,3458109793.3721523,79813647.29455121,4080205302.1098123,25861991798.44004,0,0,3
Z3,38,4, 4K,11896.0,0.000836,14229665.07177,11896000.0,1.754648,2,1.245413,9508874.286993,9508874.286993,1279931143.7391295,3458109793.3721523,79813647.29455121,4080205302.1098123,25861991798.44004,0,0,3
Z1,0,5, 4K,59096.0,0.021624,2732889.382168,2814088.0,1.398112,2,2.601949,10055452.163427,10055452.163427,1279931143.7391295,3458109793.3721523,79813647.29455121,4080205302.1098123,25861991798.44004,0,0,3
Z2,0,5, 4K,14200.0,0.022155,640938.839991,645448.0,1.398112,2,2.601949,9637062.054991,9637062.054991,1279931143.7391295,3458109793.3721523,79813647.29455121,4080205302.1098123,25861991798.44004,0,0,3
Z2,1,5, 4K,67288.0,0.001003,67086739.780658,67288000.0,1.398112,2,2.601949,22926222.243125,22926222.243125,1279931143.7391295,3458109793.3721523,79813647.29455121,4080205302.1098123,25861991798.44004,0,0,3
Z2,2,5, 4K,54872.0,0.001114,49256732.495512,54872000.0,1.398112,2,2.601949,19360220.786096,19360220.786096,1279931143.7391295,3458109793.3721523,79813647.29455121,4080205302.1098123,25861991798.44004,0,0,3
Z2,3,5, 4K,117640.0,0.002249,52307692.307692,58820000.0,1.398112,2,2.601949,19970412.748532,19970412.748532,1279931143.7391295,3458109793.3721523,79813647.29455121,4080205302.1098123,25861991798.44004,0,0,3
Z2,4,5, 4K,68288.0,0.001092,62534798.534799,68288000.0,1.398112,2,2.601949,22015833.993953,22015833.993953,1279931143.7391295,3458109793.3721523,79813647.29455121,4080205302.1098123,25861991798.44004,0,0,3
Z2,5,5, 4K,86352.0,0.001268,68100946.37224,86352000.0,1.398112,2,2.601949,23129063.561441,23129063.561441,1279931143.7391295,3458109793.3721523,79813647.29455121,4080205302.1098123,25861991798.44004,0,0,3
Z2,6,5, 4K,47432.0,0.001185,40027004.219409,47432000.0,1.398112,2,2.601949,17514275.130875,17514275.130875,1279931143.7391295,3458109793.3721523,79813647.29455121,4080205302.1098123,25861991798.44004,0,0,3
Z2,7,5, 4K,40216.0,0.001073,37479962.721342,40216000.0,1.398112,2,2.601949,17004866.831262,17004866.831262,1279931143.7391295,3458109793.3721523,79813647.29455121,4080205302.1098123,25861991798.44004,0,0,3
Z3,0,5, 4K,6624.0,0.023819,278097.317268,288000.0,1.398112,2,2.601949,9564493.750447,9564493.750447,1279931143.7391295,3458109793.3721523,79813647.29455121,4080205302.1098123,25861991798.44004,0,0,3
Z3,1,5, 4K,15440.0,0.000926,16673866.090713,15440000.0,1.398112,2,2.601949,12843647.505136,12843647.505136,1279931143.7391295,3458109793.3721523,79813647.29455121,4080205302.1098123,25861991798.44004,0,0,3
Z3,2,5, 4K,16504.0,0.000858,19235431.235431,16504000.0,1.398112,2,2.601949,13355960.534079,13355960.534079,1279931143.7391295,3458109793.3721523,79813647.29455121,4080205302.1098123,25861991798.44004,0,0,3
Z3,3,5, 4K,16120.0,0.000897,17971014.492754,16120000.0,1.398112,2,2.601949,13103077.185544,13103077.185544,1279931143.7391295,3458109793.3721523,79813647.29455121,4080205302.1098123,25861991798.44004,0,0,3
Z3,4,5, 4K,15008.0,0.000895,16768715.083799,15008000.0,1.398112,2,2.601949,12862617.303753,12862617.303753,1279931143.7391295,3458109793.3721523,79813647.29455121,4080205302.1098123,25861991798.44004,0,0,3
Z3,5,5, 4K,15032.0,0.000832,18067307.692308,15032000.0,1.398112,2,2.601949,13122335.825455,13122335.825455,1279931143.7391295,3458109793.3721523,79813647.29455121,4080205302.1098123,25861991798.44004,0,0,3
Z3,6,5, 4K,12928.0,0.000836,15464114.832536,12928000.0,1.398112,2,2.601949,12601697.2535,12601697.2535,1279931143.7391295,3458109793.3721523,79813647.29455121,4080205302.1098123,25861991798.44004,0,0,3
Z3,7,5, 4K,13640.0,0.000905,15071823.20442,13640000.0,1.398112,2,2.601949,12523238.927877,12523238.927877,1279931143.7391295,3458109793.3721523,79813647.29455121,4080205302.1098123,25861991798.44004,0,0,3
Z3,8,5, 4K,14648.0,0.000881,16626560.726447,14648000.0,1.398112,2,2.601949,12834186.432283,12834186.432283,1279931143.7391295,3458109793.3721523,79813647.29455121,4080205302.1098123,25861991798.44004,0,0,3
Z3,9,5, 4K,15008.0,0.000933,16085744.908896,15008000.0,1.398112,2,2.601949,12726023.268772,12726023.268772,1279931143.7391295,3458109793.3721523,79813647.29455121,4080205302.1098123,25861991798.44004,0,0,3
Z3,10,5, 4K,14312.0,0.000688,20802325.581395,14312000.0,1.398112,2,2.601949,13669339.403272,13669339.403272,1279931143.7391295,3458109793.3721523,79813647.29455121,4080205302.1098123,25861991798.44004,0,0,3
Z3,11,5, 4K,14656.0,0.000989,14819009.100101,14656000.0,1.398112,2,2.601949,12472676.107013,12472676.107013,1279931143.7391295,3458109793.3721523,79813647.29455121,4080205302.1098123,25861991798.44004,0,0,3
Z3,12,5, 4K,52536.0,0.0012,43780000.0,52536000.0,1.398112,2,2.601949,18264874.286993,18264874.286993,1279931143.7391295,3458109793.3721523,79813647.29455121,4080205302.1098123,25861991798.44004,0,0,3
Z3,13,5, 4K,52032.0,0.001386,37541125.541126,52032000.0,1.398112,2,2.601949,17017099.395218,17017099.395218,1279931143.7391295,3458109793.3721523,79813647.29455121,4080205302.1098123,25861991798.44004,0,0,3
Z3,14,5, 4K,44632.0,0.001006,44365805.168986,44632000.0,1.398112,2,2.601949,18382035.32079,18382035.32079,1279931143.7391295,3458109793.3721523,79813647.29455121,4080205302.1098123,25861991798.44004,0,0,3
Z3,15,5, 4K,76304.0,0.001209,63113316.790736,76304000.0,1.398112,2,2.601949,22131537.64514,22131537.64514,1279931143.7391295,3458109793.3721523,79813647.29455121,4080205302.1098123,25861991798.44004,0,0,3
Z3,16,5, 4K,71856.0,0.001402,51252496.433666,71856000.0,1.398112,2,2.601949,19759373.573726,19759373.573726,1279931143.7391295,3458109793.3721523,79813647.29455121,4080205302.1098123,25861991798.44004,0,0,3
Z3,17,5, 4K,82648.0,0.001339,61723674.383869,82648000.0,1.398112,2,2.601949,21853609.163767,21853609.163767,1279931143.7391295,3458109793.3721523,79813647.29455121,4080205302.1098123,25861991798.44004,0,0,3
Z3,18,5, 4K,76072.0,0.001339,56812546.676624,76072000.0,1.398112,2,2.601949,20871383.622318,20871383.622318,1279931143.7391295,3458109793.3721523,79813647.29455121,4080205302.1098123,25861991798.44004,0,0,3
Z3,19,5, 4K,59304.0,0.224738,263880.607641,264744.0,1.398112,2,2.601949,9561650.408521,9561650.408521,1279931143.7391295,3458109793.3721523,79813647.29455121,4080205302.1098123,25861991798.44004,0,0,3
Z3,20,5, 4K,43064.0,0.00175,24608000.0,43064000.0,1.398112,2,2.601949,14430474.286993,14430474.286993,1279931143.7391295,3458109793.3721523,79813647.29455121,4080205302.1098123,25861991798.44004,0,0,3
Z3,21,5, 4K,135784.0,0.002096,64782442.748092,67892000.0,1.398112,2,2.601949,22465362.836611,22465362.836611,1279931143.7391295,3458109793.3721523,79813647.29455121,4080205302.1098123,25861991798.44004,0,0,3
Z3,22,5, 4K,118304.0,0.002024,58450592.885375,59152000.0,1.398112,2,2.601949,21198992.864068,21198992.864068,1279931143.7391295,3458109793.3721523,79813647.29455121,4080205302.1098123,25861991798.44004,0,0,3
Z3,23,5, 4K,147040.0,0.002091,70320420.851267,73520000.0,1.398112,2,2.601949,23572958.457247,23572958.457247,1279931143.7391295,3458109793.3721523,79813647.29455121,4080205302.1098123,25861991798.44004,0,0,3
Z3,24,5, 4K,179520.0,0.002424,74059405.940594,89760000.0,1.398112,2,2.601949,24320755.475112,24320755.475112,1279931143.7391295,3458109793.3721523,79813647.29455121,4080205302.1098123,25861991798.44004,0,0,3
Z3,25,5, 4K,172688.0,0.00198,87216161.616162,172688000.0,1.398112,2,2.601949,26952106.610225,26952106.610225,1279931143.7391295,3458109793.3721523,79813647.29455121,4080205302.1098123,25861991798.44004,0,0,3
Z3,26,5, 4K,145128.0,0.002026,71632773.938796,72564000.0,1.398112,2,2.601949,23835429.074752,23835429.074752,1279931143.7391295,3458109793.3721523,79813647.29455121,4080205302.1098123,25861991798.44004,0,0,3
Z3,27,5, 4K,179592.0,0.002044,87863013.69863,89796000.0,1.398112,2,2.601949,27081477.026719,27081477.026719,1279931143.7391295,3458109793.3721523,79813647.29455121,4080205302.1098123,25861991798.44004,0,0,3
Z3,28,5, 4K,140720.0,0.001681,83712076.145152,140720000.0,1.398112,2,2.601949,26251289.516024,26251289.516024,1279931143.7391295,3458109793.3721523,79813647.29455121,4080205302.1098123,25861991798.44004,0,0,3
Z3,29,5, 4K,83928.0,0.001191,70468513.853904,83928000.0,1.398112,2,2.601949,23602577.057774,23602577.057774,1279931143.7391295,3458109793.3721523,79813647.29455121,4080205302.1098123,25861991798.44004,0,0,3
Z3,30,5, 4K,82192.0,0.001406,58458036.984353,82192000.0,1.398112,2,2.601949,21200481.683864,21200481.683864,1279931143.7391295,3458109793.3721523,79813647.29455121,4080205302.1098123,25861991798.44004,0,0,3
Z3,31,5, 4K,68504.0,0.001173,58400682.011935,68504000.0,1.398112,2,2.601949,21189010.68938,21189010.68938,1279931143.7391295,3458109793.3721523,79813647.29455121,4080205302.1098123,25861991798.44004,0,0,3
Z3,32,5, 4K,53776.0,0.00108,49792592.592593,53776000.0,1.398112,2,2.601949,19467392.805512,19467392.805512,1279931143.7391295,3458109793.3721523,79813647.29455121,4080205302.1098123,25861991798.44004,0,0,3
Z3,33,5, 4K,72968.0,0.001168,62472602.739726,72968000.0,1.398112,2,2.601949,22003394.834938,22003394.834938,1279931143.7391295,3458109793.3721523,79813647.29455121,4080205302.1098123,25861991798.44004,0,0,3
Z3,34,5, 4K,78200.0,0.001345,58141263.94052,78200000.0,1.398112,2,2.601949,21137127.075097,21137127.075097,1279931143.7391295,3458109793.3721523,79813647.29455121,4080205302.1098123,25861991798.44004,0,0,3
Z3,35,5, 4K,63936.0,0.266197,240183.022348,240360.0,1.398112,2,2.601949,9556910.891463,9556910.891463,1279931143.7391295,3458109793.3721523,79813647.29455121,4080205302.1098123,25861991798.44004,0,0,3
Z3,36,5, 4K,86888.0,0.002946,29493550.577054,43444000.0,1.398112,2,2.601949,15407584.402404,15407584.402404,1279931143.7391295,3458109793.3721523,79813647.29455121,4080205302.1098123,25861991798.44004,0,0,3
Z3,37,5, 4K,53856.0,0.002132,25260787.992495,26928000.0,1.398112,2,2.601949,14561031.885492,14561031.885492,1279931143.7391295,3458109793.3721523,79813647.29455121,4080205302.1098123,25861991798.44004,0,0,3
Z3,38,5, 4K,42888.0,0.001613,26588964.66212,42888000.0,1.398112,2,2.601949,14826667.219417,14826667.219417,1279931143.7391295,3458109793.3721523,79813647.29455121,4080205302.1098123,25861991798.44004,0,0,3
Z1,0,6, 4K,44392.0,0.021421,2072358.900145,2113904.0,1.773944,2,3.226117,13726649.688282,13726649.688282,1279931143.7391295,3458109793.3721523,79813647.29455121,4080205302.1098123,25861991798.44004,0,0,3
Z2,0,6, 4K,6624.0,0.022427,295358.27351,301088.0,1.773944,2,3.226117,13371249.562955,13371249.562955,1279931143.7391295,3458109793.3721523,79813647.29455121,4080205302.1098123,25861991798.44004,0,0,3
Z2,1,6, 4K,12000.0,0.000917,13086150.490731,12000000.0,1.773944,2,3.226117,15929408.006399,15929408.006399,1279931143.7391295,3458109793.3721523,79813647.29455121,4080205302.1098123,25861991798.44004,0,0,3
Z2,2,6, 4K,11456.0,0.000838,13670644.391408,11456000.0,1.773944,2,3.226117,16046306.786535,16046306.786535,1279931143.7391295,3458109793.3721523,79813647.29455121,4080205302.1098123,25861991798.44004,0,0,3
Z2,3,6, 4K,32384.0,0.000872,37137614.678899,32384000.0,1.773944,2,3.226117,20739700.844033,20739700.844033,1279931143.7391295,3458109793.3721523,79813647.29455121,4080205302.1098123,25861991798.44004,0,0,3
Z2,4,6, 4K,89424.0,0.00119,75146218.487395,89424000.0,1.773944,2,3.226117,28341421.605732,28341421.605732,1279931143.7391295,3458109793.3721523,79813647.29455121,4080205302.1098123,25861991798.44004,0,0,3
Z2,5,6, 4K,37976.0,0.001064,35691729.323308,37976000.0,1.773944,2,3.226117,20450523.772915,20450523.772915,1279931143.7391295,3458109793.3721523,79813647.29455121,4080205302.1098123,25861991798.44004,0,0,3
Z2,6,6, 4K,23176.0,0.001048,22114503.816794,23176000.0,1.773944,2,3.226117,17735078.671612,17735078.671612,1279931143.7391295,3458109793.3721523,79813647.29455121,4080205302.1098123,25861991798.44004,0,0,3
Z2,7,6, 4K,20712.0,0.000982,21091649.694501,20712000.0,1.773944,2,3.226117,17530507.847154,17530507.847154,1279931143.7391295,3458109793.3721523,79813647.29455121,4080205302.1098123,25861991798.44004,0,0,3
Z3,0,6, 4K,12312.0,0.024587,500752.430146,513000.0,1.773944,2,3.226117,13412328.394283,13412328.394283,1279931143.7391295,3458109793.3721523,79813647.29455121,4080205302.1098123,25861991798.44004,0,0,3
Z3,1,6, 4K,11800.0,0.001016,11614173.228346,11800000.0,1.773944,2,3.226117,15635012.553923,15635012.553923,1279931143.7391295,3458109793.3721523,79813647.29455121,4080205302.1098123,25861991798.44004,0,0,3
Z3,2,6, 4K,11672.0,0.000874,13354691.075515,11672000.0,1.773944,2,3.226117,15983116.123356,15983116.123356,1279931143.7391295,3458109793.3721523,79813647.29455121,4080205302.1098123,25861991798.44004,0,0,3
Z3,3,6, 4K,11856.0,0.000849,13964664.310954,11856000.0,1.773944,2,3.226117,16105110.770444,16105110.770444,1279931143.7391295,3458109793.3721523,79813647.29455121,4080205302.1098123,25861991798.44004,0,0,3
Z3,4,6, 4K,11392.0,0.000863,13200463.499421,11392000.0,1.773944,2,3.226117,15952270.608137,15952270.608137,1279931143.7391295,3458109793.3721523,79813647.29455121,4080205302.1098123,25861991798.44004,0,0,3
Z3,5,6, 4K,11608.0,0.000917,12658669.5747,11608000.0,1.773944,2,3.226117,15843911.823193,15843911.823193,1279931143.7391295,3458109793.3721523,79813647.29455121,4080205302.1098123,25861991798.44004,0,0,3
Z3,6,6, 4K,11808.0,0.00082,14400000.0,11808000.0,1.773944,2,3.226117,16192177.908253,16192177.908253,1279931143.7391295,3458109793.3721523,79813647.29455121,4080205302.1098123,25861991798.44004,0,0,3
Z3,7,6, 4K,11616.0,0.000805,14429813.664596,11616000.0,1.773944,2,3.226117,16198140.641173,16198140.641173,1279931143.7391295,3458109793.3721523,79813647.29455121,4080205302.1098123,25861991798.44004,0,0,3
Z3,8,6, 4K,11320.0,0.000826,13704600.484262,11320000.0,1.773944,2,3.226117,16053098.005106,16053098.005106,1279931143.7391295,3458109793.3721523,79813647.29455121,4080205302.1098123,25861991798.44004,0,0,3
Z3,9,6, 4K,11672.0,0.000806,14481389.578164,11672000.0,1.773944,2,3.226117,16208455.823886,16208455.823886,1279931143.7391295,3458109793.3721523,79813647.29455121,4080205302.1098123,25861991798.44004,0,0,3
Z3,10,6, 4K,36784.0,0.000987,37268490.374873,36784000.0,1.773944,2,3.226117,20765875.983228,20765875.983228,1279931143.7391295,3458109793.3721523,79813647.29455121,4080205302.1098123,25861991798.44004,0,0,3
Z3,11,6, 4K,30472.0,0.000962,31675675.675676,30472000.0,1.773944,2,3.226117,19647313.043388,19647313.043388,1279931143.7391295,3458109793.3721523,79813647.29455121,4080205302.1098123,25861991798.44004,0,0,3
Z3,12,6, 4K,27608.0,0.00097,28461855.670103,27608000.0,1.773944,2,3.226117,19004549.042274,19004549.042274,1279931143.7391295,3458109793.3721523,79813647.29455121,4080205302.1098123,25861991798.44004,0,0,3
Z3,13,6, 4K,24088.0,0.000948,25409282.700422,24088000.0,1.773944,2,3.226117,18394034.448338,18394034.448338,1279931143.7391295,3458109793.3721523,79813647.29455121,4080205302.1098123,25861991798.44004,0,0,3
Z3,14,6, 4K,38328.0,0.001045,36677511.961722,38328000.0,1.773944,2,3.226117,20647680.300598,20647680.300598,1279931143.7391295,3458109793.3721523,79813647.29455121,4080205302.1098123,25861991798.44004,0,0,3
Z3,15,6, 4K,32072.0,0.000965,33235233.160622,32072000.0,1.773944,2,3.226117,19959224.540378,19959224.540378,1279931143.7391295,3458109793.3721523,79813647.29455121,4080205302.1098123,25861991798.44004,0,0,3
Z3,16,6, 4K,42136.0,0.000871,48376578.645235,42136000.0,1.773944,2,3.226117,22987493.6373,22987493.6373,1279931143.7391295,3458109793.3721523,79813647.29455121,4080205302.1098123,25861991798.44004,0,0,3
Z3,17,6, 4K,36072.0,0.000933,38662379.421222,36072000.0,1.773944,2,3.226117,21044653.792498,21044653.792498,1279931143.7391295,3458109793.3721523,79813647.29455121,4080205302.1098123,25861991798.44004,0,0,3
Z3,18,6, 4K,27192.0,0.000904,30079646.017699,27192000.0,1.773944,2,3.226117,19328107.111793,19328107.111793,1279931143.7391295,3458109793.3721523,79813647.29455121,4080205302.1098123,25861991798.44004,0,0,3
Z3,19,6, 4K,23688.0,0.020265,1168911.917098,1184400.0,1.773944,2,3.226117,13545960.291673,13545960.291673,1279931143.7391295,3458109793.3721523,79813647.29455121,4080205302.1098123,25861991798.44004,0,0,3
Z3,20,6, 4K,30448.0,0.00442,6888687.782805,7612000.0,1.773944,2,3.226117,14689915.464814,14689915.464814,1279931143.7391295,3458109793.3721523,79813647.29455121,4080205302.1098123,25861991798.44004,0,0,3
Z3,21,6, 4K,86000.0,0.001901,45239347.711731,86000000.0,1.773944,2,3.226117,22360047.450599,22360047.450599,1279931143.7391295,3458109793.3721523,79813647.29455121,4080205302.1098123,25861991798.44004,0,0,3
Z3,22,6, 4K,62728.0,0.017299,3626105.555234,3689880.0,1.773944,2,3.226117,14037399.0193,14037399.0193,1279931143.7391295,3458109793.3721523,79813647.29455121,4080205302.1098123,25861991798.44004,0,0,3
Z3,23,6, 4K,65864.0,0.005352,12306427.503737,13172800.0,1.773944,2,3.226117,15773463.409001,15773463.409001,1279931143.7391295,3458109793.3721523,79813647.29455121,4080205302.1098123,25861991798.44004,0,0,3
Z3,24,6, 4K,82512.0,0.00183,45088524.590164,82512000.0,1.773944,2,3.226117,22329882.826286,22329882.826286,1279931143.7391295,3458109793.3721523,79813647.29455121,4080205302.1098123,25861991798.44004,0,0,3
Z3,25,6, 4K,102240.0,0.002041,50093091.621754,51120000.0,1.773944,2,3.226117,23330796.232604,23330796.232604,1279931143.7391295,3458109793.3721523,79813647.29455121,4080205302.1098123,25861991798.44004,0,0,3
Z3,26,6, 4K,69304.0,0.00138,50220289.855072,69304000.0,1.773944,2,3.226117,23356235.879268,23356235.879268,1279931143.7391295,3458109793.3721523,79813647.29455121,4080205302.1098123,25861991798.44004,0,0,3
Z3,27,6, 4K,73800.0,0.001316,56079027.355623,73800000.0,1.773944,2,3.226117,24527983.379378,24527983.379378,1279931143.7391295,3458109793.3721523,79813647.29455121,4080205302.1098123,25861991798.44004,0,0,3
Z3,28,6, 4K,59424.0,0.001124,52868327.402135,59424000.0,1.773944,2,3.226117,23885843.38868,23885843.38868,1279931143.7391295,3458109793.3721523,79813647.29455121,4080205302.1098123,25861991798.44004,0,0,3
Z3,29,6, 4K,38896.0,0.001028,37836575.875486,38896000.0,1.773944,2,3.226117,20879493.083351,20879493.083351,1279931143.7391295,3458109793.3721523,79813647.29455121,4080205302.1098123,25861991798.44004,0,0,3
Z3,30,6, 4K,30224.0,0.001025,29486829.268293,30224000.0,1.773944,2,3.226117,19209543.761912,19209543.761912,1279931143.7391295,3458109793.3721523,79813647.29455121,4080205302.1098123,25861991798.44004,0,0,3
Z3,31,6, 4K,34568.0,0.001021,33857002.938296,34568000.0,1.773944,2,3.226117,20083578.495912,20083578.495912,1279931143.7391295,3458109793.3721523,79813647.29455121,4080205302.1098123,25861991798.44004,0,0,3
Z3,32,6, 4K,62896.0,0.001119,56207327.971403,62896000.0,1.773944,2,3.226117,24553643.502534,24553643.502534,1279931143.7391295,3458109793.3721523,79813647.29455121,4080205302.1098123,25861991798.44004,0,0,3
Z3,33,6, 4K,50288.0,0.001015,49544827.586207,50288000.0,1.773944,2,3.226117,23221143.425495,23221143.425495,1279931143.7391295,3458109793.3721523,79813647.29455121,4080205302.1098123,25861991798.44004,0,0,3
Z3,34,6, 4K,37280.0,0.00102,36549019.607843,37280000.0,1.773944,2,3.226117,20621981.829822,20621981.829822,1279931143.7391295,3458109793.3721523,79813647.29455121,4080205302.1098123,25861991798.44004,0,0,3
Z3,35,6, 4K,26840.0,0.001012,26521739.130435,26840000.0,1.773944,2,3.226117,18616525.73434,18616525.73434,1279931143.7391295,3458109793.3721523,79813647.29455121,4080205302.1098123,25861991798.44004,0,0,3
Z3,36,6, 4K,30408.0,0.000982,30965376.782077,30408000.0,1.773944,2,3.226117,19505253.264669,19505253.264669,1279931143.7391295,3458109793.3721523,79813647.29455121,4080205302.1098123,25861991798.44004,0,0,3
Z3,37,6, 4K,24136.0,0.000962,25089397.089397,24136000.0,1.773944,2,3.226117,18330057.326133,18330057.326133,1279931143.7391295,3458109793.3721523,79813647.29455121,4080205302.1098123,25861991798.44004,0,0,3
Z3,38,6, 4K,21376.0,0.000874,24457665.90389,21376000.0,1.773944,2,3.226117,18203711.089031,18203711.089031,1279931143.7391295,3458109793.3721523,79813647.29455121,4080205302.1098123,25861991798.44004,0,0,3
Z1,0,7, 4K,11888.0,0.021522,552365.021838,566088.0,1.609441,2,3.39062,15822062.881278,15822062.881278,1279931143.7391295,3458109793.3721523,79813647.29455121,4080205302.1098123,25861991798.44004,0,0,3
Z2,0,7, 4K,6624.0,0.022968,288401.253918,301088.0,1.609441,2,3.39062,15769270.127694,15769270.127694,1279931143.7391295,3458109793.3721523,79813647.29455121,4080205302.1098123,25861991798.44004,0,0,3
Z2,1,7, 4K,12288.0,0.000969,12681114.551084,12288000.0,1.609441,2,3.39062,18247812.787127,18247812.787127,1279931143.7391295,3458109793.3721523,79813647.29455121,4080205302.1098123,25861991798.44004,0,0,3
Z2,2,7, 4K,11528.0,0.000993,11609264.853978,11528000.0,1.609441,2,3.39062,18033442.847706,18033442.847706,1279931143.7391295,3458109793.3721523,79813647.29455121,4080205302.1098123,25861991798.44004,0,0,3
Z2,3,7, 4K,40440.0,0.001078,37513914.656772,40440000.0,1.609441,2,3.39062,23214372.808265,23214372.808265,1279931143.7391295,3458109793.3721523,79813647.29455121,4080205302.1098123,25861991798.44004,0,0,3
Z2,4,7, 4K,30824.0,0.001129,27302037.201063,30824000.0,1.609441,2,3.39062,21171997.317123,21171997.317123,1279931143.7391295,3458109793.3721523,79813647.29455121,4080205302.1098123,25861991798.44004,0,0,3
Z2,5,7, 4K,33008.0,0.001275,25888627.45098,33008000.0,1.609441,2,3.39062,20889315.367106,20889315.367106,1279931143.7391295,3458109793.3721523,79813647.29455121,4080205302.1098123,25861991798.44004,0,0,3
Z2,6,7, 4K,76304.0,0.001333,57242310.577644,76304000.0,1.609441,2,3.39062,27160051.992439,27160051.992439,1279931143.7391295,3458109793.3721523,79813647.29455121,4080205302.1098123,25861991798.44004,0,0,3
Z2,7,7, 4K,40368.0,0.017525,2303452.211127,2374584.0,1.609441,2,3.39062,16172280.319136,16172280.319136,1279931143.7391295,3458109793.3721523,79813647.29455121,4080205302.1098123,25861991798.44004,0,0,3
Z3,0,7, 4K,12288.0,0.026785,458764.233713,472608.0,1.609441,2,3.39062,15803342.723653,15803342.723653,1279931143.7391295,3458109793.3721523,79813647.29455121,4080205302.1098123,25861991798.44004,0,0,3
Z3,1,7, 4K,12304.0,0.001433,8586182.833217,12304000.0,1.609441,2,3.39062,17428826.443554,17428826.443554,1279931143.7391295,3458109793.3721523,79813647.29455121,4080205302.1098123,25861991798.44004,0,0,3
Z3,2,7, 4K,11832.0,0.000929,12736275.565124,11832000.0,1.609441,2,3.39062,18258844.989935,18258844.989935,1279931143.7391295,3458109793.3721523,79813647.29455121,4080205302.1098123,25861991798.44004,0,0,3
Z3,3,7, 4K,12664.0,0.001112,11388489.208633,12664000.0,1.609441,2,3.39062,17989287.718637,17989287.718637,1279931143.7391295,3458109793.3721523,79813647.29455121,4080205302.1098123,25861991798.44004,0,0,3
Z3,4,7, 4K,11360.0,0.000979,11603677.221655,11360000.0,1.609441,2,3.39062,18032325.321241,18032325.321241,1279931143.7391295,3458109793.3721523,79813647.29455121,4080205302.1098123,25861991798.44004,0,0,3
Z3,5,7, 4K,11624.0,0.001092,10644688.644689,11624000.0,1.609441,2,3.39062,17840527.605848,17840527.605848,1279931143.7391295,3458109793.3721523,79813647.29455121,4080205302.1098123,25861991798.44004,0,0,3
Z3,6,7, 4K,12008.0,0.000967,12417786.97001,12008000.0,1.609441,2,3.39062,18195147.270912,18195147.270912,1279931143.7391295,3458109793.3721523,79813647.29455121,4080205302.1098123,25861991798.44004,0,0,3
Z3,7,7, 4K,11744.0,0.00085,13816470.588235,11744000.0,1.609441,2,3.39062,18474883.994557,18474883.994557,1279931143.7391295,3458109793.3721523,79813647.29455121,4080205302.1098123,25861991798.44004,0,0,3
Z3,8,7, 4K,11584.0,0.000842,13757719.714964,11584000.0,1.609441,2,3.39062,18463133.819903,18463133.819903,1279931143.7391295,3458109793.3721523,79813647.29455121,4080205302.1098123,25861991798.44004,0,0,3
Z3,9,7, 4K,32448.0,0.000921,35231270.358306,32448000.0,1.609441,2,3.39062,22757843.948571,22757843.948571,1279931143.7391295,3458109793.3721523,79813647.29455121,4080205302.1098123,25861991798.44004,0,0,3
Z3,10,7, 4K,29808.0,0.000976,30540983.606557,29808000.0,1.609441,2,3.39062,21819786.598222,21819786.598222,1279931143.7391295,3458109793.3721523,79813647.29455121,4080205302.1098123,25861991798.44004,0,0,3
Z3,11,7, 4K,26008.0,0.000911,28548847.420417,26008000.0,1.609441,2,3.39062,21421359.360994,21421359.360994,1279931143.7391295,3458109793.3721523,79813647.29455121,4080205302.1098123,25861991798.44004,0,0,3
Z3,12,7, 4K,43712.0,0.000927,47154261.057174,43712000.0,1.609441,2,3.39062,25142442.088345,25142442.088345,1279931143.7391295,3458109793.3721523,79813647.29455121,4080205302.1098123,25861991798.44004,0,0,3
Z3,13,7, 4K,42976.0,0.001031,41683802.133851,42976000.0,1.609441,2,3.39062,24048350.30368,24048350.30368,1279931143.7391295,3458109793.3721523,79813647.29455121,4080205302.1098123,25861991798.44004,0,0,3
Z3,14,7, 4K,80888.0,0.0012,67406666.666667,80888000.0,1.609441,2,3.39062,29192923.210243,29192923.210243,1279931143.7391295,3458109793.3721523,79813647.29455121,4080205302.1098123,25861991798.44004,0,0,3
Z3,15,7, 4K,51248.0,0.001086,47189686.924494,51248000.0,1.609441,2,3.39062,25149527.261809,25149527.261809,1279931143.7391295,3458109793.3721523,79813647.29455121,4080205302.1098123,25861991798.44004,0,0,3
Z3,16,7, 4K,29472.0,0.000967,30477766.287487,29472000.0,1.609441,2,3.39062,21807143.134408,21807143.134408,1279931143.7391295,3458109793.3721523,79813647.29455121,4080205302.1098123,25861991798.44004,0,0,3
Z3,17,7, 4K,23856.0,0.000969,24619195.04644,23856000.0,1.609441,2,3.39062,20635428.886198,20635428.886198,1279931143.7391295,3458109793.3721523,79813647.29455121,4080205302.1098123,25861991798.44004,0,0,3
Z3,18,7, 4K,78816.0,0.001177,66963466.440102,78816000.0,1.609441,2,3.39062,29104283.164931,29104283.164931,1279931143.7391295,3458109793.3721523,79813647.29455121,4080205302.1098123,25861991798.44004,0,0,3
Z3,19,7, 4K,66288.0,0.000934,70972162.740899,66288000.0,1.609441,2,3.39062,29906022.42509,29906022.42509,1279931143.7391295,3458109793.3721523,79813647.29455121,4080205302.1098123,25861991798.44004,0,0,3
Z3,20,7, 4K,69920.0,0.001024,68281250.0,69920000.0,1.609441,2,3.39062,29367839.87691,29367839.87691,1279931143.7391295,3458109793.3721523,79813647.29455121,4080205302.1098123,25861991798.44004,0,0,3
Z3,21,7, 4K,81944.0,0.026811,3056357.465219,3151688.0,1.609441,2,3.39062,16322861.369954,16322861.369954,1279931143.7391295,3458109793.3721523,79813647.29455121,4080205302.1098123,25861991798.44004,0,0,3
Z3,22,7, 4K,102376.0,0.002182,46918423.464711,51188000.0,1.609441,2,3.39062,25095274.569852,25095274.569852,1279931143.7391295,3458109793.3721523,79813647.29455121,4080205302.1098123,25861991798.44004,0,0,3
Z3,23,7, 4K,76792.0,0.001257,61091487.669053,76792000.0,1.609441,2,3.39062,27929887.410721,27929887.410721,1279931143.7391295,3458109793.3721523,79813647.29455121,4080205302.1098123,25861991798.44004,0,0,3
Z3,24,7, 4K,81072.0,0.001363,59480557.593544,81072000.0,1.609441,2,3.39062,27607701.395619,27607701.395619,1279931143.7391295,3458109793.3721523,79813647.29455121,4080205302.1098123,25861991798.44004,0,0,3
Z3,25,7, 4K,62656.0,0.001405,44595017.793594,62656000.0,1.609441,2,3.39062,24630593.435629,24630593.435629,1279931143.7391295,3458109793.3721523,79813647.29455121,4080205302.1098123,25861991798.44004,0,0,3
Z3,26,7, 4K,41248.0,0.001133,36406001.765225,41248000.0,1.609441,2,3.39062,22992790.229955,22992790.229955,1279931143.7391295,3458109793.3721523,79813647.29455121,4080205302.1098123,25861991798.44004,0,0,3
Z3,27,7, 4K,46048.0,0.001126,40895204.262877,46048000.0,1.609441,2,3.39062,23890630.729486,23890630.729486,1279931143.7391295,3458109793.3721523,79813647.29455121,4080205302.1098123,25861991798.44004,0,0,3
Z3,28,7, 4K,66864.0,0.001258,53151033.386328,66864000.0,1.609441,2,3.39062,26341796.554176,26341796.554176,1279931143.7391295,3458109793.3721523,79813647.29455121,4080205302.1098123,25861991798.44004,0,0,3
Z3,29,7, 4K,51888.0,0.00129,40223255.813953,51888000.0,1.609441,2,3.39062,23756241.039701,23756241.039701,1279931143.7391295,3458109793.3721523,79813647.29455121,4080205302.1098123,25861991798.44004,0,0,3
Z3,30,7, 4K,60864.0,0.001924,31634095.634096,60864000.0,1.609441,2,3.39062,22038409.003729,22038409.003729,1279931143.7391295,3458109793.3721523,79813647.29455121,4080205302.1098123,25861991798.44004,0,0,3
Z3,31,7, 4K,30224.0,0.001137,26582233.948989,30224000.0,1.609441,2,3.39062,21028036.666708,21028036.666708,1279931143.7391295,3458109793.3721523,79813647.29455121,4080205302.1098123,25861991798.44004,0,0,3
Z3,32,7, 4K,29312.0,0.000969,30249742.002064,29312000.0,1.609441,2,3.39062,21761538.277323,21761538.277323,1279931143.7391295,3458109793.3721523,79813647.29455121,4080205302.1098123,25861991798.44004,0,0,3
Z3,33,7, 4K,25728.0,0.000965,26661139.896373,25728000.0,1.609441,2,3.39062,21043817.856185,21043817.856185,1279931143.7391295,3458109793.3721523,79813647.29455121,4080205302.1098123,25861991798.44004,0,0,3
Z3,34,7, 4K,27640.0,0.000863,32027809.965238,27640000.0,1.609441,2,3.39062,22117151.869958,22117151.869958,1279931143.7391295,3458109793.3721523,79813647.29455121,4080205302.1098123,25861991798.44004,0,0,3
Z3,35,7, 4K,32608.0,0.000977,33375639.713408,32608000.0,1.609441,2,3.39062,22386717.819592,22386717.819592,1279931143.7391295,3458109793.3721523,79813647.29455121,4080205302.1098123,25861991798.44004,0,0,3
Z3,36,7, 4K,25080.0,0.000946,26511627.906977,25080000.0,1.609441,2,3.39062,21013915.458306,21013915.458306,1279931143.7391295,3458109793.3721523,79813647.29455121,4080205302.1098123,25861991798.44004,0,0,3
Z3,37,7, 4K,21912.0,0.000782,28020460.358056,21912000.0,1.609441,2,3.39062,21315681.948521,21315681.948521,1279931143.7391295,3458109793.3721523,79813647.29455121,4080205302.1098123,25861991798.44004,0,0,3
Z3,38,7, 4K,21440.0,0.001187,18062342.038753,21440000.0,1.609441,2,3.39062,19324058.284661,19324058.284661,1279931143.7391295,3458109793.3721523,79813647.29455121,4080205302.1098123,25861991798.44004,0,0,3
Z1,0,8, 4K,46672.0,0.022539,2070721.859887,2121448.0,1.439034,2,4.561027,17081871.907284,17081871.907284,1279931143.7391295,3458109793.3721523,79813647.29455121,4080205302.1098123,25861991798.44004,0,0,3
Z2,0,8, 4K,12368.0,0.022269,555390.902151,562176.0,1.439034,2,4.561027,16778805.715737,16778805.715737,1279931143.7391295,3458109793.3721523,79813647.29455121,4080205302.1098123,25861991798.44004,0,0,3
Z2,1,8, 4K,47728.0,0.001107,43114724.480578,47728000.0,1.439034,2,4.561027,25290672.431422,25290672.431422,1279931143.7391295,3458109793.3721523,79813647.29455121,4080205302.1098123,25861991798.44004,0,0,3
Z2,2,8, 4K,47048.0,0.00118,39871186.440678,47048000.0,1.439034,2,4.561027,24641964.823442,24641964.823442,1279931143.7391295,3458109793.3721523,79813647.29455121,4080205302.1098123,25861991798.44004,0,0,3
Z2,3,8, 4K,116120.0,0.001877,61864677.677144,116120000.0,1.439034,2,4.561027,29040663.070736,29040663.070736,1279931143.7391295,3458109793.3721523,79813647.29455121,4080205302.1098123,25861991798.44004,0,0,3
Z2,4,8, 4K,109880.0,0.001278,85978090.766823,109880000.0,1.439034,2,4.561027,33863345.688671,33863345.688671,1279931143.7391295,3458109793.3721523,79813647.29455121,4080205302.1098123,25861991798.44004,0,0,3
Z2,5,8, 4K,99296.0,0.001325,74940377.358491,99296000.0,1.439034,2,4.561027,31655803.007005,31655803.007005,1279931143.7391295,3458109793.3721523,79813647.29455121,4080205302.1098123,25861991798.44004,0,0,3
Z2,6,8, 4K,81552.0,0.001312,62158536.585366,81552000.0,1.439034,2,4.561027,29099434.85238,29099434.85238,1279931143.7391295,3458109793.3721523,79813647.29455121,4080205302.1098123,25861991798.44004,0,0,3
Z2,7,8, 4K,48376.0,0.001015,47661083.743842,48376000.0,1.439034,2,4.561027,26199944.284075,26199944.284075,1279931143.7391295,3458109793.3721523,79813647.29455121,4080205302.1098123,25861991798.44004,0,0,3
Z3,0,8, 4K,6624.0,0.022372,296084.391203,301088.0,1.439034,2,4.561027,16726944.413547,16726944.413547,1279931143.7391295,3458109793.3721523,79813647.29455121,4080205302.1098123,25861991798.44004,0,0,3
Z3,1,8, 4K,12736.0,0.000975,13062564.102564,12736000.0,1.439034,2,4.561027,19280240.35582,19280240.35582,1279931143.7391295,3458109793.3721523,79813647.29455121,4080205302.1098123,25861991798.44004,0,0,3
Z3,2,8, 4K,13168.0,0.000921,14297502.714441,13168000.0,1.439034,2,4.561027,19527228.078195,19527228.078195,1279931143.7391295,3458109793.3721523,79813647.29455121,4080205302.1098123,25861991798.44004,0,0,3
Z3,3,8, 4K,12440.0,0.00097,12824742.268041,12440000.0,1.439034,2,4.561027,19232675.988915,19232675.988915,1279931143.7391295,3458109793.3721523,79813647.29455121,4080205302.1098123,25861991798.44004,0,0,3
Z3,4,8, 4K,12288.0,0.000897,13698996.655518,12288000.0,1.439034,2,4.561027,19407526.86641,19407526.86641,1279931143.7391295,3458109793.3721523,79813647.29455121,4080205302.1098123,25861991798.44004,0,0,3
Z3,5,8, 4K,13040.0,0.000928,14051724.137931,13040000.0,1.439034,2,4.561027,19478072.362893,19478072.362893,1279931143.7391295,3458109793.3721523,79813647.29455121,4080205302.1098123,25861991798.44004,0,0,3
Z3,6,8, 4K,11984.0,0.000925,12955675.675676,11984000.0,1.439034,2,4.561027,19258862.670442,19258862.670442,1279931143.7391295,3458109793.3721523,79813647.29455121,4080205302.1098123,25861991798.44004,0,0,3
Z3,7,8, 4K,12736.0,0.000825,15437575.757576,12736000.0,1.439034,2,4.561027,19755242.686822,19755242.686822,1279931143.7391295,3458109793.3721523,79813647.29455121,4080205302.1098123,25861991798.44004,0,0,3
Z3,8,8, 4K,12728.0,0.000941,13526036.131775,12728000.0,1.439034,2,4.561027,19372934.761662,19372934.761662,1279931143.7391295,3458109793.3721523,79813647.29455121,4080205302.1098123,25861991798.44004,0,0,3
Z3,9,8, 4K,13416.0,0.001026,13076023.391813,13416000.0,1.439034,2,4.561027,19282932.213669,19282932.213669,1279931143.7391295,3458109793.3721523,79813647.29455121,4080205302.1098123,25861991798.44004,0,0,3
Z3,10,8, 4K,12296.0,0.000931,13207303.974221,12296000.0,1.439034,2,4.561027,19309188.330151,19309188.330151,1279931143.7391295,3458109793.3721523,79813647.29455121,4080205302.1098123,25861991798.44004,0,0,3
Z3,11,8, 4K,12272.0,0.000887,13835400.225479,12272000.0,1.439034,2,4.561027,19434807.580403,19434807.580403,1279931143.7391295,3458109793.3721523,79813647.29455121,4080205302.1098123,25861991798.44004,0,0,3
Z3,12,8, 4K,36848.0,0.001026,35914230.019493,36848000.0,1.439034,2,4.561027,23850573.539205,23850573.539205,1279931143.7391295,3458109793.3721523,79813647.29455121,4080205302.1098123,25861991798.44004,0,0,3
Z3,13,8, 4K,37200.0,0.00101,36831683.168317,37200000.0,1.439034,2,4.561027,24034064.16897,24034064.16897,1279931143.7391295,3458109793.3721523,79813647.29455121,4080205302.1098123,25861991798.44004,0,0,3
Z3,14,8, 4K,36304.0,0.000994,36523138.832998,36304000.0,1.439034,2,4.561027,23972355.301906,23972355.301906,1279931143.7391295,3458109793.3721523,79813647.29455121,4080205302.1098123,25861991798.44004,0,0,3
Z3,15,8, 4K,72440.0,0.001111,65202520.252025,72440000.0,1.439034,2,4.561027,29708231.585712,29708231.585712,1279931143.7391295,3458109793.3721523,79813647.29455121,4080205302.1098123,25861991798.44004,0,0,3
Z3,16,8, 4K,94656.0,0.001302,72700460.829493,94656000.0,1.439034,2,4.561027,31207819.701205,31207819.701205,1279931143.7391295,3458109793.3721523,79813647.29455121,4080205302.1098123,25861991798.44004,0,0,3
Z3,17,8, 4K,126944.0,0.001419,89460183.227625,126944000.0,1.439034,2,4.561027,34559764.180832,34559764.180832,1279931143.7391295,3458109793.3721523,79813647.29455121,4080205302.1098123,25861991798.44004,0,0,3
Z3,18,8, 4K,91896.0,0.223013,412065.664333,412088.0,1.439034,2,4.561027,16750140.668173,16750140.668173,1279931143.7391295,3458109793.3721523,79813647.29455121,4080205302.1098123,25861991798.44004,0,0,3
Z3,19,8, 4K,51968.0,0.001529,33988227.599738,51968000.0,1.439034,2,4.561027,23465373.055254,23465373.055254,1279931143.7391295,3458109793.3721523,79813647.29455121,4080205302.1098123,25861991798.44004,0,0,3
Z3,20,8, 4K,33024.0,0.00086,38400000.0,33024000.0,1.439034,2,4.561027,24347727.535307,24347727.535307,1279931143.7391295,3458109793.3721523,79813647.29455121,4080205302.1098123,25861991798.44004,0,0,3
Z3,21,8, 4K,183840.0,0.001866,98520900.321543,183840000.0,1.439034,2,4.561027,36371907.599615,36371907.599615,1279931143.7391295,3458109793.3721523,79813647.29455121,4080205302.1098123,25861991798.44004,0,0,3
Z3,22,8, 4K,154184.0,0.00195,79068717.948718,154184000.0,1.439034,2,4.561027,32481471.12505,32481471.12505,1279931143.7391295,3458109793.3721523,79813647.29455121,4080205302.1098123,25861991798.44004,0,0,3
Z3,23,8, 4K,155104.0,0.00513,30234697.85575,31020800.0,1.439034,2,4.561027,22714667.106457,22714667.106457,1279931143.7391295,3458109793.3721523,79813647.29455121,4080205302.1098123,25861991798.44004,0,0,3
Z3,24,8, 4K,164936.0,0.001664,99120192.307692,164936000.0,1.439034,2,4.561027,36491765.996845,36491765.996845,1279931143.7391295,3458109793.3721523,79813647.29455121,4080205302.1098123,25861991798.44004,0,0,3
Z3,25,8, 4K,148008.0,0.001957,75630045.988758,148008000.0,1.439034,2,4.561027,31793736.733058,31793736.733058,1279931143.7391295,3458109793.3721523,79813647.29455121,4080205302.1098123,25861991798.44004,0,0,3
Z3,26,8, 4K,158128.0,0.001548,102149870.801034,158128000.0,1.439034,2,4.561027,37097701.695514,37097701.695514,1279931143.7391295,3458109793.3721523,79813647.29455121,4080205302.1098123,25861991798.44004,0,0,3
Z3,27,8, 4K,212408.0,0.001947,109095017.976374,212408000.0,1.439034,2,4.561027,38486731.130582,38486731.130582,1279931143.7391295,3458109793.3721523,79813647.29455121,4080205302.1098123,25861991798.44004,0,0,3
Z3,28,8, 4K,148464.0,0.001617,91814471.243043,148464000.0,1.439034,2,4.561027,35030621.783915,35030621.783915,1279931143.7391295,3458109793.3721523,79813647.29455121,4080205302.1098123,25861991798.44004,0,0,3
Z3,29,8, 4K,105600.0,0.001285,82178988.326848,105600000.0,1.439034,2,4.561027,33103525.200676,33103525.200676,1279931143.7391295,3458109793.3721523,79813647.29455121,4080205302.1098123,25861991798.44004,0,0,3
Z3,30,8, 4K,74800.0,0.001202,62229617.304493,74800000.0,1.439034,2,4.561027,29113650.996205,29113650.996205,1279931143.7391295,3458109793.3721523,79813647.29455121,4080205302.1098123,25861991798.44004,0,0,3
Z3,31,8, 4K,60904.0,0.001125,54136888.888889,60904000.0,1.439034,2,4.561027,27495105.313085,27495105.313085,1279931143.7391295,3458109793.3721523,79813647.29455121,4080205302.1098123,25861991798.44004,0,0,3
Z3,32,8, 4K,56704.0,0.001508,37602122.015915,56704000.0,1.439034,2,4.561027,24188151.93849,24188151.93849,1279931143.7391295,3458109793.3721523,79813647.29455121,4080205302.1098123,25861991798.44004,0,0,3
Z3,33,8, 4K,77872.0,0.001273,61172034.564022,77872000.0,1.439034,2,4.561027,28902134.448111,28902134.448111,1279931143.7391295,3458109793.3721523,79813647.29455121,4080205302.1098123,25861991798.44004,0,0,3
Z3,34,8, 4K,87632.0,0.001304,67202453.98773,87632000.0,1.439034,2,4.561027,30108218.332853,30108218.332853,1279931143.7391295,3458109793.3721523,79813647.29455121,4080205302.1098123,25861991798.44004,0,0,3
Z3,35,8, 4K,57472.0,0.001162,49459552.495697,57472000.0,1.439034,2,4.561027,26559638.034446,26559638.034446,1279931143.7391295,3458109793.3721523,79813647.29455121,4080205302.1098123,25861991798.44004,0,0,3
Z3,36,8, 4K,71616.0,0.001128,63489361.702128,71616000.0,1.439034,2,4.561027,29365599.875732,29365599.875732,1279931143.7391295,3458109793.3721523,79813647.29455121,4080205302.1098123,25861991798.44004,0,0,3
Z3,37,8, 4K,59800.0,0.001192,50167785.234899,59800000.0,1.439034,2,4.561027,26701284.582287,26701284.582287,1279931143.7391295,3458109793.3721523,79813647.29455121,4080205302.1098123,25861991798.44004,0,0,3
Z3,38,8, 4K,54240.0,0.001148,47247386.759582,54240000.0,1.439034,2,4.561027,26117204.887223,26117204.887223,1279931143.7391295,3458109793.3721523,79813647.29455121,4080205302.1098123,25861991798.44004,0,0,3
Z1,0,9, 4K,143136.0,0.023532,6082610.9128,6223304.0,1.084201,2,4.91586,24487794.055429,24487794.055429,1279931143.7391295,3458109793.3721523,79813647.29455121,4080205302.1098123,25861991798.44004,0,0,3
Z2,0,9, 4K,6624.0,0.022525,294073.251942,301088.0,1.084201,2,4.91586,23330086.523258,23330086.523258,1279931143.7391295,3458109793.3721523,79813647.29455121,4080205302.1098123,25861991798.44004,0,0,3
Z2,1,9, 4K,13352.0,0.005062,2637692.611616,2670400.0,1.084201,2,4.91586,23798810.395192,23798810.395192,1279931143.7391295,3458109793.3721523,79813647.29455121,4080205302.1098123,25861991798.44004,0,0,3
Z2,2,9, 4K,12808.0,0.000902,14199556.54102,12808000.0,1.084201,2,4.91586,26111183.181073,26111183.181073,1279931143.7391295,3458109793.3721523,79813647.29455121,4080205302.1098123,25861991798.44004,0,0,3
Z2,3,9, 4K,62864.0,0.001234,50943273.905997,62864000.0,1.084201,2,4.91586,33459926.654068,33459926.654068,1279931143.7391295,3458109793.3721523,79813647.29455121,4080205302.1098123,25861991798.44004,0,0,3
Z2,4,9, 4K,158280.0,0.001775,89171830.985915,158280000.0,1.084201,2,4.91586,41105638.070052,41105638.070052,1279931143.7391295,3458109793.3721523,79813647.29455121,4080205302.1098123,25861991798.44004,0,0,3
Z2,5,9, 4K,143784.0,0.002302,62460469.157255,71892000.0,1.084201,2,4.91586,35763365.70432,35763365.70432,1279931143.7391295,3458109793.3721523,79813647.29455121,4080205302.1098123,25861991798.44004,0,0,3
Z2,6,9, 4K,59784.0,0.001047,57100286.532951,59784000.0,1.084201,2,4.91586,34691329.179459,34691329.179459,1279931143.7391295,3458109793.3721523,79813647.29455121,4080205302.1098123,25861991798.44004,0,0,3
Z2,7,9, 4K,59624.0,0.001214,49113673.805601,59624000.0,1.084201,2,4.91586,33094006.633989,33094006.633989,1279931143.7391295,3458109793.3721523,79813647.29455121,4080205302.1098123,25861991798.44004,0,0,3
Z3,0,9, 4K,19152.0,0.022502,851124.344503,870544.0,1.084201,2,4.91586,23441496.74177,23441496.74177,1279931143.7391295,3458109793.3721523,79813647.29455121,4080205302.1098123,25861991798.44004,0,0,3
Z3,1,9, 4K,15048.0,0.001063,14156161.806209,15048000.0,1.084201,2,4.91586,26102504.234111,26102504.234111,1279931143.7391295,3458109793.3721523,79813647.29455121,4080205302.1098123,25861991798.44004,0,0,3
Z3,2,9, 4K,13656.0,0.000914,14940919.037199,13656000.0,1.084201,2,4.91586,26259455.680309,26259455.680309,1279931143.7391295,3458109793.3721523,79813647.29455121,4080205302.1098123,25861991798.44004,0,0,3
Z3,3,9, 4K,15568.0,0.001266,12296998.420221,15568000.0,1.084201,2,4.91586,25730671.556913,25730671.556913,1279931143.7391295,3458109793.3721523,79813647.29455121,4080205302.1098123,25861991798.44004,0,0,3
Z3,4,9, 4K,19992.0,0.001053,18985754.985755,19992000.0,1.084201,2,4.91586,27068422.87002,27068422.87002,1279931143.7391295,3458109793.3721523,79813647.29455121,4080205302.1098123,25861991798.44004,0,0,3
Z3,5,9, 4K,43816.0,0.001496,29288770.053476,43816000.0,1.084201,2,4.91586,29129025.883564,29129025.883564,1279931143.7391295,3458109793.3721523,79813647.29455121,4080205302.1098123,25861991798.44004,0,0,3
Z3,6,9, 4K,32640.0,0.000938,34797441.364606,32640000.0,1.084201,2,4.91586,30230760.14579,30230760.14579,1279931143.7391295,3458109793.3721523,79813647.29455121,4080205302.1098123,25861991798.44004,0,0,3
Z3,7,9, 4K,13112.0,0.000848,15462264.150943,13112000.0,1.084201,2,4.91586,26363724.703058,26363724.703058,1279931143.7391295,3458109793.3721523,79813647.29455121,4080205302.1098123,25861991798.44004,0,0,3
Z3,8,9, 4K,12720.0,0.000712,17865168.539326,12720000.0,1.084201,2,4.91586,26844305.580734,26844305.580734,1279931143.7391295,3458109793.3721523,79813647.29455121,4080205302.1098123,25861991798.44004,0,0,3
Z3,9,9, 4K,11704.0,0.000905,12932596.685083,11704000.0,1.084201,2,4.91586,25857791.209886,25857791.209886,1279931143.7391295,3458109793.3721523,79813647.29455121,4080205302.1098123,25861991798.44004,0,0,3
Z3,10,9, 4K,56456.0,0.000905,62382320.441989,56456000.0,1.084201,2,4.91586,35747735.961267,35747735.961267,1279931143.7391295,3458109793.3721523,79813647.29455121,4080205302.1098123,25861991798.44004,0,0,3
Z3,11,9, 4K,42936.0,0.001072,40052238.80597,42936000.0,1.084201,2,4.91586,31281719.634063,31281719.634063,1279931143.7391295,3458109793.3721523,79813647.29455121,4080205302.1098123,25861991798.44004,0,0,3
Z3,12,9, 4K,49664.0,0.001103,45026291.931097,49664000.0,1.084201,2,4.91586,32276530.259088,32276530.259088,1279931143.7391295,3458109793.3721523,79813647.29455121,4080205302.1098123,25861991798.44004,0,0,3
Z3,13,9, 4K,55832.0,0.001179,47355385.920271,55832000.0,1.084201,2,4.91586,32742349.056923,32742349.056923,1279931143.7391295,3458109793.3721523,79813647.29455121,4080205302.1098123,25861991798.44004,0,0,3
Z3,14,9, 4K,101440.0,0.001346,75364041.604755,101440000.0,1.084201,2,4.91586,38344080.19382,38344080.19382,1279931143.7391295,3458109793.3721523,79813647.29455121,4080205302.1098123,25861991798.44004,0,0,3
Z3,15,9, 4K,127064.0,0.00261,48683524.904215,63532000.0,1.084201,2,4.91586,33007976.853712,33007976.853712,1279931143.7391295,3458109793.3721523,79813647.29455121,4080205302.1098123,25861991798.44004,0,0,3
Z3,16,9, 4K,186256.0,0.001874,99389541.088581,186256000.0,1.084201,2,4.91586,43149180.090585,43149180.090585,1279931143.7391295,3458109793.3721523,79813647.29455121,4080205302.1098123,25861991798.44004,0,0,3
Z3,17,9, 4K,117264.0,0.001234,95027552.67423,117264000.0,1.084201,2,4.91586,42276782.407715,42276782.407715,1279931143.7391295,3458109793.3721523,79813647.29455121,4080205302.1098123,25861991798.44004,0,0,3
Z3,18,9, 4K,90064.0,0.001413,63739561.217268,90064000.0,1.084201,2,4.91586,36019184.116323,36019184.116323,1279931143.7391295,3458109793.3721523,79813647.29455121,4080205302.1098123,25861991798.44004,0,0,3
Z3,19,9, 4K,46808.0,0.001146,40844677.137871,46808000.0,1.084201,2,4.91586,31440207.300443,31440207.300443,1279931143.7391295,3458109793.3721523,79813647.29455121,4080205302.1098123,25861991798.44004,0,0,3
Z3,20,9, 4K,65080.0,0.00122,53344262.295082,65080000.0,1.084201,2,4.91586,33940124.331885,33940124.331885,1279931143.7391295,3458109793.3721523,79813647.29455121,4080205302.1098123,25861991798.44004,0,0,3
Z3,21,9, 4K,210712.0,0.002045,103037652.811736,105356000.0,1.084201,2,4.91586,43878802.435216,43878802.435216,1279931143.7391295,3458109793.3721523,79813647.29455121,4080205302.1098123,25861991798.44004,0,0,3
Z3,22,9, 4K,212696.0,0.001825,116545753.424658,212696000.0,1.084201,2,4.91586,46580422.557801,46580422.557801,1279931143.7391295,3458109793.3721523,79813647.29455121,4080205302.1098123,25861991798.44004,0,0,3
Z3,23,9, 4K,204264.0,0.001836,111254901.960784,204264000.0,1.084201,2,4.91586,45522252.265026,45522252.265026,1279931143.7391295,3458109793.3721523,79813647.29455121,4080205302.1098123,25861991798.44004,0,0,3
Z3,24,9, 4K,225960.0,0.001856,121745689.655172,225960000.0,1.084201,2,4.91586,47620409.803904,47620409.803904,1279931143.7391295,3458109793.3721523,79813647.29455121,4080205302.1098123,25861991798.44004,0,0,3
Z3,25,9, 4K,199056.0,0.00193,103137823.834197,199056000.0,1.084201,2,4.91586,43898836.639708,43898836.639708,1279931143.7391295,3458109793.3721523,79813647.29455121,4080205302.1098123,25861991798.44004,0,0,3
Z3,26,9, 4K,204104.0,0.001873,108971703.150027,204104000.0,1.084201,2,4.91586,45065612.502874,45065612.502874,1279931143.7391295,3458109793.3721523,79813647.29455121,4080205302.1098123,25861991798.44004,0,0,3
Z3,27,9, 4K,264656.0,0.002114,125192052.980132,132328000.0,1.084201,2,4.91586,48309682.468896,48309682.468896,1279931143.7391295,3458109793.3721523,79813647.29455121,4080205302.1098123,25861991798.44004,0,0,3
Z3,28,9, 4K,229440.0,0.001831,125308574.549427,229440000.0,1.084201,2,4.91586,48332986.782754,48332986.782754,1279931143.7391295,3458109793.3721523,79813647.29455121,4080205302.1098123,25861991798.44004,0,0,3
Z3,29,9, 4K,144400.0,0.001454,99312242.090784,144400000.0,1.084201,2,4.91586,43133720.291026,43133720.291026,1279931143.7391295,3458109793.3721523,79813647.29455121,4080205302.1098123,25861991798.44004,0,0,3
Z3,30,9, 4K,71424.0,0.001036,68942084.942085,71424000.0,1.084201,2,4.91586,37059688.861286,37059688.861286,1279931143.7391295,3458109793.3721523,79813647.29455121,4080205302.1098123,25861991798.44004,0,0,3
Z3,31,9, 4K,71768.0,0.001204,59607973.421927,71768000.0,1.084201,2,4.91586,35192866.557254,35192866.557254,1279931143.7391295,3458109793.3721523,79813647.29455121,4080205302.1098123,25861991798.44004,0,0,3
Z3,32,9, 4K,78016.0,0.001238,63017770.597738,78016000.0,1.084201,2,4.91586,35874825.992417,35874825.992417,1279931143.7391295,3458109793.3721523,79813647.29455121,4080205302.1098123,25861991798.44004,0,0,3
Z3,33,9, 4K,85112.0,0.001274,66806907.378336,85112000.0,1.084201,2,4.91586,36632653.348536,36632653.348536,1279931143.7391295,3458109793.3721523,79813647.29455121,4080205302.1098123,25861991798.44004,0,0,3
Z3,34,9, 4K,105792.0,0.018676,5664596.273292,5877328.0,1.084201,2,4.91586,24404191.127527,24404191.127527,1279931143.7391295,3458109793.3721523,79813647.29455121,4080205302.1098123,25861991798.44004,0,0,3
Z3,35,9, 4K,59104.0,0.001019,58001962.708538,59104000.0,1.084201,2,4.91586,34871664.414577,34871664.414577,1279931143.7391295,3458109793.3721523,79813647.29455121,4080205302.1098123,25861991798.44004,0,0,3
Z3,36,9, 4K,89744.0,0.001192,75288590.604027,89744000.0,1.084201,2,4.91586,38328989.993674,38328989.993674,1279931143.7391295,3458109793.3721523,79813647.29455121,4080205302.1098123,25861991798.44004,0,0,3
Z3,37,9, 4K,82576.0,0.001187,69566975.56866,82576000.0,1.084201,2,4.91586,37184666.986601,37184666.986601,1279931143.7391295,3458109793.3721523,79813647.29455121,4080205302.1098123,25861991798.44004,0,0,3
Z3,38,9, 4K,72616.0,0.001013,71684106.614018,72616000.0,1.084201,2,4.91586,37608093.195673,37608093.195673,1279931143.7391295,3458109793.3721523,79813647.29455121,4080205302.1098123,25861991798.44004,0,0,3
Z1,0,10, 4K,171632.0,0.022339,7683065.490846,7801448.0,1.0,2,6.073132,33826913.361418,33826913.361418,1279931143.7391295,3458109793.3721523,79813647.29455121,4080205302.1098123,25861991798.44004,0,0,3
Z2,0,10, 4K,6624.0,0.022326,296694.436979,301088.0,1.0,2,6.073132,32349639.150644,32349639.150644,1279931143.7391295,3458109793.3721523,79813647.29455121,4080205302.1098123,25861991798.44004,0,0,3
Z2,1,10, 4K,21424.0,0.000944,22694915.254237,21424000.0,1.0,2,6.073132,36829283.314096,36829283.314096,1279931143.7391295,3458109793.3721523,79813647.29455121,4080205302.1098123,25861991798.44004,0,0,3
Z2,2,10, 4K,11408.0,0.000954,11958071.278826,11408000.0,1.0,2,6.073132,34681914.519014,34681914.519014,1279931143.7391295,3458109793.3721523,79813647.29455121,4080205302.1098123,25861991798.44004,0,0,3
Z2,3,10, 4K,91896.0,0.001204,76325581.395349,91896000.0,1.0,2,6.073132,47555416.542318,47555416.542318,1279931143.7391295,3458109793.3721523,79813647.29455121,4080205302.1098123,25861991798.44004,0,0,3
Z2,4,10, 4K,176696.0,0.002618,67492742.551566,88348000.0,1.0,2,6.073132,45788848.773562,45788848.773562,1279931143.7391295,3458109793.3721523,79813647.29455121,4080205302.1098123,25861991798.44004,0,0,3
Z2,5,10, 4K,150256.0,0.002801,53643698.679043,75128000.0,1.0,2,6.073132,43019039.999057,43019039.999057,1279931143.7391295,3458109793.3721523,79813647.29455121,4080205302.1098123,25861991798.44004,0,0,3
Z2,6,10, 4K,75936.0,0.001643,46217894.096166,75936000.0,1.0,2,6.073132,41533879.082482,41533879.082482,1279931143.7391295,3458109793.3721523,79813647.29455121,4080205302.1098123,25861991798.44004,0,0,3
Z2,7,10, 4K,96152.0,0.00169,56894674.556213,96152000.0,1.0,2,6.073132,43669235.174491,43669235.174491,1279931143.7391295,3458109793.3721523,79813647.29455121,4080205302.1098123,25861991798.44004,0,0,3
Z3,0,10, 4K,61888.0,0.02221,2786492.570914,2813088.0,1.0,2,6.073132,32847598.777431,32847598.777431,1279931143.7391295,3458109793.3721523,79813647.29455121,4080205302.1098123,25861991798.44004,0,0,3
Z3,1,10, 4K,32688.0,0.000845,38684023.668639,32688000.0,1.0,2,6.073132,40027104.996976,40027104.996976,1279931143.7391295,3458109793.3721523,79813647.29455121,4080205302.1098123,25861991798.44004,0,0,3
Z3,2,10, 4K,21168.0,0.00087,24331034.482759,21168000.0,1.0,2,6.073132,37156507.1598,37156507.1598,1279931143.7391295,3458109793.3721523,79813647.29455121,4080205302.1098123,25861991798.44004,0,0,3
Z3,3,10, 4K,28472.0,0.000836,34057416.267943,28472000.0,1.0,2,6.073132,39101783.516837,39101783.516837,1279931143.7391295,3458109793.3721523,79813647.29455121,4080205302.1098123,25861991798.44004,0,0,3
Z3,4,10, 4K,45352.0,0.000997,45488465.396189,45352000.0,1.0,2,6.073132,41387993.342486,41387993.342486,1279931143.7391295,3458109793.3721523,79813647.29455121,4080205302.1098123,25861991798.44004,0,0,3
Z3,5,10, 4K,72936.0,0.001225,59539591.836735,72936000.0,1.0,2,6.073132,44198218.630596,44198218.630596,1279931143.7391295,3458109793.3721523,79813647.29455121,4080205302.1098123,25861991798.44004,0,0,3
Z3,6,10, 4K,27848.0,0.000925,30105945.945946,27848000.0,1.0,2,6.073132,38311489.452438,38311489.452438,1279931143.7391295,3458109793.3721523,79813647.29455121,4080205302.1098123,25861991798.44004,0,0,3
Z3,7,10, 4K,13192.0,0.000846,15593380.614657,13192000.0,1.0,2,6.073132,35408976.38618,35408976.38618,1279931143.7391295,3458109793.3721523,79813647.29455121,4080205302.1098123,25861991798.44004,0,0,3
Z3,8,10, 4K,11896.0,0.000855,13913450.292398,11896000.0,1.0,2,6.073132,35072990.321728,35072990.321728,1279931143.7391295,3458109793.3721523,79813647.29455121,4080205302.1098123,25861991798.44004,0,0,3
Z3,9,10, 4K,11528.0,0.000823,14007290.400972,11528000.0,1.0,2,6.073132,35091758.343443,35091758.343443,1279931143.7391295,3458109793.3721523,79813647.29455121,4080205302.1098123,25861991798.44004,0,0,3
Z3,10,10, 4K,75360.0,0.001067,70627928.772259,75360000.0,1.0,2,6.073132,46415886.0177,46415886.0177,1279931143.7391295,3458109793.3721523,79813647.29455121,4080205302.1098123,25861991798.44004,0,0,3
Z3,11,10, 4K,100176.0,0.001474,67962008.141113,100176000.0,1.0,2,6.073132,45882701.891471,45882701.891471,1279931143.7391295,3458109793.3721523,79813647.29455121,4080205302.1098123,25861991798.44004,0,0,3
Z3,12,10, 4K,71264.0,0.00134,53182089.552239,71264000.0,1.0,2,6.073132,42926718.173696,42926718.173696,1279931143.7391295,3458109793.3721523,79813647.29455121,4080205302.1098123,25861991798.44004,0,0,3
Z3,13,10, 4K,87864.0,0.001539,57091617.933723,87864000.0,1.0,2,6.073132,43708623.849993,43708623.849993,1279931143.7391295,3458109793.3721523,79813647.29455121,4080205302.1098123,25861991798.44004,0,0,3
Z3,14,10, 4K,125616.0,0.002043,61486049.926579,62808000.0,1.0,2,6.073132,44587510.248564,44587510.248564,1279931143.7391295,3458109793.3721523,79813647.29455121,4080205302.1098123,25861991798.44004,0,0,3
Z3,15,10, 4K,148008.0,0.002185,67738215.102975,74004000.0,1.0,2,6.073132,45837943.283844,45837943.283844,1279931143.7391295,3458109793.3721523,79813647.29455121,4080205302.1098123,25861991798.44004,0,0,3
Z3,16,10, 4K,196960.0,0.002144,91865671.641791,98480000.0,1.0,2,6.073132,50663434.591607,50663434.591607,1279931143.7391295,3458109793.3721523,79813647.29455121,4080205302.1098123,25861991798.44004,0,0,3
Z3,17,10, 4K,128568.0,0.001428,90033613.445378,128568000.0,1.0,2,6.073132,50297022.952324,50297022.952324,1279931143.7391295,3458109793.3721523,79813647.29455121,4080205302.1098123,25861991798.44004,0,0,3
Z3,18,10, 4K,101392.0,0.001406,72113798.008535,101392000.0,1.0,2,6.073132,46713059.864956,46713059.864956,1279931143.7391295,3458109793.3721523,79813647.29455121,4080205302.1098123,25861991798.44004,0,0,3
Z3,19,10, 4K,96624.0,0.001498,64502002.670227,96624000.0,1.0,2,6.073132,45190700.797294,45190700.797294,1279931143.7391295,3458109793.3721523,79813647.29455121,4080205302.1098123,25861991798.44004,0,0,3
Z3,20,10, 4K,99416.0,0.001195,83193305.439331,99416000.0,1.0,2,6.073132,48928961.351115,48928961.351115,1279931143.7391295,3458109793.3721523,79813647.29455121,4080205302.1098123,25861991798.44004,0,0,3
Z3,21,10, 4K,235888.0,0.002234,105589973.142346,117944000.0,1.0,2,6.073132,53408294.891718,53408294.891718,1279931143.7391295,3458109793.3721523,79813647.29455121,4080205302.1098123,25861991798.44004,0,0,3
Z3,22,10, 4K,238056.0,0.002172,109602209.944751,119028000.0,1.0,2,6.073132,54210742.252199,54210742.252199,1279931143.7391295,3458109793.3721523,79813647.29455121,4080205302.1098123,25861991798.44004,0,0,3
Z3,23,10, 4K,231240.0,0.002173,106415094.339623,115620000.0,1.0,2,6.073132,53573319.131173,53573319.131173,1279931143.7391295,3458109793.3721523,79813647.29455121,4080205302.1098123,25861991798.44004,0,0,3
Z3,24,10, 4K,299680.0,0.002404,124658901.830283,149840000.0,1.0,2,6.073132,57222080.629305,57222080.629305,1279931143.7391295,3458109793.3721523,79813647.29455121,4080205302.1098123,25861991798.44004,0,0,3
Z3,25,10, 4K,228120.0,0.001896,120316455.696203,228120000.0,1.0,2,6.073132,56353591.402489,56353591.402489,1279931143.7391295,3458109793.3721523,79813647.29455121,4080205302.1098123,25861991798.44004,0,0,3
Z3,26,10, 4K,227320.0,0.001981,114750126.198889,227320000.0,1.0,2,6.073132,55240325.503026,55240325.503026,1279931143.7391295,3458109793.3721523,79813647.29455121,4080205302.1098123,25861991798.44004,0,0,3
Z3,27,10, 4K,304072.0,0.002176,139738970.588235,152036000.0,1.0,2,6.073132,60238094.380896,60238094.380896,1279931143.7391295,3458109793.3721523,79813647.29455121,4080205302.1098123,25861991798.44004,0,0,3
Z3,28,10, 4K,353400.0,0.002188,161517367.458867,176700000.0,1.0,2,6.073132,64593773.755022,64593773.755022,1279931143.7391295,3458109793.3721523,79813647.29455121,4080205302.1098123,25861991798.44004,0,0,3
Z3,29,10, 4K,172656.0,0.001384,124751445.086705,172656000.0,1.0,2,6.073132,57240589.28059,57240589.28059,1279931143.7391295,3458109793.3721523,79813647.29455121,4080205302.1098123,25861991798.44004,0,0,3
Z3,30,10, 4K,98848.0,0.00132,74884848.484848,98848000.0,1.0,2,6.073132,47267269.960218,47267269.960218,1279931143.7391295,3458109793.3721523,79813647.29455121,4080205302.1098123,25861991798.44004,0,0,3
Z3,31,10, 4K,91496.0,0.001379,66349528.643945,91496000.0,1.0,2,6.073132,45560205.992038,45560205.992038,1279931143.7391295,3458109793.3721523,79813647.29455121,4080205302.1098123,25861991798.44004,0,0,3
Z3,32,10, 4K,97576.0,0.001347,72439495.174462,97576000.0,1.0,2,6.073132,46778199.298141,46778199.298141,1279931143.7391295,3458109793.3721523,79813647.29455121,4080205302.1098123,25861991798.44004,0,0,3
Z3,33,10, 4K,97704.0,0.001395,70038709.677419,97704000.0,1.0,2,6.073132,46298042.198732,46298042.198732,1279931143.7391295,3458109793.3721523,79813647.29455121,4080205302.1098123,25861991798.44004,0,0,3
Z3,34,10, 4K,88320.0,0.00127,69543307.086614,88320000.0,1.0,2,6.073132,46198961.680571,46198961.680571,1279931143.7391295,3458109793.3721523,79813647.29455121,4080205302.1098123,25861991798.44004,0,0,3
Z3,35,10, 4K,87440.0,0.001151,75968722.849696,87440000.0,1.0,2,6.073132,47484044.833188,47484044.833188,1279931143.7391295,3458109793.3721523,79813647.29455121,4080205302.1098123,25861991798.44004,0,0,3
Z3,36,10, 4K,104440.0,0.00142,73549295.774648,104440000.0,1.0,2,6.073132,47000159.418178,47000159.418178,1279931143.7391295,3458109793.3721523,79813647.29455121,4080205302.1098123,25861991798.44004,0,0,3
Z3,37,10, 4K,121960.0,0.00136,89676470.588235,121960000.0,1.0,2,6.073132,50225594.380896,50225594.380896,1279931143.7391295,3458109793.3721523,79813647.29455121,4080205302.1098123,25861991798.44004,0,0,3
Z3,38,10, 4K,101328.0,0.001381,73372918.175235,101328000.0,1.0,2,6.073132,46964883.898296,46964883.898296,1279931143.7391295,3458109793.3721523,79813647.29455121,4080205302.1098123,25861991798.44004,0,0,3
Z1,0,11, 4K,187144.0,0.02155,8684176.334107,8911616.0,1.858871,2,6.214261,43810185.984339,43810185.984339,1279931143.7391295,3458109793.3721523,79813647.29455121,4080205302.1098123,25861991798.44004,0,0,3
Z2,0,11, 4K,6624.0,0.02178,304132.231405,315424.0,1.858871,2,6.214261,42134177.163799,42134177.163799,1279931143.7391295,3458109793.3721523,79813647.29455121,4080205302.1098123,25861991798.44004,0,0,3
Z2,1,11, 4K,30984.0,0.00083,37330120.481928,30984000.0,1.858871,2,6.214261,49539374.813903,49539374.813903,1279931143.7391295,3458109793.3721523,79813647.29455121,4080205302.1098123,25861991798.44004,0,0,3
Z2,2,11, 4K,15416.0,0.000953,16176285.414481,15416000.0,1.858871,2,6.214261,45308607.800414,45308607.800414,1279931143.7391295,3458109793.3721523,79813647.29455121,4080205302.1098123,25861991798.44004,0,0,3
Z2,3,11, 4K,106528.0,0.001213,87821929.101401,106528000.0,1.858871,2,6.214261,59637736.537798,59637736.537798,1279931143.7391295,3458109793.3721523,79813647.29455121,4080205302.1098123,25861991798.44004,0,0,3
Z2,4,11, 4K,207096.0,0.01593,13000376.647834,13806400.0,1.858871,2,6.214261,44673426.047084,44673426.047084,1279931143.7391295,3458109793.3721523,79813647.29455121,4080205302.1098123,25861991798.44004,0,0,3
Z2,5,11, 4K,144872.0,0.020115,7202187.422322,7243600.0,1.858871,2,6.214261,43513788.201982,43513788.201982,1279931143.7391295,3458109793.3721523,79813647.29455121,4080205302.1098123,25861991798.44004,0,0,3
Z2,6,11, 4K,96736.0,0.001818,53210121.012101,96736000.0,1.858871,2,6.214261,52715374.919938,52715374.919938,1279931143.7391295,3458109793.3721523,79813647.29455121,4080205302.1098123,25861991798.44004,0,0,3
Z2,7,11, 4K,148752.0,0.002763,53837133.550489,74376000.0,1.858871,2,6.214261,52840777.427615,52840777.427615,1279931143.7391295,3458109793.3721523,79813647.29455121,4080205302.1098123,25861991798.44004,0,0,3
Z3,0,11, 4K,34936.0,1.033023,33819.188924,33816.0,1.858871,2,6.214261,42080114.555302,42080114.555302,1279931143.7391295,3458109793.3721523,79813647.29455121,4080205302.1098123,25861991798.44004,0,0,3
Z3,1,11, 4K,27632.0,0.00099,27911111.111111,27632000.0,1.858871,2,6.214261,47655572.93974,47655572.93974,1279931143.7391295,3458109793.3721523,79813647.29455121,4080205302.1098123,25861991798.44004,0,0,3
Z3,2,11, 4K,23520.0,0.015222,1545132.045723,1568000.0,1.858871,2,6.214261,42382377.126662,42382377.126662,1279931143.7391295,3458109793.3721523,79813647.29455121,4080205302.1098123,25861991798.44004,0,0,3
Z3,3,11, 4K,31368.0,0.000915,34281967.213115,31368000.0,1.858871,2,6.214261,48929744.160141,48929744.160141,1279931143.7391295,3458109793.3721523,79813647.29455121,4080205302.1098123,25861991798.44004,0,0,3
Z3,4,11, 4K,54312.0,0.001581,34352941.176471,54312000.0,1.858871,2,6.214261,48943938.952812,48943938.952812,1279931143.7391295,3458109793.3721523,79813647.29455121,4080205302.1098123,25861991798.44004,0,0,3
Z3,5,11, 4K,40752.0,0.001019,39992149.165849,40752000.0,1.858871,2,6.214261,50071780.550687,50071780.550687,1279931143.7391295,3458109793.3721523,79813647.29455121,4080205302.1098123,25861991798.44004,0,0,3
Z3,6,11, 4K,38360.0,0.001027,37351509.250243,38360000.0,1.858871,2,6.214261,49543652.567566,49543652.567566,1279931143.7391295,3458109793.3721523,79813647.29455121,4080205302.1098123,25861991798.44004,0,0,3
Z3,7,11, 4K,36560.0,0.004974,7350221.14998,9140000.0,1.858871,2,6.214261,43543394.947514,43543394.947514,1279931143.7391295,3458109793.3721523,79813647.29455121,4080205302.1098123,25861991798.44004,0,0,3
Z3,8,11, 4K,21080.0,0.000845,24946745.56213,21080000.0,1.858871,2,6.214261,47062699.829944,47062699.829944,1279931143.7391295,3458109793.3721523,79813647.29455121,4080205302.1098123,25861991798.44004,0,0,3
Z3,9,11, 4K,20560.0,0.00073,28164383.561644,20560000.0,1.858871,2,6.214261,47706227.429846,47706227.429846,1279931143.7391295,3458109793.3721523,79813647.29455121,4080205302.1098123,25861991798.44004,0,0,3
Z3,10,11, 4K,91920.0,0.001789,51380659.586361,91920000.0,1.858871,2,6.214261,52349482.63479,52349482.63479,1279931143.7391295,3458109793.3721523,79813647.29455121,4080205302.1098123,25861991798.44004,0,0,3
Z3,11,11, 4K,138720.0,0.020579,6740852.325186,6936000.0,1.858871,2,6.214261,43421521.182555,43421521.182555,1279931143.7391295,3458109793.3721523,79813647.29455121,4080205302.1098123,25861991798.44004,0,0,3
Z3,12,11, 4K,120856.0,0.00235,51428085.106383,60428000.0,1.858871,2,6.214261,52358967.738794,52358967.738794,1279931143.7391295,3458109793.3721523,79813647.29455121,4080205302.1098123,25861991798.44004,0,0,3
Z3,13,11, 4K,114584.0,0.001706,67165298.9449,114584000.0,1.858871,2,6.214261,55506410.506498,55506410.506498,1279931143.7391295,3458109793.3721523,79813647.29455121,4080205302.1098123,25861991798.44004,0,0,3
Z3,14,11, 4K,144272.0,0.003706,38929303.831624,48090664.0,1.858871,2,6.214261,49859211.483843,49859211.483843,1279931143.7391295,3458109793.3721523,79813647.29455121,4080205302.1098123,25861991798.44004,0,0,3
Z3,15,11, 4K,138616.0,0.002666,51993998.499625,69308000.0,1.858871,2,6.214261,52472150.417443,52472150.417443,1279931143.7391295,3458109793.3721523,79813647.29455121,4080205302.1098123,25861991798.44004,0,0,3
Z3,16,11, 4K,211528.0,0.003278,64529591.214155,70509328.0,1.858871,2,6.214261,54979268.960349,54979268.960349,1279931143.7391295,3458109793.3721523,79813647.29455121,4080205302.1098123,25861991798.44004,0,0,3
Z3,17,11, 4K,135616.0,0.002756,49207547.169811,67808000.0,1.858871,2,6.214261,51914860.15148,51914860.15148,1279931143.7391295,3458109793.3721523,79813647.29455121,4080205302.1098123,25861991798.44004,0,0,3
Z3,18,11, 4K,99488.0,0.001819,54693787.795492,99488000.0,1.858871,2,6.214261,53012108.276616,53012108.276616,1279931143.7391295,3458109793.3721523,79813647.29455121,4080205302.1098123,25861991798.44004,0,0,3
Z3,19,11, 4K,90224.0,0.001919,47016154.247004,90224000.0,1.858871,2,6.214261,51476581.566918,51476581.566918,1279931143.7391295,3458109793.3721523,79813647.29455121,4080205302.1098123,25861991798.44004,0,0,3
Z3,20,11, 4K,89648.0,0.002171,41293413.173653,44824000.0,1.858871,2,6.214261,50332033.352248,50332033.352248,1279931143.7391295,3458109793.3721523,79813647.29455121,4080205302.1098123,25861991798.44004,0,0,3
Z3,21,11, 4K,254456.0,0.003945,64500887.198986,84818664.0,1.858871,2,6.214261,54973528.157315,54973528.157315,1279931143.7391295,3458109793.3721523,79813647.29455121,4080205302.1098123,25861991798.44004,0,0,3
Z3,22,11, 4K,295200.0,0.003826,77156299.006796,98400000.0,1.858871,2,6.214261,57504610.518877,57504610.518877,1279931143.7391295,3458109793.3721523,79813647.29455121,4080205302.1098123,25861991798.44004,0,0,3
Z3,23,11, 4K,337696.0,0.004193,80538039.589793,84424000.0,1.858871,2,6.214261,58180958.635476,58180958.635476,1279931143.7391295,3458109793.3721523,79813647.29455121,4080205302.1098123,25861991798.44004,0,0,3
Z3,24,11, 4K,372720.0,0.004776,78040201.005025,93180000.0,1.858871,2,6.214261,57681390.918523,57681390.918523,1279931143.7391295,3458109793.3721523,79813647.29455121,4080205302.1098123,25861991798.44004,0,0,3
Z3,25,11, 4K,225672.0,0.003018,74775347.912525,75224000.0,1.858871,2,6.214261,57028420.300023,57028420.300023,1279931143.7391295,3458109793.3721523,79813647.29455121,4080205302.1098123,25861991798.44004,0,0,3
Z3,26,11, 4K,265312.0,0.003067,86505379.850016,88437328.0,1.858871,2,6.214261,59374426.687521,59374426.687521,1279931143.7391295,3458109793.3721523,79813647.29455121,4080205302.1098123,25861991798.44004,0,0,3
Z3,27,11, 4K,373248.0,0.005088,73358490.566038,74649600.0,1.858871,2,6.214261,56745048.830725,56745048.830725,1279931143.7391295,3458109793.3721523,79813647.29455121,4080205302.1098123,25861991798.44004,0,0,3
Z3,28,11, 4K,513952.0,0.027987,18363954.69325,19035256.0,1.858871,2,6.214261,45746141.656168,45746141.656168,1279931143.7391295,3458109793.3721523,79813647.29455121,4080205302.1098123,25861991798.44004,0,0,3
Z3,29,11, 4K,265808.0,0.002829,93958289.148109,132904000.0,1.858871,2,6.214261,60865008.547139,60865008.547139,1279931143.7391295,3458109793.3721523,79813647.29455121,4080205302.1098123,25861991798.44004,0,0,3
Z3,30,11, 4K,102392.0,0.001739,58879815.986199,102392000.0,1.858871,2,6.214261,53849313.914757,53849313.914757,1279931143.7391295,3458109793.3721523,79813647.29455121,4080205302.1098123,25861991798.44004,0,0,3
Z3,31,11, 4K,91552.0,0.001679,54527695.056581,91552000.0,1.858871,2,6.214261,52978889.728834,52978889.728834,1279931143.7391295,3458109793.3721523,79813647.29455121,4080205302.1098123,25861991798.44004,0,0,3
Z3,32,11, 4K,101968.0,0.001847,55207363.291825,101968000.0,1.858871,2,6.214261,53114823.375883,53114823.375883,1279931143.7391295,3458109793.3721523,79813647.29455121,4080205302.1098123,25861991798.44004,0,0,3
Z3,33,11, 4K,107392.0,0.001807,59431101.272828,107392000.0,1.858871,2,6.214261,53959570.972083,53959570.972083,1279931143.7391295,3458109793.3721523,79813647.29455121,4080205302.1098123,25861991798.44004,0,0,3
Z3,34,11, 4K,80560.0,0.001158,69568221.070812,80560000.0,1.858871,2,6.214261,55986994.93168,55986994.93168,1279931143.7391295,3458109793.3721523,79813647.29455121,4080205302.1098123,25861991798.44004,0,0,3
Z3,35,11, 4K,93112.0,0.002218,41980162.308386,46556000.0,1.858871,2,6.214261,50469383.179195,50469383.179195,1279931143.7391295,3458109793.3721523,79813647.29455121,4080205302.1098123,25861991798.44004,0,0,3
Z3,36,11, 4K,90024.0,0.001806,49847176.079734,90024000.0,1.858871,2,6.214261,52042785.933464,52042785.933464,1279931143.7391295,3458109793.3721523,79813647.29455121,4080205302.1098123,25861991798.44004,0,0,3
Z3,37,11, 4K,76112.0,0.020161,3775209.563018,3805600.0,1.858871,2,6.214261,42828392.630121,42828392.630121,1279931143.7391295,3458109793.3721523,79813647.29455121,4080205302.1098123,25861991798.44004,0,0,3
Z3,38,11, 4K,104384.0,0.002274,45903254.177661,52192000.0,1.858871,2,6.214261,51254001.55305,51254001.55305,1279931143.7391295,3458109793.3721523,79813647.29455121,4080205302.1098123,25861991798.44004,0,0,3
Z1,0,12, 4K,115864.0,0.021711,5336649.624614,5517328.0,1.567618,2,7.505514,48708863.070222,48708863.070222,1279931143.7391295,3458109793.3721523,79813647.29455121,4080205302.1098123,25861991798.44004,0,0,3
Z2,0,12, 4K,6624.0,0.021356,310170.443903,315424.0,1.567618,2,7.505514,47703567.23408,47703567.23408,1279931143.7391295,3458109793.3721523,79813647.29455121,4080205302.1098123,25861991798.44004,0,0,3
Z2,1,12, 4K,11424.0,0.000917,12458015.267176,11424000.0,1.567618,2,7.505514,50133136.198734,50133136.198734,1279931143.7391295,3458109793.3721523,79813647.29455121,4080205302.1098123,25861991798.44004,0,0,3
Z2,2,12, 4K,11144.0,0.000957,11644723.092999,11144000.0,1.567618,2,7.505514,49970477.763899,49970477.763899,1279931143.7391295,3458109793.3721523,79813647.29455121,4080205302.1098123,25861991798.44004,0,0,3
Z2,3,12, 4K,12184.0,0.001031,11817652.764306,12184000.0,1.567618,2,7.505514,50005063.69816,50005063.69816,1279931143.7391295,3458109793.3721523,79813647.29455121,4080205302.1098123,25861991798.44004,0,0,3
Z2,4,12, 4K,141952.0,0.001908,74398322.851153,141952000.0,1.567618,2,7.505514,62521197.71553,62521197.71553,1279931143.7391295,3458109793.3721523,79813647.29455121,4080205302.1098123,25861991798.44004,0,0,3
Z2,5,12, 4K,104480.0,0.001479,70642325.895876,104480000.0,1.567618,2,7.505514,61769998.324474,61769998.324474,1279931143.7391295,3458109793.3721523,79813647.29455121,4080205302.1098123,25861991798.44004,0,0,3
Z2,6,12, 4K,439328.0,0.017516,25081525.462434,25842816.0,1.567618,2,7.505514,52657838.237786,52657838.237786,1279931143.7391295,3458109793.3721523,79813647.29455121,4080205302.1098123,25861991798.44004,0,0,3
Z2,7,12, 4K,256424.0,0.003747,68434480.918068,85474664.0,1.567618,2,7.505514,61328429.328913,61328429.328913,1279931143.7391295,3458109793.3721523,79813647.29455121,4080205302.1098123,25861991798.44004,0,0,3
Z3,0,12, 4K,20480.0,0.049852,410816.015406,417952.0,1.567618,2,7.505514,47723696.34838,47723696.34838,1279931143.7391295,3458109793.3721523,79813647.29455121,4080205302.1098123,25861991798.44004,0,0,3
Z3,1,12, 4K,19496.0,0.000853,22855803.048066,19496000.0,1.567618,2,7.505514,52212693.754912,52212693.754912,1279931143.7391295,3458109793.3721523,79813647.29455121,4080205302.1098123,25861991798.44004,0,0,3
Z3,2,12, 4K,41600.0,0.000971,42842430.484037,41600000.0,1.567618,2,7.505514,56210019.242107,56210019.242107,1279931143.7391295,3458109793.3721523,79813647.29455121,4080205302.1098123,25861991798.44004,0,0,3
Z3,3,12, 4K,26232.0,0.000913,28731653.88828,26232000.0,1.567618,2,7.505514,53387863.922955,53387863.922955,1279931143.7391295,3458109793.3721523,79813647.29455121,4080205302.1098123,25861991798.44004,0,0,3
Z3,4,12, 4K,35912.0,0.001008,35626984.126984,35912000.0,1.567618,2,7.505514,54766929.970696,54766929.970696,1279931143.7391295,3458109793.3721523,79813647.29455121,4080205302.1098123,25861991798.44004,0,0,3
Z3,5,12, 4K,31912.0,0.01575,2026158.730159,2127464.0,1.567618,2,7.505514,48046764.891331,48046764.891331,1279931143.7391295,3458109793.3721523,79813647.29455121,4080205302.1098123,25861991798.44004,0,0,3
Z3,6,12, 4K,19240.0,0.000983,19572736.520855,19240000.0,1.567618,2,7.505514,51556080.44947,51556080.44947,1279931143.7391295,3458109793.3721523,79813647.29455121,4080205302.1098123,25861991798.44004,0,0,3
Z3,7,12, 4K,15136.0,0.000838,18062052.505967,15136000.0,1.567618,2,7.505514,51253943.646492,51253943.646492,1279931143.7391295,3458109793.3721523,79813647.29455121,4080205302.1098123,25861991798.44004,0,0,3
Z3,8,12, 4K,11880.0,0.000851,13960047.003525,11880000.0,1.567618,2,7.505514,50433542.546004,50433542.546004,1279931143.7391295,3458109793.3721523,79813647.29455121,4080205302.1098123,25861991798.44004,0,0,3
Z3,9,12, 4K,110704.0,0.002461,44983340.105648,55352000.0,1.567618,2,7.505514,56638201.166429,56638201.166429,1279931143.7391295,3458109793.3721523,79813647.29455121,4080205302.1098123,25861991798.44004,0,0,3
Z3,10,12, 4K,129784.0,0.002236,58042933.810376,64892000.0,1.567618,2,7.505514,59250119.907374,59250119.907374,1279931143.7391295,3458109793.3721523,79813647.29455121,4080205302.1098123,25861991798.44004,0,0,3
Z3,11,12, 4K,166568.0,0.002044,81491193.737769,83284000.0,1.567618,2,7.505514,63939771.892853,63939771.892853,1279931143.7391295,3458109793.3721523,79813647.29455121,4080205302.1098123,25861991798.44004,0,0,3
Z3,12,12, 4K,122960.0,0.004834,25436491.518411,30740000.0,1.567618,2,7.505514,52728831.448981,52728831.448981,1279931143.7391295,3458109793.3721523,79813647.29455121,4080205302.1098123,25861991798.44004,0,0,3
Z3,13,12, 4K,171640.0,0.002055,83523114.355231,85820000.0,1.567618,2,7.505514,64346156.016345,64346156.016345,1279931143.7391295,3458109793.3721523,79813647.29455121,4080205302.1098123,25861991798.44004,0,0,3
Z3,14,12, 4K,164560.0,0.001982,83027245.206862,164560000.0,1.567618,2,7.505514,64246982.186671,64246982.186671,1279931143.7391295,3458109793.3721523,79813647.29455121,4080205302.1098123,25861991798.44004,0,0,3
Z3,15,12, 4K,200832.0,0.002363,84990266.610241,100416000.0,1.567618,2,7.505514,64639586.467347,64639586.467347,1279931143.7391295,3458109793.3721523,79813647.29455121,4080205302.1098123,25861991798.44004,0,0,3
Z3,16,12, 4K,163440.0,0.002006,81475573.28016,81720000.0,1.567618,2,7.505514,63936647.801331,63936647.801331,1279931143.7391295,3458109793.3721523,79813647.29455121,4080205302.1098123,25861991798.44004,0,0,3
Z3,17,12, 4K,195408.0,0.002365,82624947.145877,97704000.0,1.567618,2,7.505514,64166522.574475,64166522.574475,1279931143.7391295,3458109793.3721523,79813647.29455121,4080205302.1098123,25861991798.44004,0,0,3
Z3,18,12, 4K,214760.0,0.002302,93292788.879235,107380000.0,1.567618,2,7.505514,66300090.921146,66300090.921146,1279931143.7391295,3458109793.3721523,79813647.29455121,4080205302.1098123,25861991798.44004,0,0,3
Z3,19,12, 4K,248576.0,0.003571,69609633.155979,82858664.0,1.567618,2,7.505514,61563459.776495,61563459.776495,1279931143.7391295,3458109793.3721523,79813647.29455121,4080205302.1098123,25861991798.44004,0,0,3
Z3,20,12, 4K,345040.0,0.004209,81976716.559753,86260000.0,1.567618,2,7.505514,64036876.45725,64036876.45725,1279931143.7391295,3458109793.3721523,79813647.29455121,4080205302.1098123,25861991798.44004,0,0,3
Z3,21,12, 4K,295296.0,0.003116,94767650.834403,98432000.0,1.567618,2,7.505514,66595063.31218,66595063.31218,1279931143.7391295,3458109793.3721523,79813647.29455121,4080205302.1098123,25861991798.44004,0,0,3
Z3,22,12, 4K,385520.0,0.004588,84027898.866609,96380000.0,1.567618,2,7.505514,64447112.918621,64447112.918621,1279931143.7391295,3458109793.3721523,79813647.29455121,4080205302.1098123,25861991798.44004,0,0,3
Z3,23,12, 4K,219952.0,0.00322,68308074.534161,73317328.0,1.567618,2,7.505514,61303148.052131,61303148.052131,1279931143.7391295,3458109793.3721523,79813647.29455121,4080205302.1098123,25861991798.44004,0,0,3
Z3,24,12, 4K,323240.0,0.00376,85968085.106383,107746664.0,1.567618,2,7.505514,64835150.166576,64835150.166576,1279931143.7391295,3458109793.3721523,79813647.29455121,4080205302.1098123,25861991798.44004,0,0,3
Z3,25,12, 4K,481656.0,0.005546,86847457.627119,96331200.0,1.567618,2,7.505514,65011024.670723,65011024.670723,1279931143.7391295,3458109793.3721523,79813647.29455121,4080205302.1098123,25861991798.44004,0,0,3
Z3,26,12, 4K,552784.0,0.00645,85702945.736434,92130664.0,1.567618,2,7.505514,64782122.292586,64782122.292586,1279931143.7391295,3458109793.3721523,79813647.29455121,4080205302.1098123,25861991798.44004,0,0,3
Z3,27,12, 4K,177168.0,0.002216,79949458.483755,88584000.0,1.567618,2,7.505514,63631424.84205,63631424.84205,1279931143.7391295,3458109793.3721523,79813647.29455121,4080205302.1098123,25861991798.44004,0,0,3
Z3,28,12, 4K,80536.0,0.016774,4801240.014308,5033496.0,1.567618,2,7.505514,48601781.148161,48601781.148161,1279931143.7391295,3458109793.3721523,79813647.29455121,4080205302.1098123,25861991798.44004,0,0,3
Z3,29,12, 4K,78928.0,0.002344,33672354.948805,39464000.0,1.567618,2,7.505514,54376004.13506,54376004.13506,1279931143.7391295,3458109793.3721523,79813647.29455121,4080205302.1098123,25861991798.44004,0,0,3
Z3,30,12, 4K,90936.0,0.001775,51231549.295775,90936000.0,1.567618,2,7.505514,57887843.004454,57887843.004454,1279931143.7391295,3458109793.3721523,79813647.29455121,4080205302.1098123,25861991798.44004,0,0,3
Z3,31,12, 4K,108688.0,0.001849,58782044.348296,108688000.0,1.567618,2,7.505514,59397942.014958,59397942.014958,1279931143.7391295,3458109793.3721523,79813647.29455121,4080205302.1098123,25861991798.44004,0,0,3
Z3,32,12, 4K,106656.0,0.001901,56105207.785376,106656000.0,1.567618,2,7.505514,58862574.702374,58862574.702374,1279931143.7391295,3458109793.3721523,79813647.29455121,4080205302.1098123,25861991798.44004,0,0,3
Z3,33,12, 4K,105120.0,0.001811,58045278.851463,105120000.0,1.567618,2,7.505514,59250588.915592,59250588.915592,1279931143.7391295,3458109793.3721523,79813647.29455121,4080205302.1098123,25861991798.44004,0,0,3
Z3,34,12, 4K,114168.0,0.001856,61512931.034483,114168000.0,1.567618,2,7.505514,59944119.352196,59944119.352196,1279931143.7391295,3458109793.3721523,79813647.29455121,4080205302.1098123,25861991798.44004,0,0,3
Z3,35,12, 4K,172408.0,0.002449,70399346.672111,86204000.0,1.567618,2,7.505514,61721402.479721,61721402.479721,1279931143.7391295,3458109793.3721523,79813647.29455121,4080205302.1098123,25861991798.44004,0,0,3
Z3,36,12, 4K,121920.0,0.002016,60476190.47619,60960000.0,1.567618,2,7.505514,59736771.240537,59736771.240537,1279931143.7391295,3458109793.3721523,79813647.29455121,4080205302.1098123,25861991798.44004,0,0,3
Z3,37,12, 4K,90808.0,0.00191,47543455.497382,90808000.0,1.567618,2,7.505514,57150224.244776,57150224.244776,1279931143.7391295,3458109793.3721523,79813647.29455121,4080205302.1098123,25861991798.44004,0,0,3
Z3,38,12, 4K,97728.0,0.001699,57520894.643908,97728000.0,1.567618,2,7.505514,59145712.074081,59145712.074081,1279931143.7391295,3458109793.3721523,79813647.29455121,4080205302.1098123,25861991798.44004,0,0,3
Z1,0,13, 4K,231376.0,0.021814,10606766.296874,11017904.0,1.320586,2,7.752546,51817587.981539,51817587.981539,1279931143.7391295,3458109793.3721523,79813647.29455121,4080205302.1098123,25861991798.44004,0,0,3
Z2,0,13, 4K,6624.0,0.023388,283222.165213,288000.0,1.320586,2,7.752546,49752879.155207,49752879.155207,1279931143.7391295,3458109793.3721523,79813647.29455121,4080205302.1098123,25861991798.44004,0,0,3
Z2,1,13, 4K,14096.0,0.000937,15043756.670224,14096000.0,1.320586,2,7.752546,52704986.056209,52704986.056209,1279931143.7391295,3458109793.3721523,79813647.29455121,4080205302.1098123,25861991798.44004,0,0,3
Z2,2,13, 4K,12072.0,0.000994,12144869.215292,12072000.0,1.320586,2,7.752546,52125208.565223,52125208.565223,1279931143.7391295,3458109793.3721523,79813647.29455121,4080205302.1098123,25861991798.44004,0,0,3
Z2,3,13, 4K,11568.0,0.000886,13056433.408578,11568000.0,1.320586,2,7.752546,52307521.40388,52307521.40388,1279931143.7391295,3458109793.3721523,79813647.29455121,4080205302.1098123,25861991798.44004,0,0,3
Z2,4,13, 4K,265632.0,0.002663,99749155.088246,132816000.0,1.320586,2,7.752546,69646065.739814,69646065.739814,1279931143.7391295,3458109793.3721523,79813647.29455121,4080205302.1098123,25861991798.44004,0,0,3
Z2,5,13, 4K,183344.0,0.22437,817150.242902,818496.0,1.320586,2,7.752546,49859664.770745,49859664.770745,1279931143.7391295,3458109793.3721523,79813647.29455121,4080205302.1098123,25861991798.44004,0,0,3
Z2,6,13, 4K,344104.0,0.004246,81041921.808761,86026000.0,1.320586,2,7.752546,65904619.083917,65904619.083917,1279931143.7391295,3458109793.3721523,79813647.29455121,4080205302.1098123,25861991798.44004,0,0,3
Z2,7,13, 4K,316392.0,0.006129,51622124.32697,52732000.0,1.320586,2,7.752546,60020659.587558,60020659.587558,1279931143.7391295,3458109793.3721523,79813647.29455121,4080205302.1098123,25861991798.44004,0,0,3
Z3,0,13, 4K,18240.0,0.023055,791151.594014,793040.0,1.320586,2,7.752546,49854465.040967,49854465.040967,1279931143.7391295,3458109793.3721523,79813647.29455121,4080205302.1098123,25861991798.44004,0,0,3
Z3,1,13, 4K,19120.0,0.001189,16080740.117746,19120000.0,1.320586,2,7.752546,52912382.745714,52912382.745714,1279931143.7391295,3458109793.3721523,79813647.29455121,4080205302.1098123,25861991798.44004,0,0,3
Z3,2,13, 4K,17576.0,0.000958,18346555.323591,17576000.0,1.320586,2,7.752546,53365545.786883,53365545.786883,1279931143.7391295,3458109793.3721523,79813647.29455121,4080205302.1098123,25861991798.44004,0,0,3
Z3,3,13, 4K,13752.0,0.000936,14692307.692308,13752000.0,1.320586,2,7.752546,52634696.260626,52634696.260626,1279931143.7391295,3458109793.3721523,79813647.29455121,4080205302.1098123,25861991798.44004,0,0,3
Z3,4,13, 4K,20424.0,0.000848,24084905.660377,20424000.0,1.320586,2,7.752546,54513215.85424,54513215.85424,1279931143.7391295,3458109793.3721523,79813647.29455121,4080205302.1098123,25861991798.44004,0,0,3
Z3,5,13, 4K,31888.0,0.001161,27465977.605512,31888000.0,1.320586,2,7.752546,55189430.243267,55189430.243267,1279931143.7391295,3458109793.3721523,79813647.29455121,4080205302.1098123,25861991798.44004,0,0,3
Z3,6,13, 4K,34824.0,0.000923,37729144.095341,34824000.0,1.320586,2,7.752546,57242063.541233,57242063.541233,1279931143.7391295,3458109793.3721523,79813647.29455121,4080205302.1098123,25861991798.44004,0,0,3
Z3,7,13, 4K,27304.0,0.001156,23619377.16263,27304000.0,1.320586,2,7.752546,54420110.15469,54420110.15469,1279931143.7391295,3458109793.3721523,79813647.29455121,4080205302.1098123,25861991798.44004,0,0,3
Z3,8,13, 4K,24832.0,0.000874,28411899.313501,24832000.0,1.320586,2,7.752546,55378614.584865,55378614.584865,1279931143.7391295,3458109793.3721523,79813647.29455121,4080205302.1098123,25861991798.44004,0,0,3
Z3,9,13, 4K,102416.0,0.001351,75807549.96299,102416000.0,1.320586,2,7.752546,64857744.714762,64857744.714762,1279931143.7391295,3458109793.3721523,79813647.29455121,4080205302.1098123,25861991798.44004,0,0,3
Z3,10,13, 4K,123344.0,0.001984,62169354.83871,123344000.0,1.320586,2,7.752546,62130105.689906,62130105.689906,1279931143.7391295,3458109793.3721523,79813647.29455121,4080205302.1098123,25861991798.44004,0,0,3
Z3,11,13, 4K,125056.0,0.001698,73648998.822144,125056000.0,1.320586,2,7.752546,64426034.486593,64426034.486593,1279931143.7391295,3458109793.3721523,79813647.29455121,4080205302.1098123,25861991798.44004,0,0,3
Z3,12,13, 4K,117608.0,0.20732,567277.638433,568152.0,1.320586,2,7.752546,49809690.249851,49809690.249851,1279931143.7391295,3458109793.3721523,79813647.29455121,4080205302.1098123,25861991798.44004,0,0,3
Z3,13,13, 4K,166128.0,0.001852,89701943.844492,166128000.0,1.320586,2,7.752546,67636623.491063,67636623.491063,1279931143.7391295,3458109793.3721523,79813647.29455121,4080205302.1098123,25861991798.44004,0,0,3
Z3,14,13, 4K,184040.0,0.002202,83578564.940963,92020000.0,1.320586,2,7.752546,66411947.710357,66411947.710357,1279931143.7391295,3458109793.3721523,79813647.29455121,4080205302.1098123,25861991798.44004,0,0,3
Z3,15,13, 4K,326472.0,0.002838,115035940.803383,163236000.0,1.320586,2,7.752546,72703422.882841,72703422.882841,1279931143.7391295,3458109793.3721523,79813647.29455121,4080205302.1098123,25861991798.44004,0,0,3
Z3,16,13, 4K,315832.0,0.002705,116758595.194085,157916000.0,1.320586,2,7.752546,73047953.760981,73047953.760981,1279931143.7391295,3458109793.3721523,79813647.29455121,4080205302.1098123,25861991798.44004,0,0,3
Z3,17,13, 4K,278216.0,0.002925,95116581.196581,139108000.0,1.320586,2,7.752546,68719550.961481,68719550.961481,1279931143.7391295,3458109793.3721523,79813647.29455121,4080205302.1098123,25861991798.44004,0,0,3
Z3,18,13, 4K,213632.0,0.00209,102216267.942584,106816000.0,1.320586,2,7.752546,70139488.310681,70139488.310681,1279931143.7391295,3458109793.3721523,79813647.29455121,4080205302.1098123,25861991798.44004,0,0,3
Z3,19,13, 4K,248704.0,0.002684,92661698.956781,124352000.0,1.320586,2,7.752546,68228574.513521,68228574.513521,1279931143.7391295,3458109793.3721523,79813647.29455121,4080205302.1098123,25861991798.44004,0,0,3
Z3,20,13, 4K,291920.0,0.002662,109661908.339594,145960000.0,1.320586,2,7.752546,71628616.390083,71628616.390083,1279931143.7391295,3458109793.3721523,79813647.29455121,4080205302.1098123,25861991798.44004,0,0,3
Z3,21,13, 4K,272896.0,0.002724,100182085.168869,136448000.0,1.320586,2,7.752546,69732651.755938,69732651.755938,1279931143.7391295,3458109793.3721523,79813647.29455121,4080205302.1098123,25861991798.44004,0,0,3
Z3,22,13, 4K,353984.0,0.002844,124466947.960619,176992000.0,1.320586,2,7.752546,74589624.314288,74589624.314288,1279931143.7391295,3458109793.3721523,79813647.29455121,4080205302.1098123,25861991798.44004,0,0,3
Z3,23,13, 4K,187896.0,0.002095,89687828.162291,93948000.0,1.320586,2,7.752546,67633800.354623,67633800.354623,1279931143.7391295,3458109793.3721523,79813647.29455121,4080205302.1098123,25861991798.44004,0,0,3
Z3,24,13, 4K,267712.0,0.018323,14610707.853517,14872888.0,1.320586,2,7.752546,52618376.292868,52618376.292868,1279931143.7391295,3458109793.3721523,79813647.29455121,4080205302.1098123,25861991798.44004,0,0,3
Z3,25,13, 4K,360608.0,0.00377,95651989.38992,120202664.0,1.320586,2,7.752546,68826632.600148,68826632.600148,1279931143.7391295,3458109793.3721523,79813647.29455121,4080205302.1098123,25861991798.44004,0,0,3
Z3,26,13, 4K,316984.0,0.003551,89266122.219093,105661328.0,1.320586,2,7.752546,67549459.165983,67549459.165983,1279931143.7391295,3458109793.3721523,79813647.29455121,4080205302.1098123,25861991798.44004,0,0,3
Z3,27,13, 4K,217208.0,0.0025,86883200.0,108604000.0,1.320586,2,7.752546,67072874.722164,67072874.722164,1279931143.7391295,3458109793.3721523,79813647.29455121,4080205302.1098123,25861991798.44004,0,0,3
Z3,28,13, 4K,94808.0,0.001655,57285800.60423,94808000.0,1.320586,2,7.752546,61153394.84301,61153394.84301,1279931143.7391295,3458109793.3721523,79813647.29455121,4080205302.1098123,25861991798.44004,0,0,3
Z3,29,13, 4K,89856.0,0.001748,51405034.324943,89856000.0,1.320586,2,7.752546,59977241.587153,59977241.587153,1279931143.7391295,3458109793.3721523,79813647.29455121,4080205302.1098123,25861991798.44004,0,0,3
Z3,30,13, 4K,76680.0,0.001189,64491169.049622,76680000.0,1.320586,2,7.752546,62594468.532089,62594468.532089,1279931143.7391295,3458109793.3721523,79813647.29455121,4080205302.1098123,25861991798.44004,0,0,3
Z3,31,13, 4K,75464.0,0.001142,66080560.420315,75464000.0,1.320586,2,7.752546,62912346.806227,62912346.806227,1279931143.7391295,3458109793.3721523,79813647.29455121,4080205302.1098123,25861991798.44004,0,0,3
Z3,32,13, 4K,75568.0,0.001153,65540329.575022,75568000.0,1.320586,2,7.752546,62804300.637169,62804300.637169,1279931143.7391295,3458109793.3721523,79813647.29455121,4080205302.1098123,25861991798.44004,0,0,3
Z3,33,13, 4K,53048.0,0.001126,47111900.53286,53048000.0,1.320586,2,7.752546,59118614.828736,59118614.828736,1279931143.7391295,3458109793.3721523,79813647.29455121,4080205302.1098123,25861991798.44004,0,0,3
Z3,34,13, 4K,71632.0,0.001154,62072790.294627,71632000.0,1.320586,2,7.752546,62110792.78109,62110792.78109,1279931143.7391295,3458109793.3721523,79813647.29455121,4080205302.1098123,25861991798.44004,0,0,3
Z3,35,13, 4K,124120.0,0.001814,68423373.759647,124120000.0,1.320586,2,7.752546,63380909.474094,63380909.474094,1279931143.7391295,3458109793.3721523,79813647.29455121,4080205302.1098123,25861991798.44004,0,0,3
Z3,36,13, 4K,159576.0,0.002109,75664295.874822,79788000.0,1.320586,2,7.752546,64829093.897129,64829093.897129,1279931143.7391295,3458109793.3721523,79813647.29455121,4080205302.1098123,25861991798.44004,0,0,3
Z3,37,13, 4K,162672.0,0.002079,78245310.24531,81336000.0,1.320586,2,7.752546,65345296.771226,65345296.771226,1279931143.7391295,3458109793.3721523,79813647.29455121,4080205302.1098123,25861991798.44004,0,0,3
Z3,38,13, 4K,176832.0,0.002403,73588014.981273,88416000.0,1.320586,2,7.752546,64413837.718419,64413837.718419,1279931143.7391295,3458109793.3721523,79813647.29455121,4080205302.1098123,25861991798.44004,0,0,3
Z1,0,14, 4K,310648.0,0.021722,14301077.248872,14792760.0,1.0,2,9.360816,52937231.84539,52937231.84539,1279931143.7391295,3458109793.3721523,79813647.29455121,4080205302.1098123,25861991798.44004,0,0,3
Z2,0,14, 4K,6624.0,0.022199,298391.819451,301088.0,1.0,2,9.360816,50136694.759506,50136694.759506,1279931143.7391295,3458109793.3721523,79813647.29455121,4080205302.1098123,25861991798.44004,0,0,3
Z2,1,14, 4K,65528.0,0.001207,54289975.144988,65528000.0,1.0,2,9.360816,60935011.424613,60935011.424613,1279931143.7391295,3458109793.3721523,79813647.29455121,4080205302.1098123,25861991798.44004,0,0,3
Z2,2,14, 4K,36464.0,0.000929,39250807.319699,36464000.0,1.0,2,9.360816,57927177.859555,57927177.859555,1279931143.7391295,3458109793.3721523,79813647.29455121,4080205302.1098123,25861991798.44004,0,0,3
Z2,3,14, 4K,26120.0,0.001227,21287693.561532,26120000.0,1.0,2,9.360816,54334555.107922,54334555.107922,1279931143.7391295,3458109793.3721523,79813647.29455121,4080205302.1098123,25861991798.44004,0,0,3
Z2,4,14, 4K,276584.0,0.002982,92751173.70892,138292000.0,1.0,2,9.360816,68627251.1374,68627251.1374,1279931143.7391295,3458109793.3721523,79813647.29455121,4080205302.1098123,25861991798.44004,0,0,3
Z2,5,14, 4K,275832.0,0.003329,82857314.508862,91944000.0,1.0,2,9.360816,66648479.297388,66648479.297388,1279931143.7391295,3458109793.3721523,79813647.29455121,4080205302.1098123,25861991798.44004,0,0,3
Z2,6,14, 4K,392736.0,0.002751,142761177.753544,196368000.0,1.0,2,9.360816,78629251.946324,78629251.946324,1279931143.7391295,3458109793.3721523,79813647.29455121,4080205302.1098123,25861991798.44004,0,0,3
Z2,7,14, 4K,324128.0,0.00271,119604428.04428,162064000.0,1.0,2,9.360816,73997902.004472,73997902.004472,1279931143.7391295,3458109793.3721523,79813647.29455121,4080205302.1098123,25861991798.44004,0,0,3
Z3,0,14, 4K,19944.0,0.022703,878474.210457,906544.0,1.0,2,9.360816,50252711.237707,50252711.237707,1279931143.7391295,3458109793.3721523,79813647.29455121,4080205302.1098123,25861991798.44004,0,0,3
Z3,1,14, 4K,27688.0,0.00089,31110112.359551,27688000.0,1.0,2,9.360816,56299038.867526,56299038.867526,1279931143.7391295,3458109793.3721523,79813647.29455121,4080205302.1098123,25861991798.44004,0,0,3
Z3,2,14, 4K,29160.0,0.001125,25920000.0,29160000.0,1.0,2,9.360816,55261016.395615,55261016.395615,1279931143.7391295,3458109793.3721523,79813647.29455121,4080205302.1098123,25861991798.44004,0,0,3
Z3,3,14, 4K,17040.0,0.001023,16656891.495601,17040000.0,1.0,2,9.360816,53408394.694736,53408394.694736,1279931143.7391295,3458109793.3721523,79813647.29455121,4080205302.1098123,25861991798.44004,0,0,3
Z3,4,14, 4K,29288.0,0.00109,26869724.770642,29288000.0,1.0,2,9.360816,55450961.349744,55450961.349744,1279931143.7391295,3458109793.3721523,79813647.29455121,4080205302.1098123,25861991798.44004,0,0,3
Z3,5,14, 4K,29392.0,0.001102,26671506.352087,29392000.0,1.0,2,9.360816,55411317.666033,55411317.666033,1279931143.7391295,3458109793.3721523,79813647.29455121,4080205302.1098123,25861991798.44004,0,0,3
Z3,6,14, 4K,19864.0,0.001179,16848176.420696,19864000.0,1.0,2,9.360816,53446651.679755,53446651.679755,1279931143.7391295,3458109793.3721523,79813647.29455121,4080205302.1098123,25861991798.44004,0,0,3
Z3,7,14, 4K,46568.0,0.00109,42722935.779817,46568000.0,1.0,2,9.360816,58621603.551579,58621603.551579,1279931143.7391295,3458109793.3721523,79813647.29455121,4080205302.1098123,25861991798.44004,0,0,3
Z3,8,14, 4K,77848.0,0.001703,45712272.460364,77848000.0,1.0,2,9.360816,59219470.887688,59219470.887688,1279931143.7391295,3458109793.3721523,79813647.29455121,4080205302.1098123,25861991798.44004,0,0,3
Z3,9,14, 4K,121432.0,0.0019,63911578.947368,121432000.0,1.0,2,9.360816,62859332.185089,62859332.185089,1279931143.7391295,3458109793.3721523,79813647.29455121,4080205302.1098123,25861991798.44004,0,0,3
Z3,10,14, 4K,178104.0,0.002141,83187295.656235,89052000.0,1.0,2,9.360816,66714475.526863,66714475.526863,1279931143.7391295,3458109793.3721523,79813647.29455121,4080205302.1098123,25861991798.44004,0,0,3
Z3,11,14, 4K,144672.0,0.018675,7746827.309237,8037328.0,1.0,2,9.360816,51626381.857463,51626381.857463,1279931143.7391295,3458109793.3721523,79813647.29455121,4080205302.1098123,25861991798.44004,0,0,3
Z3,12,14, 4K,153792.0,0.002539,60571878.692399,76896000.0,1.0,2,9.360816,62191392.134095,62191392.134095,1279931143.7391295,3458109793.3721523,79813647.29455121,4080205302.1098123,25861991798.44004,0,0,3
Z3,13,14, 4K,193616.0,0.002618,73955691.367456,96808000.0,1.0,2,9.360816,64868154.669107,64868154.669107,1279931143.7391295,3458109793.3721523,79813647.29455121,4080205302.1098123,25861991798.44004,0,0,3
Z3,14,14, 4K,215184.0,0.003117,69035611.164581,71728000.0,1.0,2,9.360816,63884138.628532,63884138.628532,1279931143.7391295,3458109793.3721523,79813647.29455121,4080205302.1098123,25861991798.44004,0,0,3
Z3,15,14, 4K,391928.0,0.005688,68904360.056259,78385600.0,1.0,2,9.360816,63857888.406867,63857888.406867,1279931143.7391295,3458109793.3721523,79813647.29455121,4080205302.1098123,25861991798.44004,0,0,3
Z3,16,14, 4K,320024.0,0.003311,96654787.073392,106674664.0,1.0,2,9.360816,69407973.810294,69407973.810294,1279931143.7391295,3458109793.3721523,79813647.29455121,4080205302.1098123,25861991798.44004,0,0,3
Z3,17,14, 4K,268840.0,0.002961,90793650.793651,134420000.0,1.0,2,9.360816,68235746.554346,68235746.554346,1279931143.7391295,3458109793.3721523,79813647.29455121,4080205302.1098123,25861991798.44004,0,0,3
Z3,18,14, 4K,163384.0,0.001987,82226472.068445,163384000.0,1.0,2,9.360816,66522310.809304,66522310.809304,1279931143.7391295,3458109793.3721523,79813647.29455121,4080205302.1098123,25861991798.44004,0,0,3
Z3,19,14, 4K,193688.0,0.002104,92057034.220532,96844000.0,1.0,2,9.360816,68488423.239722,68488423.239722,1279931143.7391295,3458109793.3721523,79813647.29455121,4080205302.1098123,25861991798.44004,0,0,3
Z3,20,14, 4K,225432.0,0.002294,98270270.27027,112716000.0,1.0,2,9.360816,69731070.44967,69731070.44967,1279931143.7391295,3458109793.3721523,79813647.29455121,4080205302.1098123,25861991798.44004,0,0,3
Z3,21,14, 4K,248896.0,0.002608,95435582.822086,124448000.0,1.0,2,9.360816,69164132.960033,69164132.960033,1279931143.7391295,3458109793.3721523,79813647.29455121,4080205302.1098123,25861991798.44004,0,0,3
Z3,22,14, 4K,266808.0,0.002539,105083891.295786,133404000.0,1.0,2,9.360816,71093794.654773,71093794.654773,1279931143.7391295,3458109793.3721523,79813647.29455121,4080205302.1098123,25861991798.44004,0,0,3
Z3,23,14, 4K,164848.0,0.001945,84754755.784062,164848000.0,1.0,2,9.360816,67027967.552428,67027967.552428,1279931143.7391295,3458109793.3721523,79813647.29455121,4080205302.1098123,25861991798.44004,0,0,3
Z3,24,14, 4K,188952.0,0.002536,74507886.435331,94476000.0,1.0,2,9.360816,64978593.682682,64978593.682682,1279931143.7391295,3458109793.3721523,79813647.29455121,4080205302.1098123,25861991798.44004,0,0,3
Z3,25,14, 4K,335320.0,0.019227,17440058.251417,17648416.0,1.0,2,9.360816,53565028.045899,53565028.045899,1279931143.7391295,3458109793.3721523,79813647.29455121,4080205302.1098123,25861991798.44004,0,0,3
Z3,26,14, 4K,365224.0,0.004734,77149133.924799,91306000.0,1.0,2,9.360816,65506843.180575,65506843.180575,1279931143.7391295,3458109793.3721523,79813647.29455121,4080205302.1098123,25861991798.44004,0,0,3
Z3,27,14, 4K,211048.0,0.002441,86459647.685375,105524000.0,1.0,2,9.360816,67368945.93269,67368945.93269,1279931143.7391295,3458109793.3721523,79813647.29455121,4080205302.1098123,25861991798.44004,0,0,3
Z3,28,14, 4K,37424.0,0.000934,40068522.48394,37424000.0,1.0,2,9.360816,58090720.892403,58090720.892403,1279931143.7391295,3458109793.3721523,79813647.29455121,4080205302.1098123,25861991798.44004,0,0,3
Z3,29,14, 4K,36240.0,0.000927,39093851.132686,36240000.0,1.0,2,9.360816,57895786.622153,57895786.622153,1279931143.7391295,3458109793.3721523,79813647.29455121,4080205302.1098123,25861991798.44004,0,0,3
Z3,30,14, 4K,32904.0,0.001056,31159090.909091,32904000.0,1.0,2,9.360816,56308834.577434,56308834.577434,1279931143.7391295,3458109793.3721523,79813647.29455121,4080205302.1098123,25861991798.44004,0,0,3
Z3,31,14, 4K,33208.0,0.001059,31357884.796978,33208000.0,1.0,2,9.360816,56348593.355011,56348593.355011,1279931143.7391295,3458109793.3721523,79813647.29455121,4080205302.1098123,25861991798.44004,0,0,3
Z3,32,14, 4K,27104.0,0.001019,26598626.104024,27104000.0,1.0,2,9.360816,55396741.61642,55396741.61642,1279931143.7391295,3458109793.3721523,79813647.29455121,4080205302.1098123,25861991798.44004,0,0,3
Z3,33,14, 4K,27712.0,0.000995,27851256.281407,27712000.0,1.0,2,9.360816,55647267.651897,55647267.651897,1279931143.7391295,3458109793.3721523,79813647.29455121,4080205302.1098123,25861991798.44004,0,0,3
Z3,34,14, 4K,69480.0,0.001326,52398190.045249,69480000.0,1.0,2,9.360816,60556654.404665,60556654.404665,1279931143.7391295,3458109793.3721523,79813647.29455121,4080205302.1098123,25861991798.44004,0,0,3
Z3,35,14, 4K,104904.0,0.00176,59604545.454545,104904000.0,1.0,2,9.360816,61997925.486525,61997925.486525,1279931143.7391295,3458109793.3721523,79813647.29455121,4080205302.1098123,25861991798.44004,0,0,3
Z3,36,14, 4K,111104.0,0.002102,52856327.307326,55552000.0,1.0,2,9.360816,60648281.857081,60648281.857081,1279931143.7391295,3458109793.3721523,79813647.29455121,4080205302.1098123,25861991798.44004,0,0,3
Z3,37,14, 4K,102528.0,0.002027,50581154.415392,51264000.0,1.0,2,9.360816,60193247.278694,60193247.278694,1279931143.7391295,3458109793.3721523,79813647.29455121,4080205302.1098123,25861991798.44004,0,0,3
Z3,38,14, 4K,101856.0,0.00205,49685853.658537,50928000.0,1.0,2,9.360816,60014187.127323,60014187.127323,1279931143.7391295,3458109793.3721523,79813647.29455121,4080205302.1098123,25861991798.44004,0,0,3
Z1,0,15, 4K,278440.0,0.022659,12288273.975021,12656360.0,1.80213,2,9.558686,47797258.28728,47797258.28728,1279931143.7391295,3458109793.3721523,79813647.29455121,4080205302.1098123,25861991798.44004,0,0,3
Z2,0,15, 4K,6624.0,0.022316,296827.388421,301088.0,1.80213,2,9.558686,45398968.96996,45398968.96996,1279931143.7391295,3458109793.3721523,79813647.29455121,4080205302.1098123,25861991798.44004,0,0,3
Z2,1,15, 4K,92296.0,0.00276,33440579.710145,46148000.0,1.80213,2,9.558686,52027719.434305,52027719.434305,1279931143.7391295,3458109793.3721523,79813647.29455121,4080205302.1098123,25861991798.44004,0,0,3
Z2,2,15, 4K,97816.0,0.002193,44603739.170087,48908000.0,1.80213,2,9.558686,54260351.326293,54260351.326293,1279931143.7391295,3458109793.3721523,79813647.29455121,4080205302.1098123,25861991798.44004,0,0,3
Z2,3,15, 4K,40600.0,0.01499,2708472.314877,2900000.0,1.80213,2,9.558686,45881297.955251,45881297.955251,1279931143.7391295,3458109793.3721523,79813647.29455121,4080205302.1098123,25861991798.44004,0,0,3
Z2,4,15, 4K,232152.0,0.003717,62456820.016142,77384000.0,1.80213,2,9.558686,57830967.495504,57830967.495504,1279931143.7391295,3458109793.3721523,79813647.29455121,4080205302.1098123,25861991798.44004,0,0,3
Z2,5,15, 4K,255400.0,0.005188,49228989.97687,51080000.0,1.80213,2,9.558686,55185401.48765,55185401.48765,1279931143.7391295,3458109793.3721523,79813647.29455121,4080205302.1098123,25861991798.44004,0,0,3
Z2,6,15, 4K,249784.0,0.00492,50769105.691057,62446000.0,1.80213,2,9.558686,55493424.630487,55493424.630487,1279931143.7391295,3458109793.3721523,79813647.29455121,4080205302.1098123,25861991798.44004,0,0,3
Z2,7,15, 4K,288648.0,0.006183,46684133.915575,48108000.0,1.80213,2,9.558686,54676430.275391,54676430.275391,1279931143.7391295,3458109793.3721523,79813647.29455121,4080205302.1098123,25861991798.44004,0,0,3
Z3,0,15, 4K,12608.0,0.03233,389978.348283,394000.0,1.80213,2,9.558686,45417599.161932,45417599.161932,1279931143.7391295,3458109793.3721523,79813647.29455121,4080205302.1098123,25861991798.44004,0,0,3
Z3,1,15, 4K,14232.0,0.000846,16822695.035461,14232000.0,1.80213,2,9.558686,48704142.499368,48704142.499368,1279931143.7391295,3458109793.3721523,79813647.29455121,4080205302.1098123,25861991798.44004,0,0,3
Z3,2,15, 4K,18288.0,0.000733,24949522.510232,18288000.0,1.80213,2,9.558686,50329507.994322,50329507.994322,1279931143.7391295,3458109793.3721523,79813647.29455121,4080205302.1098123,25861991798.44004,0,0,3
Z3,3,15, 4K,17960.0,0.000773,23234152.652005,17960000.0,1.80213,2,9.558686,49986434.022677,49986434.022677,1279931143.7391295,3458109793.3721523,79813647.29455121,4080205302.1098123,25861991798.44004,0,0,3
Z3,4,15, 4K,30136.0,0.001194,25239530.988275,30136000.0,1.80213,2,9.558686,50387509.689931,50387509.689931,1279931143.7391295,3458109793.3721523,79813647.29455121,4080205302.1098123,25861991798.44004,0,0,3
Z3,5,15, 4K,38832.0,0.014569,2665385.407372,2773712.0,1.80213,2,9.558686,45872680.57375,45872680.57375,1279931143.7391295,3458109793.3721523,79813647.29455121,4080205302.1098123,25861991798.44004,0,0,3
Z3,6,15, 4K,80120.0,0.002082,38482228.626321,40060000.0,1.80213,2,9.558686,53036049.21754,53036049.21754,1279931143.7391295,3458109793.3721523,79813647.29455121,4080205302.1098123,25861991798.44004,0,0,3
Z3,7,15, 4K,115624.0,0.001839,62873300.706906,115624000.0,1.80213,2,9.558686,57914263.633657,57914263.633657,1279931143.7391295,3458109793.3721523,79813647.29455121,4080205302.1098123,25861991798.44004,0,0,3
Z3,8,15, 4K,91976.0,0.001798,51154616.240267,91976000.0,1.80213,2,9.558686,55570526.740329,55570526.740329,1279931143.7391295,3458109793.3721523,79813647.29455121,4080205302.1098123,25861991798.44004,0,0,3
Z3,9,15, 4K,131496.0,0.001903,69099316.868103,131496000.0,1.80213,2,9.558686,59159466.865896,59159466.865896,1279931143.7391295,3458109793.3721523,79813647.29455121,4080205302.1098123,25861991798.44004,0,0,3
Z3,10,15, 4K,151608.0,0.001897,79919873.484449,151608000.0,1.80213,2,9.558686,61323578.189166,61323578.189166,1279931143.7391295,3458109793.3721523,79813647.29455121,4080205302.1098123,25861991798.44004,0,0,3
Z3,11,15, 4K,133200.0,0.002142,62184873.94958,66600000.0,1.80213,2,9.558686,57776578.282192,57776578.282192,1279931143.7391295,3458109793.3721523,79813647.29455121,4080205302.1098123,25861991798.44004,0,0,3
Z3,12,15, 4K,197848.0,0.002503,79044346.783859,98924000.0,1.80213,2,9.558686,61148472.849048,61148472.849048,1279931143.7391295,3458109793.3721523,79813647.29455121,4080205302.1098123,25861991798.44004,0,0,3
Z3,13,15, 4K,216432.0,0.002587,83661383.842288,108216000.0,1.80213,2,9.558686,62071880.260733,62071880.260733,1279931143.7391295,3458109793.3721523,79813647.29455121,4080205302.1098123,25861991798.44004,0,0,3
Z3,14,15, 4K,250032.0,0.00274,91252554.744526,125016000.0,1.80213,2,9.558686,63590114.441181,63590114.441181,1279931143.7391295,3458109793.3721523,79813647.29455121,4080205302.1098123,25861991798.44004,0,0,3
Z3,15,15, 4K,238656.0,0.002705,88227726.432532,119328000.0,1.80213,2,9.558686,62985148.778782,62985148.778782,1279931143.7391295,3458109793.3721523,79813647.29455121,4080205302.1098123,25861991798.44004,0,0,3
Z3,16,15, 4K,165160.0,0.0021,78647619.047619,82580000.0,1.80213,2,9.558686,61069127.3018,61069127.3018,1279931143.7391295,3458109793.3721523,79813647.29455121,4080205302.1098123,25861991798.44004,0,0,3
Z3,17,15, 4K,167848.0,0.001861,90192369.693713,167848000.0,1.80213,2,9.558686,63378077.431018,63378077.431018,1279931143.7391295,3458109793.3721523,79813647.29455121,4080205302.1098123,25861991798.44004,0,0,3
Z3,18,15, 4K,132104.0,0.001708,77344262.295082,132104000.0,1.80213,2,9.558686,60808455.951292,60808455.951292,1279931143.7391295,3458109793.3721523,79813647.29455121,4080205302.1098123,25861991798.44004,0,0,3
Z3,19,15, 4K,143824.0,0.001779,80845418.774592,143824000.0,1.80213,2,9.558686,61508687.247194,61508687.247194,1279931143.7391295,3458109793.3721523,79813647.29455121,4080205302.1098123,25861991798.44004,0,0,3
Z3,20,15, 4K,175072.0,0.00255,68655686.27451,87536000.0,1.80213,2,9.558686,59070740.747178,59070740.747178,1279931143.7391295,3458109793.3721523,79813647.29455121,4080205302.1098123,25861991798.44004,0,0,3
Z3,21,15, 4K,170296.0,0.002628,64800608.828006,85148000.0,1.80213,2,9.558686,58299725.257877,58299725.257877,1279931143.7391295,3458109793.3721523,79813647.29455121,4080205302.1098123,25861991798.44004,0,0,3
Z3,22,15, 4K,193376.0,0.002807,68890630.566441,96688000.0,1.80213,2,9.558686,59117729.605564,59117729.605564,1279931143.7391295,3458109793.3721523,79813647.29455121,4080205302.1098123,25861991798.44004,0,0,3
Z3,23,15, 4K,150872.0,0.005151,29289846.631722,30174400.0,1.80213,2,9.558686,51197572.81862,51197572.81862,1279931143.7391295,3458109793.3721523,79813647.29455121,4080205302.1098123,25861991798.44004,0,0,3
Z3,24,15, 4K,172416.0,0.002561,67323701.679032,86208000.0,1.80213,2,9.558686,58804343.828082,58804343.828082,1279931143.7391295,3458109793.3721523,79813647.29455121,4080205302.1098123,25861991798.44004,0,0,3
Z3,25,15, 4K,210512.0,0.002321,90698836.708315,105256000.0,1.80213,2,9.558686,63479370.833939,63479370.833939,1279931143.7391295,3458109793.3721523,79813647.29455121,4080205302.1098123,25861991798.44004,0,0,3
Z3,26,15, 4K,202256.0,0.002294,88167393.199651,101128000.0,1.80213,2,9.558686,62973082.132206,62973082.132206,1279931143.7391295,3458109793.3721523,79813647.29455121,4080205302.1098123,25861991798.44004,0,0,3
Z3,27,15, 4K,207528.0,0.00236,87935593.220339,103764000.0,1.80213,2,9.558686,62926722.136344,62926722.136344,1279931143.7391295,3458109793.3721523,79813647.29455121,4080205302.1098123,25861991798.44004,0,0,3
Z3,28,15, 4K,46288.0,0.000994,46567404.426559,46288000.0,1.80213,2,9.558686,54653084.377588,54653084.377588,1279931143.7391295,3458109793.3721523,79813647.29455121,4080205302.1098123,25861991798.44004,0,0,3
Z3,29,15, 4K,38120.0,0.00094,40553191.489362,38120000.0,1.80213,2,9.558686,53450241.790148,53450241.790148,1279931143.7391295,3458109793.3721523,79813647.29455121,4080205302.1098123,25861991798.44004,0,0,3
Z3,30,15, 4K,29864.0,0.0009,33182222.222222,29864000.0,1.80213,2,9.558686,51976047.93672,51976047.93672,1279931143.7391295,3458109793.3721523,79813647.29455121,4080205302.1098123,25861991798.44004,0,0,3
Z3,31,15, 4K,29864.0,0.000943,31669141.039236,29864000.0,1.80213,2,9.558686,51673431.700123,51673431.700123,1279931143.7391295,3458109793.3721523,79813647.29455121,4080205302.1098123,25861991798.44004,0,0,3
Z3,32,15, 4K,42832.0,0.000942,45469214.437367,42832000.0,1.80213,2,9.558686,54433446.379749,54433446.379749,1279931143.7391295,3458109793.3721523,79813647.29455121,4080205302.1098123,25861991798.44004,0,0,3
Z3,33,15, 4K,53400.0,0.000955,55916230.366492,53400000.0,1.80213,2,9.558686,56522849.565574,56522849.565574,1279931143.7391295,3458109793.3721523,79813647.29455121,4080205302.1098123,25861991798.44004,0,0,3
Z3,34,15, 4K,54248.0,0.001186,45740303.541315,54248000.0,1.80213,2,9.558686,54487664.200539,54487664.200539,1279931143.7391295,3458109793.3721523,79813647.29455121,4080205302.1098123,25861991798.44004,0,0,3
Z3,35,15, 4K,56416.0,0.001062,53122410.546139,56416000.0,1.80213,2,9.558686,55964085.601504,55964085.601504,1279931143.7391295,3458109793.3721523,79813647.29455121,4080205302.1098123,25861991798.44004,0,0,3
Z3,36,15, 4K,63392.0,0.000985,64357360.406091,63392000.0,1.80213,2,9.558686,58211075.573494,58211075.573494,1279931143.7391295,3458109793.3721523,79813647.29455121,4080205302.1098123,25861991798.44004,0,0,3
Z3,37,15, 4K,78136.0,0.001227,63680521.597392,78136000.0,1.80213,2,9.558686,58075707.811754,58075707.811754,1279931143.7391295,3458109793.3721523,79813647.29455121,4080205302.1098123,25861991798.44004,0,0,3
Z3,38,15, 4K,85200.0,0.005077,16781563.915698,17040000.0,1.80213,2,9.558686,48695916.275415,48695916.275415,1279931143.7391295,3458109793.3721523,79813647.29455121,4080205302.1098123,25861991798.44004,0,0,3
