Zone, Tile_no, Seg_no, Reso, Seg_d_size, Seg_d_time, Bitrate, Bitrate1, Buf_lev, Buf_limit, Elapsed, Ref_vp, Local_avg,QoE,QoE1,Z1,Z2,Z3,delay,jitter,loss
Z1,0,1,720,9960.0,0.329465,30230.828768,30272.0,1.0,2,6e-05,30230.828768,30230.828768,923040.2759151,2519271.3665772,126417.2103267,2781827.4289547,18744138.3355757,0,0,0
Z2,0,1,720,8952.0,1.062528,8425.189736,8424.0,1.0,2,6e-05,4212.594868,4212.594868,923040.2759151,2519271.3665772,126417.2103267,2781827.4289547,18744138.3355757,0,0,0
Z2,1,1,720,5424.0,0.143965,37675.823985,37928.0,1.0,2,6e-05,12558.607995,12558.607995,923040.2759151,2519271.3665772,126417.2103267,2781827.4289547,18744138.3355757,0,0,0
Z2,2,1,720,7080.0,0.143988,49170.76423,49504.0,1.0,2,6e-05,12292.691058,12292.691058,923040.2759151,2519271.3665772,126417.2103267,2781827.4289547,18744138.3355757,0,0,0
Z2,3,1,720,18976.0,0.255779,74189.046012,74408.0,1.0,2,6e-05,14837.809202,14837.809202,923040.2759151,2519271.3665772,126417.2103267,2781827.4289547,18744138.3355757,0,0,0
Z2,4,1,720,8720.0,0.14399,60559.761095,60976.0,1.0,2,6e-05,12111.952219,12111.952219,923040.2759151,2519271.3665772,126417.2103267,2781827.4289547,18744138.3355757,0,0,0
Z2,5,1,720,8336.0,0.144002,57888.084888,57888.0,1.0,2,6e-05,11577.616978,11577.616978,923040.2759151,2519271.3665772,126417.2103267,2781827.4289547,18744138.3355757,0,0,0
Z2,6,1,720,6376.0,0.144076,44254.421278,44272.0,1.0,2,6e-05,8850.884256,8850.884256,923040.2759151,2519271.3665772,126417.2103267,2781827.4289547,18744138.3355757,0,0,0
Z2,7,1,720,6872.0,0.144074,47697.710899,47720.0,1.0,2,6e-05,9539.54218,9539.54218,923040.2759151,2519271.3665772,126417.2103267,2781827.4289547,18744138.3355757,0,0,0
Z3,0,1,720,0.0,0.143723,0.0,0.0,1.0,2,6e-05,0.0,0.0,923040.2759151,2519271.3665772,126417.2103267,2781827.4289547,18744138.3355757,0,0,0
Z3,1,1,720,7080.0,0.452894,15632.797078,15656.0,1.0,2,6e-05,3126.559416,3126.559416,923040.2759151,2519271.3665772,126417.2103267,2781827.4289547,18744138.3355757,0,0,0
Z3,2,1,720,5664.0,0.146626,38628.892557,38792.0,1.0,2,6e-05,7725.778511,7725.778511,923040.2759151,2519271.3665772,126417.2103267,2781827.4289547,18744138.3355757,0,0,0
Z3,3,1,720,7080.0,0.144095,49134.251709,49160.0,1.0,2,6e-05,9826.850342,9826.850342,923040.2759151,2519271.3665772,126417.2103267,2781827.4289547,18744138.3355757,0,0,0
Z3,4,1,720,7080.0,0.144093,49134.933689,49160.0,1.0,2,6e-05,9826.986738,9826.986738,923040.2759151,2519271.3665772,126417.2103267,2781827.4289547,18744138.3355757,0,0,0
Z3,5,1,720,5664.0,0.143954,39345.902163,39608.0,1.0,2,6e-05,7869.180433,7869.180433,923040.2759151,2519271.3665772,126417.2103267,2781827.4289547,18744138.3355757,0,0,0
Z3,6,1,720,7080.0,0.143948,49184.42771,49504.0,1.0,2,6e-05,9836.885542,9836.885542,923040.2759151,2519271.3665772,126417.2103267,2781827.4289547,18744138.3355757,0,0,0
Z3,7,1,720,7080.0,0.144078,49140.04914,49160.0,1.0,2,6e-05,9828.009828,9828.009828,923040.2759151,2519271.3665772,126417.2103267,2781827.4289547,18744138.3355757,0,0,0
Z3,8,1,720,5664.0,0.144029,39325.413632,39328.0,1.0,2,6e-05,7865.082726,7865.082726,923040.2759151,2519271.3665772,126417.2103267,2781827.4289547,18744138.3355757,0,0,0
Z3,9,1,720,7080.0,0.144112,49128.455646,49160.0,1.0,2,6e-05,9825.691129,9825.691129,923040.2759151,2519271.3665772,126417.2103267,2781827.4289547,18744138.3355757,0,0,0
Z3,10,1,720,12904.0,0.14416,89511.653718,89608.0,1.0,2,6e-05,17902.330744,17902.330744,923040.2759151,2519271.3665772,126417.2103267,2781827.4289547,18744138.3355757,0,0,0
Z3,11,1,720,17344.0,0.144044,120407.653217,120440.0,1.0,2,6e-05,24081.530643,24081.530643,923040.2759151,2519271.3665772,126417.2103267,2781827.4289547,18744138.3355757,0,0,0
Z3,12,1,720,16912.0,0.14394,117493.400028,118264.0,1.0,2,6e-05,23498.680006,23498.680006,923040.2759151,2519271.3665772,126417.2103267,2781827.4289547,18744138.3355757,0,0,0
Z3,13,1,720,13240.0,0.144009,91938.698276,91944.0,1.0,2,6e-05,18387.739655,18387.739655,923040.2759151,2519271.3665772,126417.2103267,2781827.4289547,18744138.3355757,0,0,0
Z3,14,1,720,28328.0,0.144142,196528.42336,196720.0,1.0,2,6e-05,39305.684672,39305.684672,923040.2759151,2519271.3665772,126417.2103267,2781827.4289547,18744138.3355757,0,0,0
Z3,15,1,720,30528.0,0.143917,212122.264917,213480.0,1.0,2,6e-05,42424.452983,42424.452983,923040.2759151,2519271.3665772,126417.2103267,2781827.4289547,18744138.3355757,0,0,0
Z3,16,1,720,16360.0,0.144021,113594.54524,113608.0,1.0,2,6e-05,22718.909048,22718.909048,923040.2759151,2519271.3665772,126417.2103267,2781827.4289547,18744138.3355757,0,0,0
Z3,17,1,720,33216.0,0.54911,60490.612081,60496.0,1.0,2,6e-05,12098.122416,12098.122416,923040.2759151,2519271.3665772,126417.2103267,2781827.4289547,18744138.3355757,0,0,0
Z3,18,1,720,28000.0,0.103271,271131.29533,271840.0,1.0,2,6e-05,54226.259066,54226.259066,923040.2759151,2519271.3665772,126417.2103267,2781827.4289547,18744138.3355757,0,0,0
Z3,19,1,720,15744.0,0.103063,152760.932633,152848.0,1.0,2,6e-05,30552.186527,30552.186527,923040.2759151,2519271.3665772,126417.2103267,2781827.4289547,18744138.3355757,0,0,0
Z3,20,1,720,16024.0,0.286667,55897.609421,56024.0,1.0,2,6e-05,11179.521884,11179.521884,923040.2759151,2519271.3665772,126417.2103267,2781827.4289547,18744138.3355757,0,0,0
Z3,21,1,720,11576.0,0.116041,99757.84421,99792.0,1.0,2,6e-05,19951.568842,19951.568842,923040.2759151,2519271.3665772,126417.2103267,2781827.4289547,18744138.3355757,0,0,0
Z3,22,1,720,10816.0,0.103134,104873.271666,105008.0,1.0,2,6e-05,20974.654333,20974.654333,923040.2759151,2519271.3665772,126417.2103267,2781827.4289547,18744138.3355757,0,0,0
Z3,23,1,720,13224.0,0.103078,128291.196958,128384.0,1.0,2,6e-05,25658.239392,25658.239392,923040.2759151,2519271.3665772,126417.2103267,2781827.4289547,18744138.3355757,0,0,0
Z3,24,1,720,17528.0,0.103116,169983.319756,170168.0,1.0,2,6e-05,33996.663951,33996.663951,923040.2759151,2519271.3665772,126417.2103267,2781827.4289547,18744138.3355757,0,0,0
Z3,25,1,720,23824.0,0.103195,230863.898445,231296.0,1.0,2,6e-05,46172.779689,46172.779689,923040.2759151,2519271.3665772,126417.2103267,2781827.4289547,18744138.3355757,0,0,0
Z3,26,1,720,11024.0,0.171395,64319.262522,64464.0,1.0,2,6e-05,12863.852504,12863.852504,923040.2759151,2519271.3665772,126417.2103267,2781827.4289547,18744138.3355757,0,0,0
Z3,27,1,720,15112.0,0.103112,146559.081387,146712.0,1.0,2,6e-05,29311.816277,29311.816277,923040.2759151,2519271.3665772,126417.2103267,2781827.4289547,18744138.3355757,0,0,0
Z3,28,1,720,24552.0,0.103233,237830.926157,238368.0,1.0,2,6e-05,47566.185231,47566.185231,923040.2759151,2519271.3665772,126417.2103267,2781827.4289547,18744138.3355757,0,0,0
Z3,29,1,720,10824.0,0.103126,104958.982216,105080.0,1.0,2,6e-05,20991.796443,20991.796443,923040.2759151,2519271.3665772,126417.2103267,2781827.4289547,18744138.3355757,0,0,0
Z3,30,1,720,6872.0,0.103144,66625.300551,66712.0,1.0,2,6e-05,13325.06011,13325.06011,923040.2759151,2519271.3665772,126417.2103267,2781827.4289547,18744138.3355757,0,0,0
Z3,31,1,720,6872.0,0.10306,66679.604114,66712.0,1.0,2,6e-05,13335.920823,13335.920823,923040.2759151,2519271.3665772,126417.2103267,2781827.4289547,18744138.3355757,0,0,0
Z3,32,1,720,6376.0,0.103215,61773.966962,61896.0,1.0,2,6e-05,12354.793392,12354.793392,923040.2759151,2519271.3665772,126417.2103267,2781827.4289547,18744138.3355757,0,0,0
Z3,33,1,720,6872.0,0.103091,66659.55321,66712.0,1.0,2,6e-05,13331.910642,13331.910642,923040.2759151,2519271.3665772,126417.2103267,2781827.4289547,18744138.3355757,0,0,0
Z3,34,1,720,6872.0,0.103138,66629.176443,66712.0,1.0,2,6e-05,13325.835289,13325.835289,923040.2759151,2519271.3665772,126417.2103267,2781827.4289547,18744138.3355757,0,0,0
Z3,35,1,720,6376.0,0.103176,61797.317206,61896.0,1.0,2,6e-05,12359.463441,12359.463441,923040.2759151,2519271.3665772,126417.2103267,2781827.4289547,18744138.3355757,0,0,0
Z3,36,1,720,6872.0,0.103145,66624.654612,66712.0,1.0,2,6e-05,13324.930922,13324.930922,923040.2759151,2519271.3665772,126417.2103267,2781827.4289547,18744138.3355757,0,0,0
Z3,37,1,720,6872.0,0.103171,66607.864613,66712.0,1.0,2,6e-05,13321.572923,13321.572923,923040.2759151,2519271.3665772,126417.2103267,2781827.4289547,18744138.3355757,0,0,0
Z3,38,1,720,6376.0,0.165757,38465.947139,38640.0,1.0,2,6e-05,7693.189428,7693.189428,923040.2759151,2519271.3665772,126417.2103267,2781827.4289547,18744138.3355757,0,0,0
Z1,0,2,720,15344.0,0.451463,33987.28135,34016.0,1.0,2,8.32069,14490.645698,14490.645698,923040.2759151,2519271.3665772,126417.2103267,2781827.4289547,18744138.3355757,0,0,0
Z2,0,2,720,6624.0,0.643749,10289.724722,10296.0,1.0,2,8.32069,9751.134372,9751.134372,923040.2759151,2519271.3665772,126417.2103267,2781827.4289547,18744138.3355757,0,0,0
Z2,1,2,720,5664.0,0.102963,55010.052155,55528.0,1.0,2,8.32069,18695.199859,18695.199859,923040.2759151,2519271.3665772,126417.2103267,2781827.4289547,18744138.3355757,0,0,0
Z2,2,2,720,7080.0,0.102968,68759.226167,69408.0,1.0,2,8.32069,21445.034661,21445.034661,923040.2759151,2519271.3665772,126417.2103267,2781827.4289547,18744138.3355757,0,0,0
Z2,3,2,720,7080.0,0.102943,68775.924541,69408.0,1.0,2,8.32069,21448.374336,21448.374336,923040.2759151,2519271.3665772,126417.2103267,2781827.4289547,18744138.3355757,0,0,0
Z2,4,2,720,12128.0,0.103146,117580.904737,117744.0,1.0,2,8.32069,31209.370375,31209.370375,923040.2759151,2519271.3665772,126417.2103267,2781827.4289547,18744138.3355757,0,0,0
Z2,5,2,720,18392.0,0.103113,178367.422149,178560.0,1.0,2,8.32069,43366.673858,43366.673858,923040.2759151,2519271.3665772,126417.2103267,2781827.4289547,18744138.3355757,0,0,0
Z2,6,2,720,10632.0,0.103006,103217.288313,103216.0,1.0,2,8.32069,28336.647091,28336.647091,923040.2759151,2519271.3665772,126417.2103267,2781827.4289547,18744138.3355757,0,0,0
Z2,7,2,720,8048.0,0.181128,44432.666402,44464.0,1.0,2,8.32069,16579.722708,16579.722708,923040.2759151,2519271.3665772,126417.2103267,2781827.4289547,18744138.3355757,0,0,0
Z3,0,2,720,5424.0,0.403781,13433.024337,13456.0,1.0,2,8.32069,10379.794295,10379.794295,923040.2759151,2519271.3665772,126417.2103267,2781827.4289547,18744138.3355757,0,0,0
Z3,1,2,720,7080.0,0.10302,68724.519511,68736.0,1.0,2,8.32069,21438.09333,21438.09333,923040.2759151,2519271.3665772,126417.2103267,2781827.4289547,18744138.3355757,0,0,0
Z3,2,2,720,7080.0,0.10309,68677.854302,68736.0,1.0,2,8.32069,21428.760288,21428.760288,923040.2759151,2519271.3665772,126417.2103267,2781827.4289547,18744138.3355757,0,0,0
Z3,3,2,720,5664.0,0.103179,54894.891402,54984.0,1.0,2,8.32069,18672.167708,18672.167708,923040.2759151,2519271.3665772,126417.2103267,2781827.4289547,18744138.3355757,0,0,0
Z3,4,2,720,7080.0,0.103136,68647.223084,68736.0,1.0,2,8.32069,21422.634045,21422.634045,923040.2759151,2519271.3665772,126417.2103267,2781827.4289547,18744138.3355757,0,0,0
Z3,5,2,720,7080.0,0.103137,68646.557491,68736.0,1.0,2,8.32069,21422.500926,21422.500926,923040.2759151,2519271.3665772,126417.2103267,2781827.4289547,18744138.3355757,0,0,0
Z3,6,2,720,5664.0,0.1031,54936.954413,54984.0,1.0,2,8.32069,18680.580311,18680.580311,923040.2759151,2519271.3665772,126417.2103267,2781827.4289547,18744138.3355757,0,0,0
Z3,7,2,720,7080.0,0.103139,68645.226345,68736.0,1.0,2,8.32069,21422.234697,21422.234697,923040.2759151,2519271.3665772,126417.2103267,2781827.4289547,18744138.3355757,0,0,0
Z3,8,2,720,7080.0,0.103032,68716.515257,68736.0,1.0,2,8.32069,21436.492479,21436.492479,923040.2759151,2519271.3665772,126417.2103267,2781827.4289547,18744138.3355757,0,0,0
Z3,9,2,720,12648.0,0.103263,122483.367712,122792.0,1.0,2,8.32069,32189.86297,32189.86297,923040.2759151,2519271.3665772,126417.2103267,2781827.4289547,18744138.3355757,0,0,0
Z3,10,2,720,17112.0,0.103013,166114.956365,166128.0,1.0,2,8.32069,40916.180701,40916.180701,923040.2759151,2519271.3665772,126417.2103267,2781827.4289547,18744138.3355757,0,0,0
Z3,11,2,720,15320.0,0.103076,148628.19667,148736.0,1.0,2,8.32069,37418.828762,37418.828762,923040.2759151,2519271.3665772,126417.2103267,2781827.4289547,18744138.3355757,0,0,0
Z3,12,2,720,10704.0,0.103075,103846.713558,103920.0,1.0,2,8.32069,28462.53214,28462.53214,923040.2759151,2519271.3665772,126417.2103267,2781827.4289547,18744138.3355757,0,0,0
Z3,13,2,720,18776.0,0.1032,181937.984496,182288.0,1.0,2,8.32069,44080.786327,44080.786327,923040.2759151,2519271.3665772,126417.2103267,2781827.4289547,18744138.3355757,0,0,0
Z3,14,2,720,21848.0,0.103124,211861.448353,212112.0,1.0,2,8.32069,50065.479099,50065.479099,923040.2759151,2519271.3665772,126417.2103267,2781827.4289547,18744138.3355757,0,0,0
Z3,15,2,720,12752.0,0.113981,111878.295505,112848.0,1.0,2,8.32069,30068.848529,30068.848529,923040.2759151,2519271.3665772,126417.2103267,2781827.4289547,18744138.3355757,0,0,0
Z3,16,2,720,21856.0,0.138222,158122.440711,158376.0,1.0,2,8.32069,39317.67757,39317.67757,923040.2759151,2519271.3665772,126417.2103267,2781827.4289547,18744138.3355757,0,0,0
Z3,17,2,720,16880.0,0.103236,163508.853501,163880.0,1.0,2,8.32069,40394.960128,40394.960128,923040.2759151,2519271.3665772,126417.2103267,2781827.4289547,18744138.3355757,0,0,0
Z3,18,2,720,9160.0,0.103151,88801.853593,88928.0,1.0,2,8.32069,25453.560147,25453.560147,923040.2759151,2519271.3665772,126417.2103267,2781827.4289547,18744138.3355757,0,0,0
Z3,19,2,720,11592.0,0.102942,112607.099143,113640.0,1.0,2,8.32069,30214.609257,30214.609257,923040.2759151,2519271.3665772,126417.2103267,2781827.4289547,18744138.3355757,0,0,0
Z3,20,2,720,9952.0,0.103156,96475.241382,96616.0,1.0,2,8.32069,26988.237704,26988.237704,923040.2759151,2519271.3665772,126417.2103267,2781827.4289547,18744138.3355757,0,0,0
Z3,21,2,720,11064.0,0.102951,107468.601568,108464.0,1.0,2,8.32069,29186.909741,29186.909741,923040.2759151,2519271.3665772,126417.2103267,2781827.4289547,18744138.3355757,0,0,0
Z3,22,2,720,14728.0,0.182579,80666.451235,80920.0,1.0,2,8.32069,23826.479675,23826.479675,923040.2759151,2519271.3665772,126417.2103267,2781827.4289547,18744138.3355757,0,0,0
Z3,23,2,720,16264.0,0.103191,157610.644339,157896.0,1.0,2,8.32069,39215.318296,39215.318296,923040.2759151,2519271.3665772,126417.2103267,2781827.4289547,18744138.3355757,0,0,0
Z3,24,2,720,9504.0,0.103093,92188.606404,92264.0,1.0,2,8.32069,26130.910709,26130.910709,923040.2759151,2519271.3665772,126417.2103267,2781827.4289547,18744138.3355757,0,0,0
Z3,25,2,720,12688.0,0.109636,115728.410376,116400.0,1.0,2,8.32069,30838.871503,30838.871503,923040.2759151,2519271.3665772,126417.2103267,2781827.4289547,18744138.3355757,0,0,0
Z3,26,2,720,17320.0,0.103128,167946.629431,168152.0,1.0,2,8.32069,41282.515314,41282.515314,923040.2759151,2519271.3665772,126417.2103267,2781827.4289547,18744138.3355757,0,0,0
Z3,27,2,720,9320.0,0.103111,90388.028435,90480.0,1.0,2,8.32069,25770.795115,25770.795115,923040.2759151,2519271.3665772,126417.2103267,2781827.4289547,18744138.3355757,0,0,0
Z3,28,2,720,6376.0,0.102954,61930.570935,62504.0,1.0,2,8.32069,20079.303615,20079.303615,923040.2759151,2519271.3665772,126417.2103267,2781827.4289547,18744138.3355757,0,0,0
Z3,29,2,720,6872.0,0.103096,66656.320323,66712.0,1.0,2,8.32069,21024.453492,21024.453492,923040.2759151,2519271.3665772,126417.2103267,2781827.4289547,18744138.3355757,0,0,0
Z3,30,2,720,6872.0,0.103188,66596.891111,66712.0,1.0,2,8.32069,21012.56765,21012.56765,923040.2759151,2519271.3665772,126417.2103267,2781827.4289547,18744138.3355757,0,0,0
Z3,31,2,720,6376.0,0.103143,61817.088896,61896.0,1.0,2,8.32069,20056.607207,20056.607207,923040.2759151,2519271.3665772,126417.2103267,2781827.4289547,18744138.3355757,0,0,0
Z3,32,2,720,6872.0,0.103095,66656.966875,66712.0,1.0,2,8.32069,21024.582803,21024.582803,923040.2759151,2519271.3665772,126417.2103267,2781827.4289547,18744138.3355757,0,0,0
Z3,33,2,720,6872.0,0.103176,66604.636737,66712.0,1.0,2,8.32069,21014.116775,21014.116775,923040.2759151,2519271.3665772,126417.2103267,2781827.4289547,18744138.3355757,0,0,0
Z3,34,2,720,6376.0,0.103137,61820.685108,61896.0,1.0,2,8.32069,20057.32645,20057.32645,923040.2759151,2519271.3665772,126417.2103267,2781827.4289547,18744138.3355757,0,0,0
Z3,35,2,720,6872.0,0.103096,66656.320323,66712.0,1.0,2,8.32069,21024.453492,21024.453492,923040.2759151,2519271.3665772,126417.2103267,2781827.4289547,18744138.3355757,0,0,0
Z3,36,2,720,6872.0,0.103199,66589.792537,66712.0,1.0,2,8.32069,21011.147935,21011.147935,923040.2759151,2519271.3665772,126417.2103267,2781827.4289547,18744138.3355757,0,0,0
Z3,37,2,720,6376.0,0.14936,42688.80557,42784.0,1.0,2,8.32069,16230.950542,16230.950542,923040.2759151,2519271.3665772,126417.2103267,2781827.4289547,18744138.3355757,0,0,0
Z3,38,2,720,6872.0,0.103191,66594.954986,66712.0,1.0,2,8.32069,21012.180425,21012.180425,923040.2759151,2519271.3665772,126417.2103267,2781827.4289547,18744138.3355757,0,0,0
Z1,0,3,720,15304.0,0.558737,27390.346442,27424.0,1.0,2,14.722974,26490.249714,26490.249714,923040.2759151,2519271.3665772,126417.2103267,2781827.4289547,18744138.3355757,0,0,0
Z2,0,3,720,6624.0,0.340469,19455.515774,19480.0,1.0,2,14.722974,24903.28358,24903.28358,923040.2759151,2519271.3665772,126417.2103267,2781827.4289547,18744138.3355757,0,0,0
Z2,1,3,720,5664.0,0.102829,55081.737642,55528.0,1.0,2,14.722974,32028.527954,32028.527954,923040.2759151,2519271.3665772,126417.2103267,2781827.4289547,18744138.3355757,0,0,0
Z2,2,3,720,7080.0,0.103022,68723.185339,68736.0,1.0,2,14.722974,34756.817493,34756.817493,923040.2759151,2519271.3665772,126417.2103267,2781827.4289547,18744138.3355757,0,0,0
Z2,3,3,720,7080.0,0.102952,68769.912192,69408.0,1.0,2,14.722974,34766.162864,34766.162864,923040.2759151,2519271.3665772,126417.2103267,2781827.4289547,18744138.3355757,0,0,0
Z2,4,3,720,12544.0,0.103177,121577.483354,121784.0,1.0,2,14.722974,45327.677096,45327.677096,923040.2759151,2519271.3665772,126417.2103267,2781827.4289547,18744138.3355757,0,0,0
Z2,5,3,720,18632.0,0.103086,180742.292843,180888.0,1.0,2,14.722974,57160.638994,57160.638994,923040.2759151,2519271.3665772,126417.2103267,2781827.4289547,18744138.3355757,0,0,0
Z2,6,3,720,10240.0,0.103209,99216.15363,99416.0,1.0,2,14.722974,40855.411151,40855.411151,923040.2759151,2519271.3665772,126417.2103267,2781827.4289547,18744138.3355757,0,0,0
Z2,7,3,720,8424.0,0.103091,81714.213656,81784.0,1.0,2,14.722974,37355.023156,37355.023156,923040.2759151,2519271.3665772,126417.2103267,2781827.4289547,18744138.3355757,0,0,0
Z3,0,3,720,5424.0,0.535593,10127.092774,10136.0,1.0,2,14.722974,23037.59898,23037.59898,923040.2759151,2519271.3665772,126417.2103267,2781827.4289547,18744138.3355757,0,0,0
Z3,1,3,720,7080.0,0.143959,49180.669496,49504.0,1.0,2,14.722974,30848.314324,30848.314324,923040.2759151,2519271.3665772,126417.2103267,2781827.4289547,18744138.3355757,0,0,0
Z3,2,3,720,7080.0,0.144006,49164.618141,49160.0,1.0,2,14.722974,30845.104053,30845.104053,923040.2759151,2519271.3665772,126417.2103267,2781827.4289547,18744138.3355757,0,0,0
Z3,3,3,720,5664.0,0.144008,39331.14827,39328.0,1.0,2,14.722974,28878.410079,28878.410079,923040.2759151,2519271.3665772,126417.2103267,2781827.4289547,18744138.3355757,0,0,0
Z3,4,3,720,7080.0,0.14402,49159.838911,49160.0,1.0,2,14.722974,30844.148207,30844.148207,923040.2759151,2519271.3665772,126417.2103267,2781827.4289547,18744138.3355757,0,0,0
Z3,5,3,720,7080.0,0.144071,49142.436715,49160.0,1.0,2,14.722974,30840.667768,30840.667768,923040.2759151,2519271.3665772,126417.2103267,2781827.4289547,18744138.3355757,0,0,0
Z3,6,3,720,5664.0,0.144068,39314.768026,39328.0,1.0,2,14.722974,28875.13403,28875.13403,923040.2759151,2519271.3665772,126417.2103267,2781827.4289547,18744138.3355757,0,0,0
Z3,7,3,720,7080.0,0.144046,49150.965664,49160.0,1.0,2,14.722974,30842.373558,30842.373558,923040.2759151,2519271.3665772,126417.2103267,2781827.4289547,18744138.3355757,0,0,0
Z3,8,3,720,7080.0,0.143868,49211.777463,49504.0,1.0,2,14.722974,30854.535918,30854.535918,923040.2759151,2519271.3665772,126417.2103267,2781827.4289547,18744138.3355757,0,0,0
Z3,9,3,720,14120.0,0.143924,98107.334427,98736.0,1.0,2,14.722974,40633.64731,40633.64731,923040.2759151,2519271.3665772,126417.2103267,2781827.4289547,18744138.3355757,0,0,0
Z3,10,3,720,17536.0,0.144089,121702.558835,121776.0,1.0,2,14.722974,45352.692192,45352.692192,923040.2759151,2519271.3665772,126417.2103267,2781827.4289547,18744138.3355757,0,0,0
Z3,11,3,720,16008.0,0.144004,111163.578789,111160.0,1.0,2,14.722974,43244.896183,43244.896183,923040.2759151,2519271.3665772,126417.2103267,2781827.4289547,18744138.3355757,0,0,0
Z3,12,3,720,10896.0,0.143935,75700.837183,76192.0,1.0,2,14.722974,36152.347862,36152.347862,923040.2759151,2519271.3665772,126417.2103267,2781827.4289547,18744138.3355757,0,0,0
Z3,13,3,720,19720.0,0.144004,136940.640538,136944.0,1.0,2,14.722974,48400.308533,48400.308533,923040.2759151,2519271.3665772,126417.2103267,2781827.4289547,18744138.3355757,0,0,0
Z3,14,3,720,20104.0,0.144038,139574.27901,139608.0,1.0,2,14.722974,48927.036227,48927.036227,923040.2759151,2519271.3665772,126417.2103267,2781827.4289547,18744138.3355757,0,0,0
Z3,15,3,720,12504.0,0.143872,86910.587189,87440.0,1.0,2,14.722974,38394.297863,38394.297863,923040.2759151,2519271.3665772,126417.2103267,2781827.4289547,18744138.3355757,0,0,0
Z3,16,3,720,23072.0,0.143987,160236.688034,161336.0,1.0,2,14.722974,53059.518032,53059.518032,923040.2759151,2519271.3665772,126417.2103267,2781827.4289547,18744138.3355757,0,0,0
Z3,17,3,720,18112.0,0.143914,125852.93995,126656.0,1.0,2,14.722974,46182.768415,46182.768415,923040.2759151,2519271.3665772,126417.2103267,2781827.4289547,18744138.3355757,0,0,0
Z3,18,3,720,9664.0,0.143837,67187.163247,67576.0,1.0,2,14.722974,34449.613075,34449.613075,923040.2759151,2519271.3665772,126417.2103267,2781827.4289547,18744138.3355757,0,0,0
Z3,19,3,720,12280.0,0.26128,46999.38763,47048.0,1.0,2,14.722974,30412.057951,30412.057951,923040.2759151,2519271.3665772,126417.2103267,2781827.4289547,18744138.3355757,0,0,0
Z3,20,3,720,10368.0,0.200039,51829.893171,51840.0,1.0,2,14.722974,31378.159059,31378.159059,923040.2759151,2519271.3665772,126417.2103267,2781827.4289547,18744138.3355757,0,0,0
Z3,21,3,720,10520.0,0.144026,73042.36735,73048.0,1.0,2,14.722974,35620.653895,35620.653895,923040.2759151,2519271.3665772,126417.2103267,2781827.4289547,18744138.3355757,0,0,0
Z3,22,3,720,15288.0,0.156115,97927.809628,98000.0,1.0,2,14.722974,40597.742351,40597.742351,923040.2759151,2519271.3665772,126417.2103267,2781827.4289547,18744138.3355757,0,0,0
Z3,23,3,720,16344.0,0.143928,113556.778389,114288.0,1.0,2,14.722974,43723.536103,43723.536103,923040.2759151,2519271.3665772,126417.2103267,2781827.4289547,18744138.3355757,0,0,0
Z3,24,3,720,0.0,1.235866,0.0,0.0,1.0,2,14.722974,21012.180425,21012.180425,923040.2759151,2519271.3665772,126417.2103267,2781827.4289547,18744138.3355757,0,0,0
Z3,25,3,720,13800.0,0.399799,34517.344966,34584.0,1.0,2,14.722974,27915.649418,27915.649418,923040.2759151,2519271.3665772,126417.2103267,2781827.4289547,18744138.3355757,0,0,0
Z3,26,3,720,17664.0,0.102978,171531.783488,173176.0,1.0,2,14.722974,55318.537123,55318.537123,923040.2759151,2519271.3665772,126417.2103267,2781827.4289547,18744138.3355757,0,0,0
Z3,27,3,720,9896.0,0.103028,96051.5588,96072.0,1.0,2,14.722974,40222.492185,40222.492185,923040.2759151,2519271.3665772,126417.2103267,2781827.4289547,18744138.3355757,0,0,0
Z3,28,3,720,6376.0,0.102975,61917.941248,62504.0,1.0,2,14.722974,33395.768675,33395.768675,923040.2759151,2519271.3665772,126417.2103267,2781827.4289547,18744138.3355757,0,0,0
Z3,29,3,720,6872.0,0.102891,66789.126357,67368.0,1.0,2,14.722974,34370.005697,34370.005697,923040.2759151,2519271.3665772,126417.2103267,2781827.4289547,18744138.3355757,0,0,0
Z3,30,3,720,6872.0,0.103026,66701.609303,66712.0,1.0,2,14.722974,34352.502286,34352.502286,923040.2759151,2519271.3665772,126417.2103267,2781827.4289547,18744138.3355757,0,0,0
Z3,31,3,720,6376.0,0.184718,34517.4807,34648.0,1.0,2,14.722974,27915.676565,27915.676565,923040.2759151,2519271.3665772,126417.2103267,2781827.4289547,18744138.3355757,0,0,0
Z3,32,3,720,6872.0,0.102905,66780.039843,67368.0,1.0,2,14.722974,34368.188394,34368.188394,923040.2759151,2519271.3665772,126417.2103267,2781827.4289547,18744138.3355757,0,0,0
Z3,33,3,720,6872.0,0.197057,34873.158528,34880.0,1.0,2,14.722974,27986.812131,27986.812131,923040.2759151,2519271.3665772,126417.2103267,2781827.4289547,18744138.3355757,0,0,0
Z3,34,3,720,6376.0,0.102935,61942.002234,62504.0,1.0,2,14.722974,33400.580872,33400.580872,923040.2759151,2519271.3665772,126417.2103267,2781827.4289547,18744138.3355757,0,0,0
Z3,35,3,720,6872.0,0.103029,66699.667084,66712.0,1.0,2,14.722974,34352.113842,34352.113842,923040.2759151,2519271.3665772,126417.2103267,2781827.4289547,18744138.3355757,0,0,0
Z3,36,3,720,6872.0,0.103143,66625.946501,66712.0,1.0,2,14.722974,34337.369725,34337.369725,923040.2759151,2519271.3665772,126417.2103267,2781827.4289547,18744138.3355757,0,0,0
Z3,37,3,720,6376.0,0.102925,61948.020403,62504.0,1.0,2,14.722974,33401.784506,33401.784506,923040.2759151,2519271.3665772,126417.2103267,2781827.4289547,18744138.3355757,0,0,0
Z3,38,3,720,6872.0,0.103053,66684.133407,66712.0,1.0,2,14.722974,34349.007107,34349.007107,923040.2759151,2519271.3665772,126417.2103267,2781827.4289547,18744138.3355757,0,0,0
Z1,0,4,720,0.0,1.415019,0.0,0.0,1.0,2,23.534943,34349.007107,34349.007107,923040.2759151,2519271.3665772,126417.2103267,2781827.4289547,18744138.3355757,0,0,0
Z2,0,4,720,0.0,0.143936,0.0,0.0,1.0,2,23.534943,34349.007107,34349.007107,923040.2759151,2519271.3665772,126417.2103267,2781827.4289547,18744138.3355757,0,0,0
Z2,1,4,720,6648.0,0.790721,8407.516684,8408.0,1.0,2,23.534943,36030.510443,36030.510443,923040.2759151,2519271.3665772,126417.2103267,2781827.4289547,18744138.3355757,0,0,0
Z2,2,4,720,7296.0,0.349824,20856.201976,20904.0,1.0,2,23.534943,38520.247502,38520.247502,923040.2759151,2519271.3665772,126417.2103267,2781827.4289547,18744138.3355757,0,0,0
Z2,3,4,720,17272.0,0.144322,119676.833747,119944.0,1.0,2,23.534943,58284.373856,58284.373856,923040.2759151,2519271.3665772,126417.2103267,2781827.4289547,18744138.3355757,0,0,0
Z2,4,4,720,22592.0,0.144129,156748.468386,156888.0,1.0,2,23.534943,65698.700784,65698.700784,923040.2759151,2519271.3665772,126417.2103267,2781827.4289547,18744138.3355757,0,0,0
Z2,5,4,720,17472.0,0.143939,121384.753264,122176.0,1.0,2,23.534943,58625.957759,58625.957759,923040.2759151,2519271.3665772,126417.2103267,2781827.4289547,18744138.3355757,0,0,0
Z2,6,4,720,6424.0,0.143957,44624.436464,44920.0,1.0,2,23.534943,43273.894399,43273.894399,923040.2759151,2519271.3665772,126417.2103267,2781827.4289547,18744138.3355757,0,0,0
Z2,7,4,720,6872.0,0.223636,30728.50525,30816.0,1.0,2,23.534943,40494.708157,40494.708157,923040.2759151,2519271.3665772,126417.2103267,2781827.4289547,18744138.3355757,0,0,0
Z3,0,4,720,6448.0,0.548272,11760.585987,11760.0,1.0,2,23.534943,36701.124304,36701.124304,923040.2759151,2519271.3665772,126417.2103267,2781827.4289547,18744138.3355757,0,0,0
Z3,1,4,720,7448.0,0.146626,50795.9025,51008.0,1.0,2,23.534943,44508.187607,44508.187607,923040.2759151,2519271.3665772,126417.2103267,2781827.4289547,18744138.3355757,0,0,0
Z3,2,4,720,7424.0,0.151014,49161.00494,49160.0,1.0,2,23.534943,44181.208095,44181.208095,923040.2759151,2519271.3665772,126417.2103267,2781827.4289547,18744138.3355757,0,0,0
Z3,3,4,720,6648.0,0.152124,43701.191134,43736.0,1.0,2,23.534943,43089.245333,43089.245333,923040.2759151,2519271.3665772,126417.2103267,2781827.4289547,18744138.3355757,0,0,0
Z3,4,4,720,7224.0,0.144219,50090.487384,50160.0,1.0,2,23.534943,44367.104583,44367.104583,923040.2759151,2519271.3665772,126417.2103267,2781827.4289547,18744138.3355757,0,0,0
Z3,5,4,720,7240.0,0.144166,50219.88541,50272.0,1.0,2,23.534943,44392.984189,44392.984189,923040.2759151,2519271.3665772,126417.2103267,2781827.4289547,18744138.3355757,0,0,0
Z3,6,4,720,6648.0,0.144138,46122.46597,46160.0,1.0,2,23.534943,43573.500301,43573.500301,923040.2759151,2519271.3665772,126417.2103267,2781827.4289547,18744138.3355757,0,0,0
Z3,7,4,720,7232.0,0.144106,50185.28028,50216.0,1.0,2,23.534943,44386.063163,44386.063163,923040.2759151,2519271.3665772,126417.2103267,2781827.4289547,18744138.3355757,0,0,0
Z3,8,4,720,7296.0,0.144003,50665.611133,50664.0,1.0,2,23.534943,44482.129333,44482.129333,923040.2759151,2519271.3665772,126417.2103267,2781827.4289547,18744138.3355757,0,0,0
Z3,9,4,720,16456.0,0.144307,114034.662213,114272.0,1.0,2,23.534943,57155.939549,57155.939549,923040.2759151,2519271.3665772,126417.2103267,2781827.4289547,18744138.3355757,0,0,0
Z3,10,4,720,25392.0,0.14395,176394.581452,177560.0,1.0,2,23.534943,69627.923397,69627.923397,923040.2759151,2519271.3665772,126417.2103267,2781827.4289547,18744138.3355757,0,0,0
Z3,11,4,720,21592.0,0.144286,149647.228421,149944.0,1.0,2,23.534943,64278.452791,64278.452791,923040.2759151,2519271.3665772,126417.2103267,2781827.4289547,18744138.3355757,0,0,0
Z3,12,4,720,13528.0,0.14865,91005.71813,91400.0,1.0,2,23.534943,52550.150733,52550.150733,923040.2759151,2519271.3665772,126417.2103267,2781827.4289547,18744138.3355757,0,0,0
Z3,13,4,720,29512.0,0.26216,112572.474825,112640.0,1.0,2,23.534943,56863.502071,56863.502071,923040.2759151,2519271.3665772,126417.2103267,2781827.4289547,18744138.3355757,0,0,0
Z3,14,4,720,29688.0,1.736316,17098.270131,17096.0,1.0,2,23.534943,37768.661133,37768.661133,923040.2759151,2519271.3665772,126417.2103267,2781827.4289547,18744138.3355757,0,0,0
Z3,15,4,720,16760.0,0.144077,116326.686425,116384.0,1.0,2,23.534943,57614.344392,57614.344392,923040.2759151,2519271.3665772,126417.2103267,2781827.4289547,18744138.3355757,0,0,0
Z3,16,4,720,33128.0,0.144227,229693.469323,230048.0,1.0,2,23.534943,80287.700971,80287.700971,923040.2759151,2519271.3665772,126417.2103267,2781827.4289547,18744138.3355757,0,0,0
Z3,17,4,720,26248.0,0.144165,182069.156869,182272.0,1.0,2,23.534943,70762.83848,70762.83848,923040.2759151,2519271.3665772,126417.2103267,2781827.4289547,18744138.3355757,0,0,0
Z3,18,4,720,26240.0,0.147511,177885.039082,178496.0,1.0,2,23.534943,69926.014923,69926.014923,923040.2759151,2519271.3665772,126417.2103267,2781827.4289547,18744138.3355757,0,0,0
Z3,19,4,720,14624.0,0.144067,101508.325987,101552.0,1.0,2,23.534943,54650.672304,54650.672304,923040.2759151,2519271.3665772,126417.2103267,2781827.4289547,18744138.3355757,0,0,0
Z3,20,4,720,26816.0,0.144218,185940.728619,186216.0,1.0,2,23.534943,71537.15283,71537.15283,923040.2759151,2519271.3665772,126417.2103267,2781827.4289547,18744138.3355757,0,0,0
Z3,21,4,720,23128.0,0.14408,160521.93226,160608.0,1.0,2,23.534943,66453.393559,66453.393559,923040.2759151,2519271.3665772,126417.2103267,2781827.4289547,18744138.3355757,0,0,0
Z3,22,4,720,19440.0,0.143917,135077.857376,135944.0,1.0,2,23.534943,61364.578582,61364.578582,923040.2759151,2519271.3665772,126417.2103267,2781827.4289547,18744138.3355757,0,0,0
Z3,23,4,720,29088.0,0.144054,201924.278396,202000.0,1.0,2,23.534943,74733.862786,74733.862786,923040.2759151,2519271.3665772,126417.2103267,2781827.4289547,18744138.3355757,0,0,0
Z3,24,4,720,29840.0,0.144072,207118.662891,207216.0,1.0,2,23.534943,75772.739685,75772.739685,923040.2759151,2519271.3665772,126417.2103267,2781827.4289547,18744138.3355757,0,0,0
Z3,25,4,720,17200.0,0.143996,119447.762438,120272.0,1.0,2,23.534943,58238.559594,58238.559594,923040.2759151,2519271.3665772,126417.2103267,2781827.4289547,18744138.3355757,0,0,0
Z3,26,4,720,25664.0,0.410855,62464.859865,62592.0,1.0,2,23.534943,46841.97908,46841.97908,923040.2759151,2519271.3665772,126417.2103267,2781827.4289547,18744138.3355757,0,0,0
Z3,27,4,720,26808.0,0.148233,180850.417923,181128.0,1.0,2,23.534943,70519.090691,70519.090691,923040.2759151,2519271.3665772,126417.2103267,2781827.4289547,18744138.3355757,0,0,0
Z3,28,4,720,12720.0,0.143974,88349.285288,88944.0,1.0,2,23.534943,52018.864164,52018.864164,923040.2759151,2519271.3665772,126417.2103267,2781827.4289547,18744138.3355757,0,0,0
Z3,29,4,720,11496.0,0.144102,79776.824749,79832.0,1.0,2,23.534943,50304.372056,50304.372056,923040.2759151,2519271.3665772,126417.2103267,2781827.4289547,18744138.3355757,0,0,0
Z3,30,4,720,6448.0,0.144001,44777.466823,44776.0,1.0,2,23.534943,43304.500471,43304.500471,923040.2759151,2519271.3665772,126417.2103267,2781827.4289547,18744138.3355757,0,0,0
Z3,31,4,720,7200.0,0.619479,11622.670018,11624.0,1.0,2,23.534943,36673.54111,36673.54111,923040.2759151,2519271.3665772,126417.2103267,2781827.4289547,18744138.3355757,0,0,0
Z3,32,4,720,7520.0,0.500004,15039.879681,15040.0,1.0,2,23.534943,37356.983043,37356.983043,923040.2759151,2519271.3665772,126417.2103267,2781827.4289547,18744138.3355757,0,0,0
Z3,33,4,720,6728.0,0.14407,46699.521066,46720.0,1.0,2,23.534943,43688.91132,43688.91132,923040.2759151,2519271.3665772,126417.2103267,2781827.4289547,18744138.3355757,0,0,0
Z3,34,4,720,7224.0,0.143846,50220.374567,50512.0,1.0,2,23.534943,44393.08202,44393.08202,923040.2759151,2519271.3665772,126417.2103267,2781827.4289547,18744138.3355757,0,0,0
Z3,35,4,720,7256.0,0.143978,50396.588368,50736.0,1.0,2,23.534943,44428.32478,44428.32478,923040.2759151,2519271.3665772,126417.2103267,2781827.4289547,18744138.3355757,0,0,0
Z3,36,4,720,6544.0,0.144146,45398.415495,45440.0,1.0,2,23.534943,43428.690206,43428.690206,923040.2759151,2519271.3665772,126417.2103267,2781827.4289547,18744138.3355757,0,0,0
Z3,37,4,720,12272.0,0.144065,85183.771214,85216.0,1.0,2,23.534943,51385.761349,51385.761349,923040.2759151,2519271.3665772,126417.2103267,2781827.4289547,18744138.3355757,0,0,0
Z3,38,4,720,8544.0,0.143952,59353.117706,59744.0,1.0,2,23.534943,46219.630648,46219.630648,923040.2759151,2519271.3665772,126417.2103267,2781827.4289547,18744138.3355757,0,0,0
Z1,0,5,720,20272.0,0.580096,34945.939982,34944.0,1.0,2,35.903771,53208.818644,53208.818644,923040.2759151,2519271.3665772,126417.2103267,2781827.4289547,18744138.3355757,0,0,0
Z2,0,5,720,0.0,0.14729,0.0,0.0,1.0,2,35.903771,46219.630648,46219.630648,923040.2759151,2519271.3665772,126417.2103267,2781827.4289547,18744138.3355757,0,0,0
Z2,1,5,720,0.0,0.641507,0.0,0.0,1.0,2,35.903771,46219.630648,46219.630648,923040.2759151,2519271.3665772,126417.2103267,2781827.4289547,18744138.3355757,0,0,0
Z2,2,5,720,8792.0,0.510526,17221.453951,17232.0,1.0,2,35.903771,49663.921438,49663.921438,923040.2759151,2519271.3665772,126417.2103267,2781827.4289547,18744138.3355757,0,0,0
Z2,3,5,720,8816.0,0.144071,61192.051141,61216.0,1.0,2,35.903771,58458.040876,58458.040876,923040.2759151,2519271.3665772,126417.2103267,2781827.4289547,18744138.3355757,0,0,0
Z2,4,5,720,14976.0,0.144155,103888.175922,104000.0,1.0,2,35.903771,66997.265832,66997.265832,923040.2759151,2519271.3665772,126417.2103267,2781827.4289547,18744138.3355757,0,0,0
Z2,5,5,720,25312.0,0.14399,175789.985416,177000.0,1.0,2,35.903771,81377.627731,81377.627731,923040.2759151,2519271.3665772,126417.2103267,2781827.4289547,18744138.3355757,0,0,0
Z2,6,5,720,13208.0,0.152334,86704.215736,86888.0,1.0,2,35.903771,63560.473795,63560.473795,923040.2759151,2519271.3665772,126417.2103267,2781827.4289547,18744138.3355757,0,0,0
Z2,7,5,720,16320.0,0.144211,113167.511494,113328.0,1.0,2,35.903771,68853.132946,68853.132946,923040.2759151,2519271.3665772,126417.2103267,2781827.4289547,18744138.3355757,0,0,0
Z3,0,5,720,0.0,0.557802,0.0,0.0,1.0,2,35.903771,46219.630648,46219.630648,923040.2759151,2519271.3665772,126417.2103267,2781827.4289547,18744138.3355757,0,0,0
Z3,1,5,720,9624.0,1.161025,8289.227191,8288.0,1.0,2,35.903771,47877.476086,47877.476086,923040.2759151,2519271.3665772,126417.2103267,2781827.4289547,18744138.3355757,0,0,0
Z3,2,5,720,9096.0,0.144122,63113.195765,63160.0,1.0,2,35.903771,58842.269801,58842.269801,923040.2759151,2519271.3665772,126417.2103267,2781827.4289547,18744138.3355757,0,0,0
Z3,3,5,720,7632.0,0.143913,53032.040191,53368.0,1.0,2,35.903771,56826.038686,56826.038686,923040.2759151,2519271.3665772,126417.2103267,2781827.4289547,18744138.3355757,0,0,0
Z3,4,5,720,8304.0,0.411508,20179.437581,20200.0,1.0,2,35.903771,50255.518164,50255.518164,923040.2759151,2519271.3665772,126417.2103267,2781827.4289547,18744138.3355757,0,0,0
Z3,5,5,720,8504.0,0.348324,24414.051286,24432.0,1.0,2,35.903771,51102.440905,51102.440905,923040.2759151,2519271.3665772,126417.2103267,2781827.4289547,18744138.3355757,0,0,0
Z3,6,5,720,7384.0,0.14406,51256.420936,51272.0,1.0,2,35.903771,56470.914835,56470.914835,923040.2759151,2519271.3665772,126417.2103267,2781827.4289547,18744138.3355757,0,0,0
Z3,7,5,720,8968.0,0.807585,11104.713436,11112.0,1.0,2,35.903771,48440.573335,48440.573335,923040.2759151,2519271.3665772,126417.2103267,2781827.4289547,18744138.3355757,0,0,0
Z3,8,5,720,8912.0,0.144076,61856.242539,61888.0,1.0,2,35.903771,58590.879156,58590.879156,923040.2759151,2519271.3665772,126417.2103267,2781827.4289547,18744138.3355757,0,0,0
Z3,9,5,720,16688.0,0.143992,115895.327518,116696.0,1.0,2,35.903771,69398.696151,69398.696151,923040.2759151,2519271.3665772,126417.2103267,2781827.4289547,18744138.3355757,0,0,0
Z3,10,5,720,23832.0,0.143889,165627.67133,166656.0,1.0,2,35.903771,79345.164914,79345.164914,923040.2759151,2519271.3665772,126417.2103267,2781827.4289547,18744138.3355757,0,0,0
Z3,11,5,720,21144.0,0.143927,146907.80743,147856.0,1.0,2,35.903771,75601.192134,75601.192134,923040.2759151,2519271.3665772,126417.2103267,2781827.4289547,18744138.3355757,0,0,0
Z3,12,5,720,14272.0,0.143957,99140.71563,99800.0,1.0,2,35.903771,66047.773774,66047.773774,923040.2759151,2519271.3665772,126417.2103267,2781827.4289547,18744138.3355757,0,0,0
Z3,13,5,720,27640.0,0.143909,192065.819372,193280.0,1.0,2,35.903771,84632.794522,84632.794522,923040.2759151,2519271.3665772,126417.2103267,2781827.4289547,18744138.3355757,0,0,0
Z3,14,5,720,33288.0,0.436264,76302.422386,76344.0,1.0,2,35.903771,61480.115125,61480.115125,923040.2759151,2519271.3665772,126417.2103267,2781827.4289547,18744138.3355757,0,0,0
Z3,15,5,720,17576.0,0.143986,122067.423222,122904.0,1.0,2,35.903771,70633.115292,70633.115292,923040.2759151,2519271.3665772,126417.2103267,2781827.4289547,18744138.3355757,0,0,0
Z3,16,5,720,34872.0,0.14454,241261.934413,242160.0,1.0,2,35.903771,94472.01753,94472.01753,923040.2759151,2519271.3665772,126417.2103267,2781827.4289547,18744138.3355757,0,0,0
Z3,17,5,720,27336.0,0.144099,189702.912581,189832.0,1.0,2,35.903771,84160.213164,84160.213164,923040.2759151,2519271.3665772,126417.2103267,2781827.4289547,18744138.3355757,0,0,0
Z3,18,5,720,18312.0,0.143823,127323.168061,128048.0,1.0,2,35.903771,71684.26426,71684.26426,923040.2759151,2519271.3665772,126417.2103267,2781827.4289547,18744138.3355757,0,0,0
Z3,19,5,720,41432.0,0.144329,287066.355341,287720.0,1.0,2,35.903771,103632.901716,103632.901716,923040.2759151,2519271.3665772,126417.2103267,2781827.4289547,18744138.3355757,0,0,0
Z3,20,5,720,36760.0,0.179176,205161.405545,205360.0,1.0,2,35.903771,87251.911757,87251.911757,923040.2759151,2519271.3665772,126417.2103267,2781827.4289547,18744138.3355757,0,0,0
Z3,21,5,720,21272.0,0.144805,146901.0048,147720.0,1.0,2,35.903771,75599.831608,75599.831608,923040.2759151,2519271.3665772,126417.2103267,2781827.4289547,18744138.3355757,0,0,0
Z3,22,5,720,43464.0,0.143974,301887.84086,303944.0,1.0,2,35.903771,106597.19882,106597.19882,923040.2759151,2519271.3665772,126417.2103267,2781827.4289547,18744138.3355757,0,0,0
Z3,23,5,720,42000.0,0.144187,291288.396319,291664.0,1.0,2,35.903771,104477.309912,104477.309912,923040.2759151,2519271.3665772,126417.2103267,2781827.4289547,18744138.3355757,0,0,0
Z3,24,5,720,20304.0,0.144085,140916.819933,141000.0,1.0,2,35.903771,74402.994634,74402.994634,923040.2759151,2519271.3665772,126417.2103267,2781827.4289547,18744138.3355757,0,0,0
Z3,25,5,720,32736.0,0.144106,227166.113833,227328.0,1.0,2,35.903771,91652.853414,91652.853414,923040.2759151,2519271.3665772,126417.2103267,2781827.4289547,18744138.3355757,0,0,0
Z3,26,5,720,34608.0,0.144254,239910.15847,240328.0,1.0,2,35.903771,94201.662342,94201.662342,923040.2759151,2519271.3665772,126417.2103267,2781827.4289547,18744138.3355757,0,0,0
Z3,27,5,720,21272.0,0.143987,147735.55946,148752.0,1.0,2,35.903771,75766.74254,75766.74254,923040.2759151,2519271.3665772,126417.2103267,2781827.4289547,18744138.3355757,0,0,0
Z3,28,5,720,8752.0,0.14398,60786.220308,61200.0,1.0,2,35.903771,58376.874709,58376.874709,923040.2759151,2519271.3665772,126417.2103267,2781827.4289547,18744138.3355757,0,0,0
Z3,29,5,720,12760.0,0.144037,88588.348827,88608.0,1.0,2,35.903771,63937.300413,63937.300413,923040.2759151,2519271.3665772,126417.2103267,2781827.4289547,18744138.3355757,0,0,0
Z3,30,5,720,15440.0,0.143952,107257.974881,107968.0,1.0,2,35.903771,67671.225624,67671.225624,923040.2759151,2519271.3665772,126417.2103267,2781827.4289547,18744138.3355757,0,0,0
Z3,31,5,720,10000.0,0.143832,69525.557595,69928.0,1.0,2,35.903771,60124.742167,60124.742167,923040.2759151,2519271.3665772,126417.2103267,2781827.4289547,18744138.3355757,0,0,0
Z3,32,5,720,15200.0,0.143842,105671.500674,106288.0,1.0,2,35.903771,67353.930783,67353.930783,923040.2759151,2519271.3665772,126417.2103267,2781827.4289547,18744138.3355757,0,0,0
Z3,33,5,720,18352.0,0.143957,127482.512139,128328.0,1.0,2,35.903771,71716.133076,71716.133076,923040.2759151,2519271.3665772,126417.2103267,2781827.4289547,18744138.3355757,0,0,0
Z3,34,5,720,11224.0,0.226478,49558.897553,49656.0,1.0,2,35.903771,56131.410158,56131.410158,923040.2759151,2519271.3665772,126417.2103267,2781827.4289547,18744138.3355757,0,0,0
Z3,35,5,720,23240.0,0.144009,161378.802714,161384.0,1.0,2,35.903771,78495.391191,78495.391191,923040.2759151,2519271.3665772,126417.2103267,2781827.4289547,18744138.3355757,0,0,0
Z3,36,5,720,16824.0,0.143967,116860.113776,117648.0,1.0,2,35.903771,69591.653403,69591.653403,923040.2759151,2519271.3665772,126417.2103267,2781827.4289547,18744138.3355757,0,0,0
Z3,37,5,720,9680.0,0.211922,45677.183115,45872.0,1.0,2,35.903771,55355.067271,55355.067271,923040.2759151,2519271.3665772,126417.2103267,2781827.4289547,18744138.3355757,0,0,0
Z3,38,5,720,12888.0,0.14868,86682.808717,87080.0,1.0,2,35.903771,63556.192391,63556.192391,923040.2759151,2519271.3665772,126417.2103267,2781827.4289547,18744138.3355757,0,0,0
