Zone, Tile_no, Seg_no, Reso, Seg_d_size, Seg_d_time, Bitrate, Bitrate1, Buf_lev, Buf_limit, Elapsed, Ref_vp, Local_avg,QoE,QoE1,Z1,Z2,Z3,delay,jitter,loss
Z1,0,1,720,9960.0,0.322847,30850.52672,30928.0,1.0,2,6e-05,30850.52672,30850.52672,1733076.6863492003,4894046.568328501,224479.65007940002,5253136.437645401,36862835.2574384,100,0,0
Z2,0,1,720,8952.0,0.324853,27557.079664,27624.0,1.0,2,6e-05,13778.539832,13778.539832,1733076.6863492003,4894046.568328501,224479.65007940002,5253136.437645401,36862835.2574384,100,0,0
Z2,1,1,720,5424.0,0.100944,53732.76272,54240.0,1.0,2,6e-05,17910.920907,17910.920907,1733076.6863492003,4894046.568328501,224479.65007940002,5253136.437645401,36862835.2574384,100,0,0
Z2,2,1,720,7080.0,0.100864,70193.527919,70800.0,1.0,2,6e-05,17548.38198,17548.38198,1733076.6863492003,4894046.568328501,224479.65007940002,5253136.437645401,36862835.2574384,100,0,0
Z2,3,1,720,18976.0,0.100919,188031.986048,189760.0,1.0,2,6e-05,37606.39721,37606.39721,1733076.6863492003,4894046.568328501,224479.65007940002,5253136.437645401,36862835.2574384,100,0,0
Z2,4,1,720,8720.0,0.100974,86358.864658,87200.0,1.0,2,6e-05,17271.772932,17271.772932,1733076.6863492003,4894046.568328501,224479.65007940002,5253136.437645401,36862835.2574384,100,0,0
Z2,5,1,720,8336.0,0.100854,82654.133698,83360.0,1.0,2,6e-05,16530.82674,16530.82674,1733076.6863492003,4894046.568328501,224479.65007940002,5253136.437645401,36862835.2574384,100,0,0
Z2,6,1,720,6376.0,0.100814,63245.184201,63760.0,1.0,2,6e-05,12649.03684,12649.03684,1733076.6863492003,4894046.568328501,224479.65007940002,5253136.437645401,36862835.2574384,100,0,0
Z2,7,1,720,6872.0,0.100855,68137.425016,68720.0,1.0,2,6e-05,13627.485003,13627.485003,1733076.6863492003,4894046.568328501,224479.65007940002,5253136.437645401,36862835.2574384,100,0,0
Z3,0,1,720,7080.0,0.322483,21954.645671,21984.0,1.0,2,6e-05,4390.929134,4390.929134,1733076.6863492003,4894046.568328501,224479.65007940002,5253136.437645401,36862835.2574384,100,0,0
Z3,1,1,720,7080.0,0.100972,70118.448679,70800.0,1.0,2,6e-05,14023.689736,14023.689736,1733076.6863492003,4894046.568328501,224479.65007940002,5253136.437645401,36862835.2574384,100,0,0
Z3,2,1,720,5664.0,0.100968,56096.981222,56640.0,1.0,2,6e-05,11219.396244,11219.396244,1733076.6863492003,4894046.568328501,224479.65007940002,5253136.437645401,36862835.2574384,100,0,0
Z3,3,1,720,7080.0,0.10092,70154.577883,70800.0,1.0,2,6e-05,14030.915577,14030.915577,1733076.6863492003,4894046.568328501,224479.65007940002,5253136.437645401,36862835.2574384,100,0,0
Z3,4,1,720,7080.0,0.100922,70153.18761,70800.0,1.0,2,6e-05,14030.637522,14030.637522,1733076.6863492003,4894046.568328501,224479.65007940002,5253136.437645401,36862835.2574384,100,0,0
Z3,5,1,720,5664.0,0.100942,56111.430326,56640.0,1.0,2,6e-05,11222.286065,11222.286065,1733076.6863492003,4894046.568328501,224479.65007940002,5253136.437645401,36862835.2574384,100,0,0
Z3,6,1,720,7080.0,0.100954,70130.95073,70800.0,1.0,2,6e-05,14026.190146,14026.190146,1733076.6863492003,4894046.568328501,224479.65007940002,5253136.437645401,36862835.2574384,100,0,0
Z3,7,1,720,7080.0,0.100948,70135.119071,70800.0,1.0,2,6e-05,14027.023814,14027.023814,1733076.6863492003,4894046.568328501,224479.65007940002,5253136.437645401,36862835.2574384,100,0,0
Z3,8,1,720,5664.0,0.100945,56109.762742,56640.0,1.0,2,6e-05,11221.952548,11221.952548,1733076.6863492003,4894046.568328501,224479.65007940002,5253136.437645401,36862835.2574384,100,0,0
Z3,9,1,720,7080.0,0.100961,70126.088292,70800.0,1.0,2,6e-05,14025.217658,14025.217658,1733076.6863492003,4894046.568328501,224479.65007940002,5253136.437645401,36862835.2574384,100,0,0
Z3,10,1,720,12904.0,0.100991,127773.762018,129040.0,1.0,2,6e-05,25554.752404,25554.752404,1733076.6863492003,4894046.568328501,224479.65007940002,5253136.437645401,36862835.2574384,100,0,0
Z3,11,1,720,17344.0,0.101027,171676.878458,171720.0,1.0,2,6e-05,34335.375692,34335.375692,1733076.6863492003,4894046.568328501,224479.65007940002,5253136.437645401,36862835.2574384,100,0,0
Z3,12,1,720,16912.0,0.101036,167385.88226,167440.0,1.0,2,6e-05,33477.176452,33477.176452,1733076.6863492003,4894046.568328501,224479.65007940002,5253136.437645401,36862835.2574384,100,0,0
Z3,13,1,720,13240.0,0.101039,131038.509882,131088.0,1.0,2,6e-05,26207.701976,26207.701976,1733076.6863492003,4894046.568328501,224479.65007940002,5253136.437645401,36862835.2574384,100,0,0
Z3,14,1,720,28328.0,0.101065,280294.859744,280472.0,1.0,2,6e-05,56058.971949,56058.971949,1733076.6863492003,4894046.568328501,224479.65007940002,5253136.437645401,36862835.2574384,100,0,0
Z3,15,1,720,30528.0,0.100977,302326.272319,305280.0,1.0,2,6e-05,60465.254464,60465.254464,1733076.6863492003,4894046.568328501,224479.65007940002,5253136.437645401,36862835.2574384,100,0,0
Z3,16,1,720,16360.0,0.100936,162082.904018,163600.0,1.0,2,6e-05,32416.580804,32416.580804,1733076.6863492003,4894046.568328501,224479.65007940002,5253136.437645401,36862835.2574384,100,0,0
Z3,17,1,720,33216.0,0.101099,328549.243811,328864.0,1.0,2,6e-05,65709.848762,65709.848762,1733076.6863492003,4894046.568328501,224479.65007940002,5253136.437645401,36862835.2574384,100,0,0
Z3,18,1,720,28000.0,0.101079,277011.050762,277224.0,1.0,2,6e-05,55402.210152,55402.210152,1733076.6863492003,4894046.568328501,224479.65007940002,5253136.437645401,36862835.2574384,100,0,0
Z3,19,1,720,15744.0,0.100922,156001.664652,157440.0,1.0,2,6e-05,31200.33293,31200.33293,1733076.6863492003,4894046.568328501,224479.65007940002,5253136.437645401,36862835.2574384,100,0,0
Z3,20,1,720,16024.0,0.100998,158656.607062,160240.0,1.0,2,6e-05,31731.321412,31731.321412,1733076.6863492003,4894046.568328501,224479.65007940002,5253136.437645401,36862835.2574384,100,0,0
Z3,21,1,720,11576.0,0.101315,114257.513695,114608.0,1.0,2,6e-05,22851.502739,22851.502739,1733076.6863492003,4894046.568328501,224479.65007940002,5253136.437645401,36862835.2574384,100,0,0
Z3,22,1,720,10816.0,0.10086,107237.755304,108160.0,1.0,2,6e-05,21447.551061,21447.551061,1733076.6863492003,4894046.568328501,224479.65007940002,5253136.437645401,36862835.2574384,100,0,0
Z3,23,1,720,13224.0,0.100898,131063.053777,132240.0,1.0,2,6e-05,26212.610755,26212.610755,1733076.6863492003,4894046.568328501,224479.65007940002,5253136.437645401,36862835.2574384,100,0,0
Z3,24,1,720,17528.0,0.101075,173415.780361,173544.0,1.0,2,6e-05,34683.156072,34683.156072,1733076.6863492003,4894046.568328501,224479.65007940002,5253136.437645401,36862835.2574384,100,0,0
Z3,25,1,720,23824.0,0.101064,235731.813504,235880.0,1.0,2,6e-05,47146.362701,47146.362701,1733076.6863492003,4894046.568328501,224479.65007940002,5253136.437645401,36862835.2574384,100,0,0
Z3,26,1,720,11024.0,0.103301,106717.263144,107024.0,1.0,2,6e-05,21343.452629,21343.452629,1733076.6863492003,4894046.568328501,224479.65007940002,5253136.437645401,36862835.2574384,100,0,0
Z3,27,1,720,15112.0,0.101002,149620.799588,149616.0,1.0,2,6e-05,29924.159918,29924.159918,1733076.6863492003,4894046.568328501,224479.65007940002,5253136.437645401,36862835.2574384,100,0,0
Z3,28,1,720,24552.0,0.101026,243026.547621,243088.0,1.0,2,6e-05,48605.309524,48605.309524,1733076.6863492003,4894046.568328501,224479.65007940002,5253136.437645401,36862835.2574384,100,0,0
Z3,29,1,720,10824.0,0.100913,107260.70972,108240.0,1.0,2,6e-05,21452.141944,21452.141944,1733076.6863492003,4894046.568328501,224479.65007940002,5253136.437645401,36862835.2574384,100,0,0
Z3,30,1,720,6872.0,0.100899,68107.711672,68720.0,1.0,2,6e-05,13621.542334,13621.542334,1733076.6863492003,4894046.568328501,224479.65007940002,5253136.437645401,36862835.2574384,100,0,0
Z3,31,1,720,6872.0,0.100923,68091.515314,68720.0,1.0,2,6e-05,13618.303063,13618.303063,1733076.6863492003,4894046.568328501,224479.65007940002,5253136.437645401,36862835.2574384,100,0,0
Z3,32,1,720,6376.0,0.100851,63221.980942,63760.0,1.0,2,6e-05,12644.396188,12644.396188,1733076.6863492003,4894046.568328501,224479.65007940002,5253136.437645401,36862835.2574384,100,0,0
Z3,33,1,720,6872.0,0.100816,68163.783526,68720.0,1.0,2,6e-05,13632.756705,13632.756705,1733076.6863492003,4894046.568328501,224479.65007940002,5253136.437645401,36862835.2574384,100,0,0
Z3,34,1,720,6872.0,0.100858,68135.398283,68720.0,1.0,2,6e-05,13627.079657,13627.079657,1733076.6863492003,4894046.568328501,224479.65007940002,5253136.437645401,36862835.2574384,100,0,0
Z3,35,1,720,6376.0,0.100907,63186.894864,63760.0,1.0,2,6e-05,12637.378973,12637.378973,1733076.6863492003,4894046.568328501,224479.65007940002,5253136.437645401,36862835.2574384,100,0,0
Z3,36,1,720,6872.0,0.101023,68024.113321,68032.0,1.0,2,6e-05,13604.822664,13604.822664,1733076.6863492003,4894046.568328501,224479.65007940002,5253136.437645401,36862835.2574384,100,0,0
Z3,37,1,720,6872.0,0.100918,68094.88892,68720.0,1.0,2,6e-05,13618.977784,13618.977784,1733076.6863492003,4894046.568328501,224479.65007940002,5253136.437645401,36862835.2574384,100,0,0
Z3,38,1,720,6376.0,0.100928,63173.747622,63760.0,1.0,2,6e-05,12634.749524,12634.749524,1733076.6863492003,4894046.568328501,224479.65007940002,5253136.437645401,36862835.2574384,100,0,0
Z1,0,2,720,9320.0,0.322682,28882.924985,28944.0,1.0,2,5.522493,18411.334521,18411.334521,1733076.6863492003,4894046.568328501,224479.65007940002,5253136.437645401,36862835.2574384,100,0,0
Z2,0,2,720,6624.0,0.322696,20527.059524,20568.0,1.0,2,5.522493,16740.161429,16740.161429,1733076.6863492003,4894046.568328501,224479.65007940002,5253136.437645401,36862835.2574384,100,0,0
Z2,1,2,720,5424.0,0.100935,53737.553871,54240.0,1.0,2,5.522493,23382.260299,23382.260299,1733076.6863492003,4894046.568328501,224479.65007940002,5253136.437645401,36862835.2574384,100,0,0
Z2,2,2,720,7080.0,0.100887,70177.52535,70800.0,1.0,2,5.522493,26670.254594,26670.254594,1733076.6863492003,4894046.568328501,224479.65007940002,5253136.437645401,36862835.2574384,100,0,0
Z2,3,2,720,18392.0,0.100974,182145.898944,183920.0,1.0,2,5.522493,49063.929313,49063.929313,1733076.6863492003,4894046.568328501,224479.65007940002,5253136.437645401,36862835.2574384,100,0,0
Z2,4,2,720,9160.0,0.10085,90827.96232,91600.0,1.0,2,5.522493,30800.341988,30800.341988,1733076.6863492003,4894046.568328501,224479.65007940002,5253136.437645401,36862835.2574384,100,0,0
Z2,5,2,720,8048.0,0.100883,79775.581614,80480.0,1.0,2,5.522493,28589.865847,28589.865847,1733076.6863492003,4894046.568328501,224479.65007940002,5253136.437645401,36862835.2574384,100,0,0
Z2,6,2,720,6376.0,0.100836,63231.385616,63760.0,1.0,2,5.522493,25281.026648,25281.026648,1733076.6863492003,4894046.568328501,224479.65007940002,5253136.437645401,36862835.2574384,100,0,0
Z2,7,2,720,6872.0,0.100892,68112.437061,68720.0,1.0,2,5.522493,26257.236937,26257.236937,1733076.6863492003,4894046.568328501,224479.65007940002,5253136.437645401,36862835.2574384,100,0,0
Z3,0,2,720,7080.0,0.322168,21976.111842,21984.0,1.0,2,5.522493,17029.971893,17029.971893,1733076.6863492003,4894046.568328501,224479.65007940002,5253136.437645401,36862835.2574384,100,0,0
Z3,1,2,720,7080.0,0.100891,70174.74304,70800.0,1.0,2,5.522493,26669.698132,26669.698132,1733076.6863492003,4894046.568328501,224479.65007940002,5253136.437645401,36862835.2574384,100,0,0
Z3,2,2,720,5664.0,0.100869,56152.038783,56640.0,1.0,2,5.522493,23865.157281,23865.157281,1733076.6863492003,4894046.568328501,224479.65007940002,5253136.437645401,36862835.2574384,100,0,0
Z3,3,2,720,7080.0,0.100871,70188.656799,70800.0,1.0,2,5.522493,26672.480884,26672.480884,1733076.6863492003,4894046.568328501,224479.65007940002,5253136.437645401,36862835.2574384,100,0,0
Z3,4,2,720,7080.0,0.10082,70224.161873,70800.0,1.0,2,5.522493,26679.581899,26679.581899,1733076.6863492003,4894046.568328501,224479.65007940002,5253136.437645401,36862835.2574384,100,0,0
Z3,5,2,720,5664.0,0.100781,56201.069646,56640.0,1.0,2,5.522493,23874.963454,23874.963454,1733076.6863492003,4894046.568328501,224479.65007940002,5253136.437645401,36862835.2574384,100,0,0
Z3,6,2,720,7080.0,0.100845,70206.752938,70800.0,1.0,2,5.522493,26676.100112,26676.100112,1733076.6863492003,4894046.568328501,224479.65007940002,5253136.437645401,36862835.2574384,100,0,0
Z3,7,2,720,7080.0,0.100884,70179.612228,70800.0,1.0,2,5.522493,26670.67197,26670.67197,1733076.6863492003,4894046.568328501,224479.65007940002,5253136.437645401,36862835.2574384,100,0,0
Z3,8,2,720,5664.0,0.10085,56162.617749,56640.0,1.0,2,5.522493,23867.273074,23867.273074,1733076.6863492003,4894046.568328501,224479.65007940002,5253136.437645401,36862835.2574384,100,0,0
Z3,9,2,720,7080.0,0.100865,70192.832003,70800.0,1.0,2,5.522493,26673.315925,26673.315925,1733076.6863492003,4894046.568328501,224479.65007940002,5253136.437645401,36862835.2574384,100,0,0
Z3,10,2,720,12648.0,0.100942,125299.677042,126480.0,1.0,2,5.522493,37694.684933,37694.684933,1733076.6863492003,4894046.568328501,224479.65007940002,5253136.437645401,36862835.2574384,100,0,0
Z3,11,2,720,17112.0,0.100782,169792.224802,171120.0,1.0,2,5.522493,46593.194485,46593.194485,1733076.6863492003,4894046.568328501,224479.65007940002,5253136.437645401,36862835.2574384,100,0,0
Z3,12,2,720,15320.0,0.10105,151608.114795,151680.0,1.0,2,5.522493,42956.372483,42956.372483,1733076.6863492003,4894046.568328501,224479.65007940002,5253136.437645401,36862835.2574384,100,0,0
Z3,13,2,720,10704.0,0.1008,106190.47619,107040.0,1.0,2,5.522493,33872.844763,33872.844763,1733076.6863492003,4894046.568328501,224479.65007940002,5253136.437645401,36862835.2574384,100,0,0
Z3,14,2,720,18776.0,0.100922,186044.66816,187760.0,1.0,2,5.522493,49843.683156,49843.683156,1733076.6863492003,4894046.568328501,224479.65007940002,5253136.437645401,36862835.2574384,100,0,0
Z3,15,2,720,21848.0,0.100932,216462.568858,218480.0,1.0,2,5.522493,55927.263296,55927.263296,1733076.6863492003,4894046.568328501,224479.65007940002,5253136.437645401,36862835.2574384,100,0,0
Z3,16,2,720,12752.0,0.100904,126377.546975,127520.0,1.0,2,5.522493,37910.258919,37910.258919,1733076.6863492003,4894046.568328501,224479.65007940002,5253136.437645401,36862835.2574384,100,0,0
Z3,17,2,720,21856.0,0.100977,216445.329134,218560.0,1.0,2,5.522493,55923.815351,55923.815351,1733076.6863492003,4894046.568328501,224479.65007940002,5253136.437645401,36862835.2574384,100,0,0
Z3,18,2,720,16880.0,0.100899,167296.00888,168800.0,1.0,2,5.522493,46093.9513,46093.9513,1733076.6863492003,4894046.568328501,224479.65007940002,5253136.437645401,36862835.2574384,100,0,0
Z3,19,2,720,12128.0,0.100867,120237.540524,121280.0,1.0,2,5.522493,36682.257629,36682.257629,1733076.6863492003,4894046.568328501,224479.65007940002,5253136.437645401,36862835.2574384,100,0,0
Z3,20,2,720,15344.0,0.102755,149326.066858,150424.0,1.0,2,5.522493,42499.962896,42499.962896,1733076.6863492003,4894046.568328501,224479.65007940002,5253136.437645401,36862835.2574384,100,0,0
Z3,21,2,720,11592.0,0.100861,114930.448836,115920.0,1.0,2,5.522493,35620.839292,35620.839292,1733076.6863492003,4894046.568328501,224479.65007940002,5253136.437645401,36862835.2574384,100,0,0
Z3,22,2,720,9952.0,0.101074,98462.512615,98528.0,1.0,2,5.522493,32327.252047,32327.252047,1733076.6863492003,4894046.568328501,224479.65007940002,5253136.437645401,36862835.2574384,100,0,0
Z3,23,2,720,11064.0,0.100818,109742.307921,110640.0,1.0,2,5.522493,34583.211109,34583.211109,1733076.6863492003,4894046.568328501,224479.65007940002,5253136.437645401,36862835.2574384,100,0,0
Z3,24,2,720,14728.0,0.100973,145860.774663,147280.0,1.0,2,5.522493,41806.904457,41806.904457,1733076.6863492003,4894046.568328501,224479.65007940002,5253136.437645401,36862835.2574384,100,0,0
Z3,25,2,720,16264.0,0.100966,161083.929244,162640.0,1.0,2,5.522493,44851.535373,44851.535373,1733076.6863492003,4894046.568328501,224479.65007940002,5253136.437645401,36862835.2574384,100,0,0
Z3,26,2,720,9504.0,0.103701,91648.103683,92264.0,1.0,2,5.522493,30964.370261,30964.370261,1733076.6863492003,4894046.568328501,224479.65007940002,5253136.437645401,36862835.2574384,100,0,0
Z3,27,2,720,12688.0,0.100908,125738.29627,126880.0,1.0,2,5.522493,37782.408778,37782.408778,1733076.6863492003,4894046.568328501,224479.65007940002,5253136.437645401,36862835.2574384,100,0,0
Z3,28,2,720,17320.0,0.100962,171549.691963,173200.0,1.0,2,5.522493,46944.687917,46944.687917,1733076.6863492003,4894046.568328501,224479.65007940002,5253136.437645401,36862835.2574384,100,0,0
Z3,29,2,720,10632.0,0.100962,105306.947168,106320.0,1.0,2,5.522493,33696.138958,33696.138958,1733076.6863492003,4894046.568328501,224479.65007940002,5253136.437645401,36862835.2574384,100,0,0
Z3,30,2,720,6872.0,0.100994,68043.646157,68720.0,1.0,2,5.522493,26243.478756,26243.478756,1733076.6863492003,4894046.568328501,224479.65007940002,5253136.437645401,36862835.2574384,100,0,0
Z3,31,2,720,6872.0,0.100855,68137.425016,68720.0,1.0,2,5.522493,26262.234528,26262.234528,1733076.6863492003,4894046.568328501,224479.65007940002,5253136.437645401,36862835.2574384,100,0,0
Z3,32,2,720,6376.0,0.100932,63171.244006,63760.0,1.0,2,5.522493,25268.998326,25268.998326,1733076.6863492003,4894046.568328501,224479.65007940002,5253136.437645401,36862835.2574384,100,0,0
Z3,33,2,720,6872.0,0.100858,68135.398283,68720.0,1.0,2,5.522493,26261.829181,26261.829181,1733076.6863492003,4894046.568328501,224479.65007940002,5253136.437645401,36862835.2574384,100,0,0
Z3,34,2,720,6872.0,0.100857,68136.073847,68720.0,1.0,2,5.522493,26261.964294,26261.964294,1733076.6863492003,4894046.568328501,224479.65007940002,5253136.437645401,36862835.2574384,100,0,0
Z3,35,2,720,6376.0,0.101011,63121.838216,63128.0,1.0,2,5.522493,25259.117168,25259.117168,1733076.6863492003,4894046.568328501,224479.65007940002,5253136.437645401,36862835.2574384,100,0,0
Z3,36,2,720,6872.0,0.1009,68107.03667,68720.0,1.0,2,5.522493,26256.156858,26256.156858,1733076.6863492003,4894046.568328501,224479.65007940002,5253136.437645401,36862835.2574384,100,0,0
Z3,37,2,720,6872.0,0.100892,68112.437061,68720.0,1.0,2,5.522493,26257.236937,26257.236937,1733076.6863492003,4894046.568328501,224479.65007940002,5253136.437645401,36862835.2574384,100,0,0
Z3,38,2,720,6376.0,0.100894,63195.036375,63760.0,1.0,2,5.522493,25273.756799,25273.756799,1733076.6863492003,4894046.568328501,224479.65007940002,5253136.437645401,36862835.2574384,100,0,0
Z1,0,3,720,15304.0,0.322736,47419.562739,47520.0,1.0,2,11.04268,34757.669347,34757.669347,1733076.6863492003,4894046.568328501,224479.65007940002,5253136.437645401,36862835.2574384,100,0,0
Z2,0,3,720,6624.0,0.323147,20498.41094,20504.0,1.0,2,11.04268,29373.438987,29373.438987,1733076.6863492003,4894046.568328501,224479.65007940002,5253136.437645401,36862835.2574384,100,0,0
Z2,1,3,720,5664.0,0.100882,56144.802839,56640.0,1.0,2,11.04268,36502.717367,36502.717367,1733076.6863492003,4894046.568328501,224479.65007940002,5253136.437645401,36862835.2574384,100,0,0
Z2,2,3,720,7080.0,0.100894,70172.656451,70800.0,1.0,2,11.04268,39308.28809,39308.28809,1733076.6863492003,4894046.568328501,224479.65007940002,5253136.437645401,36862835.2574384,100,0,0
Z2,3,3,720,7080.0,0.100962,70125.393712,70800.0,1.0,2,11.04268,39298.835542,39298.835542,1733076.6863492003,4894046.568328501,224479.65007940002,5253136.437645401,36862835.2574384,100,0,0
Z2,4,3,720,12544.0,0.100976,124227.539217,125440.0,1.0,2,11.04268,50119.264643,50119.264643,1733076.6863492003,4894046.568328501,224479.65007940002,5253136.437645401,36862835.2574384,100,0,0
Z2,5,3,720,18632.0,0.100957,184553.819943,186320.0,1.0,2,11.04268,62184.520788,62184.520788,1733076.6863492003,4894046.568328501,224479.65007940002,5253136.437645401,36862835.2574384,100,0,0
Z2,6,3,720,10240.0,0.100936,101450.424031,102400.0,1.0,2,11.04268,45563.841606,45563.841606,1733076.6863492003,4894046.568328501,224479.65007940002,5253136.437645401,36862835.2574384,100,0,0
Z2,7,3,720,8424.0,0.100781,83587.184092,84240.0,1.0,2,11.04268,41991.193618,41991.193618,1733076.6863492003,4894046.568328501,224479.65007940002,5253136.437645401,36862835.2574384,100,0,0
Z3,0,3,720,5424.0,0.323031,16790.958143,16792.0,1.0,2,11.04268,28631.948428,28631.948428,1733076.6863492003,4894046.568328501,224479.65007940002,5253136.437645401,36862835.2574384,100,0,0
Z3,1,3,720,7080.0,0.100963,70124.699147,70800.0,1.0,2,11.04268,39298.696629,39298.696629,1733076.6863492003,4894046.568328501,224479.65007940002,5253136.437645401,36862835.2574384,100,0,0
Z3,2,3,720,7080.0,0.10102,70085.131657,70096.0,1.0,2,11.04268,39290.783131,39290.783131,1733076.6863492003,4894046.568328501,224479.65007940002,5253136.437645401,36862835.2574384,100,0,0
Z3,3,3,720,5664.0,0.101061,56045.358744,56072.0,1.0,2,11.04268,36482.828548,36482.828548,1733076.6863492003,4894046.568328501,224479.65007940002,5253136.437645401,36862835.2574384,100,0,0
Z3,4,3,720,7080.0,0.101007,70094.15189,70096.0,1.0,2,11.04268,39292.587177,39292.587177,1733076.6863492003,4894046.568328501,224479.65007940002,5253136.437645401,36862835.2574384,100,0,0
Z3,5,3,720,7080.0,0.101148,69996.440859,70096.0,1.0,2,11.04268,39273.044971,39273.044971,1733076.6863492003,4894046.568328501,224479.65007940002,5253136.437645401,36862835.2574384,100,0,0
Z3,6,3,720,5664.0,0.100996,56081.428967,56640.0,1.0,2,11.04268,36490.042593,36490.042593,1733076.6863492003,4894046.568328501,224479.65007940002,5253136.437645401,36862835.2574384,100,0,0
Z3,7,3,720,7080.0,0.10096,70126.782884,70800.0,1.0,2,11.04268,39299.113376,39299.113376,1733076.6863492003,4894046.568328501,224479.65007940002,5253136.437645401,36862835.2574384,100,0,0
Z3,8,3,720,7080.0,0.101018,70086.519234,70096.0,1.0,2,11.04268,39291.060646,39291.060646,1733076.6863492003,4894046.568328501,224479.65007940002,5253136.437645401,36862835.2574384,100,0,0
Z3,9,3,720,14120.0,0.101023,139770.151352,139800.0,1.0,2,11.04268,53227.78707,53227.78707,1733076.6863492003,4894046.568328501,224479.65007940002,5253136.437645401,36862835.2574384,100,0,0
Z3,10,3,720,17536.0,0.101082,173482.914861,173616.0,1.0,2,11.04268,59970.339772,59970.339772,1733076.6863492003,4894046.568328501,224479.65007940002,5253136.437645401,36862835.2574384,100,0,0
Z3,11,3,720,16008.0,0.1011,158338.278932,158488.0,1.0,2,11.04268,56941.412586,56941.412586,1733076.6863492003,4894046.568328501,224479.65007940002,5253136.437645401,36862835.2574384,100,0,0
Z3,12,3,720,10896.0,0.10104,107838.47981,107880.0,1.0,2,11.04268,46841.452761,46841.452761,1733076.6863492003,4894046.568328501,224479.65007940002,5253136.437645401,36862835.2574384,100,0,0
Z3,13,3,720,19720.0,0.101057,195137.397706,195240.0,1.0,2,11.04268,64301.236341,64301.236341,1733076.6863492003,4894046.568328501,224479.65007940002,5253136.437645401,36862835.2574384,100,0,0
Z3,14,3,720,20104.0,0.101079,198893.934447,199048.0,1.0,2,11.04268,65052.543689,65052.543689,1733076.6863492003,4894046.568328501,224479.65007940002,5253136.437645401,36862835.2574384,100,0,0
Z3,15,3,720,12504.0,0.100929,123889.070535,125040.0,1.0,2,11.04268,50051.570906,50051.570906,1733076.6863492003,4894046.568328501,224479.65007940002,5253136.437645401,36862835.2574384,100,0,0
Z3,16,3,720,23072.0,0.101126,228151.01952,228432.0,1.0,2,11.04268,70903.960703,70903.960703,1733076.6863492003,4894046.568328501,224479.65007940002,5253136.437645401,36862835.2574384,100,0,0
Z3,17,3,720,18112.0,0.101046,179245.096293,179320.0,1.0,2,11.04268,61122.776058,61122.776058,1733076.6863492003,4894046.568328501,224479.65007940002,5253136.437645401,36862835.2574384,100,0,0
Z3,18,3,720,9664.0,0.100959,95722.025773,96640.0,1.0,2,11.04268,44418.161954,44418.161954,1733076.6863492003,4894046.568328501,224479.65007940002,5253136.437645401,36862835.2574384,100,0,0
Z3,19,3,720,12280.0,0.101003,121580.547112,121584.0,1.0,2,11.04268,49589.866222,49589.866222,1733076.6863492003,4894046.568328501,224479.65007940002,5253136.437645401,36862835.2574384,100,0,0
Z3,20,3,720,10368.0,0.100959,102695.153478,103680.0,1.0,2,11.04268,45812.787495,45812.787495,1733076.6863492003,4894046.568328501,224479.65007940002,5253136.437645401,36862835.2574384,100,0,0
Z3,21,3,720,10520.0,0.101569,103574.909667,104152.0,1.0,2,11.04268,45988.738733,45988.738733,1733076.6863492003,4894046.568328501,224479.65007940002,5253136.437645401,36862835.2574384,100,0,0
Z3,22,3,720,15288.0,0.100894,151525.363253,152880.0,1.0,2,11.04268,55578.82945,55578.82945,1733076.6863492003,4894046.568328501,224479.65007940002,5253136.437645401,36862835.2574384,100,0,0
Z3,23,3,720,16344.0,0.101069,161711.306137,161816.0,1.0,2,11.04268,57616.018027,57616.018027,1733076.6863492003,4894046.568328501,224479.65007940002,5253136.437645401,36862835.2574384,100,0,0
Z3,24,3,720,9016.0,0.101042,89230.221096,89264.0,1.0,2,11.04268,43119.801019,43119.801019,1733076.6863492003,4894046.568328501,224479.65007940002,5253136.437645401,36862835.2574384,100,0,0
Z3,25,3,720,13800.0,0.101028,136595.795225,136632.0,1.0,2,11.04268,52592.915844,52592.915844,1733076.6863492003,4894046.568328501,224479.65007940002,5253136.437645401,36862835.2574384,100,0,0
Z3,26,3,720,17664.0,0.100931,175010.650841,176640.0,1.0,2,11.04268,60275.886968,60275.886968,1733076.6863492003,4894046.568328501,224479.65007940002,5253136.437645401,36862835.2574384,100,0,0
Z3,27,3,720,9896.0,0.100992,97987.959442,98960.0,1.0,2,11.04268,44871.348688,44871.348688,1733076.6863492003,4894046.568328501,224479.65007940002,5253136.437645401,36862835.2574384,100,0,0
Z3,28,3,720,6376.0,0.100859,63216.96626,63760.0,1.0,2,11.04268,37917.150051,37917.150051,1733076.6863492003,4894046.568328501,224479.65007940002,5253136.437645401,36862835.2574384,100,0,0
Z3,29,3,720,6872.0,0.100939,68080.72202,68720.0,1.0,2,11.04268,38889.901203,38889.901203,1733076.6863492003,4894046.568328501,224479.65007940002,5253136.437645401,36862835.2574384,100,0,0
Z3,30,3,720,6872.0,0.100947,68075.326657,68720.0,1.0,2,11.04268,38888.822131,38888.822131,1733076.6863492003,4894046.568328501,224479.65007940002,5253136.437645401,36862835.2574384,100,0,0
Z3,31,3,720,6376.0,0.10094,63166.237369,63760.0,1.0,2,11.04268,37907.004273,37907.004273,1733076.6863492003,4894046.568328501,224479.65007940002,5253136.437645401,36862835.2574384,100,0,0
Z3,32,3,720,6872.0,0.100867,68129.318806,68720.0,1.0,2,11.04268,38899.620561,38899.620561,1733076.6863492003,4894046.568328501,224479.65007940002,5253136.437645401,36862835.2574384,100,0,0
Z3,33,3,720,6872.0,0.100935,68083.420023,68720.0,1.0,2,11.04268,38890.440804,38890.440804,1733076.6863492003,4894046.568328501,224479.65007940002,5253136.437645401,36862835.2574384,100,0,0
Z3,34,3,720,6376.0,0.100949,63160.60585,63760.0,1.0,2,11.04268,37905.877969,37905.877969,1733076.6863492003,4894046.568328501,224479.65007940002,5253136.437645401,36862835.2574384,100,0,0
Z3,35,3,720,6872.0,0.100953,68071.280695,68720.0,1.0,2,11.04268,38888.012938,38888.012938,1733076.6863492003,4894046.568328501,224479.65007940002,5253136.437645401,36862835.2574384,100,0,0
Z3,36,3,720,6872.0,0.100884,68117.838309,68720.0,1.0,2,11.04268,38897.324461,38897.324461,1733076.6863492003,4894046.568328501,224479.65007940002,5253136.437645401,36862835.2574384,100,0,0
Z3,37,3,720,6376.0,0.100908,63186.26868,63760.0,1.0,2,11.04268,37911.010535,37911.010535,1733076.6863492003,4894046.568328501,224479.65007940002,5253136.437645401,36862835.2574384,100,0,0
Z3,38,3,720,6872.0,0.100937,68082.070995,68720.0,1.0,2,11.04268,38890.170998,38890.170998,1733076.6863492003,4894046.568328501,224479.65007940002,5253136.437645401,36862835.2574384,100,0,0
Z1,0,4,720,7200.0,0.322089,22354.069838,22360.0,1.0,2,16.563572,43360.984966,43360.984966,1733076.6863492003,4894046.568328501,224479.65007940002,5253136.437645401,36862835.2574384,100,0,0
Z2,0,4,720,6624.0,0.323909,20450.18817,20504.0,1.0,2,16.563572,42980.208632,42980.208632,1733076.6863492003,4894046.568328501,224479.65007940002,5253136.437645401,36862835.2574384,100,0,0
Z2,1,4,720,6648.0,0.100911,65879.834706,66480.0,1.0,2,16.563572,52066.137939,52066.137939,1733076.6863492003,4894046.568328501,224479.65007940002,5253136.437645401,36862835.2574384,100,0,0
Z2,2,4,720,7296.0,0.100941,72279.846643,72960.0,1.0,2,16.563572,53346.140327,53346.140327,1733076.6863492003,4894046.568328501,224479.65007940002,5253136.437645401,36862835.2574384,100,0,0
Z2,3,4,720,17272.0,0.101003,171004.821639,171008.0,1.0,2,16.563572,73091.135326,73091.135326,1733076.6863492003,4894046.568328501,224479.65007940002,5253136.437645401,36862835.2574384,100,0,0
Z2,4,4,720,22592.0,0.100922,223856.047244,225920.0,1.0,2,16.563572,83661.380447,83661.380447,1733076.6863492003,4894046.568328501,224479.65007940002,5253136.437645401,36862835.2574384,100,0,0
Z2,5,4,720,17472.0,0.100916,173134.09172,174720.0,1.0,2,16.563572,73516.989342,73516.989342,1733076.6863492003,4894046.568328501,224479.65007940002,5253136.437645401,36862835.2574384,100,0,0
Z2,6,4,720,6424.0,0.100871,63685.301028,64240.0,1.0,2,16.563572,51627.231204,51627.231204,1733076.6863492003,4894046.568328501,224479.65007940002,5253136.437645401,36862835.2574384,100,0,0
Z2,7,4,720,6872.0,0.100965,68063.190214,68720.0,1.0,2,16.563572,52502.809041,52502.809041,1733076.6863492003,4894046.568328501,224479.65007940002,5253136.437645401,36862835.2574384,100,0,0
Z3,0,4,720,6448.0,0.322579,19988.901943,20024.0,1.0,2,16.563572,42887.951387,42887.951387,1733076.6863492003,4894046.568328501,224479.65007940002,5253136.437645401,36862835.2574384,100,0,0
Z3,1,4,720,7448.0,0.101079,73684.939503,73736.0,1.0,2,16.563572,53627.158899,53627.158899,1733076.6863492003,4894046.568328501,224479.65007940002,5253136.437645401,36862835.2574384,100,0,0
Z3,2,4,720,7424.0,0.10093,73555.929852,74240.0,1.0,2,16.563572,53601.356969,53601.356969,1733076.6863492003,4894046.568328501,224479.65007940002,5253136.437645401,36862835.2574384,100,0,0
Z3,3,4,720,6648.0,0.100954,65851.774075,66480.0,1.0,2,16.563572,52060.525813,52060.525813,1733076.6863492003,4894046.568328501,224479.65007940002,5253136.437645401,36862835.2574384,100,0,0
Z3,4,4,720,7224.0,0.100929,71575.067622,72240.0,1.0,2,16.563572,53205.184523,53205.184523,1733076.6863492003,4894046.568328501,224479.65007940002,5253136.437645401,36862835.2574384,100,0,0
Z3,5,4,720,7240.0,0.100928,71734.305644,72400.0,1.0,2,16.563572,53237.032127,53237.032127,1733076.6863492003,4894046.568328501,224479.65007940002,5253136.437645401,36862835.2574384,100,0,0
Z3,6,4,720,6648.0,0.100929,65868.085486,66480.0,1.0,2,16.563572,52063.788095,52063.788095,1733076.6863492003,4894046.568328501,224479.65007940002,5253136.437645401,36862835.2574384,100,0,0
Z3,7,4,720,7232.0,0.100962,71630.91064,72320.0,1.0,2,16.563572,53216.353126,53216.353126,1733076.6863492003,4894046.568328501,224479.65007940002,5253136.437645401,36862835.2574384,100,0,0
Z3,8,4,720,7296.0,0.100946,72276.266519,72960.0,1.0,2,16.563572,53345.424302,53345.424302,1733076.6863492003,4894046.568328501,224479.65007940002,5253136.437645401,36862835.2574384,100,0,0
Z3,9,4,720,16456.0,0.100985,162954.894291,164560.0,1.0,2,16.563572,71481.149857,71481.149857,1733076.6863492003,4894046.568328501,224479.65007940002,5253136.437645401,36862835.2574384,100,0,0
Z3,10,4,720,25392.0,0.100967,251488.109977,253920.0,1.0,2,16.563572,89187.792994,89187.792994,1733076.6863492003,4894046.568328501,224479.65007940002,5253136.437645401,36862835.2574384,100,0,0
Z3,11,4,720,21592.0,0.101063,213648.912065,213776.0,1.0,2,16.563572,81619.953411,81619.953411,1733076.6863492003,4894046.568328501,224479.65007940002,5253136.437645401,36862835.2574384,100,0,0
Z3,12,4,720,13528.0,0.10102,133914.076421,133936.0,1.0,2,16.563572,65672.986282,65672.986282,1733076.6863492003,4894046.568328501,224479.65007940002,5253136.437645401,36862835.2574384,100,0,0
Z3,13,4,720,29512.0,0.100972,292279.047657,295120.0,1.0,2,16.563572,97345.98053,97345.98053,1733076.6863492003,4894046.568328501,224479.65007940002,5253136.437645401,36862835.2574384,100,0,0
Z3,14,4,720,29688.0,0.101063,293757.359271,293936.0,1.0,2,16.563572,97641.642853,97641.642853,1733076.6863492003,4894046.568328501,224479.65007940002,5253136.437645401,36862835.2574384,100,0,0
Z3,15,4,720,16760.0,0.100875,166146.22057,167600.0,1.0,2,16.563572,72119.415112,72119.415112,1733076.6863492003,4894046.568328501,224479.65007940002,5253136.437645401,36862835.2574384,100,0,0
Z3,16,4,720,33128.0,0.105565,313816.132241,315504.0,1.0,2,16.563572,101653.397446,101653.397446,1733076.6863492003,4894046.568328501,224479.65007940002,5253136.437645401,36862835.2574384,100,0,0
Z3,17,4,720,26248.0,0.101019,259832.308774,259880.0,1.0,2,16.563572,90856.632753,90856.632753,1733076.6863492003,4894046.568328501,224479.65007940002,5253136.437645401,36862835.2574384,100,0,0
Z3,18,4,720,26240.0,0.100966,259889.467742,262400.0,1.0,2,16.563572,90868.064547,90868.064547,1733076.6863492003,4894046.568328501,224479.65007940002,5253136.437645401,36862835.2574384,100,0,0
Z3,19,4,720,14624.0,0.100879,144965.751048,146240.0,1.0,2,16.563572,67883.321208,67883.321208,1733076.6863492003,4894046.568328501,224479.65007940002,5253136.437645401,36862835.2574384,100,0,0
Z3,20,4,720,26816.0,0.101106,265226.593872,265504.0,1.0,2,16.563572,91935.489773,91935.489773,1733076.6863492003,4894046.568328501,224479.65007940002,5253136.437645401,36862835.2574384,100,0,0
Z3,21,4,720,23128.0,0.10104,228899.445764,228984.0,1.0,2,16.563572,84670.060151,84670.060151,1733076.6863492003,4894046.568328501,224479.65007940002,5253136.437645401,36862835.2574384,100,0,0
Z3,22,4,720,19440.0,0.100994,192486.682377,194400.0,1.0,2,16.563572,77387.507474,77387.507474,1733076.6863492003,4894046.568328501,224479.65007940002,5253136.437645401,36862835.2574384,100,0,0
Z3,23,4,720,29088.0,0.101081,287769.214788,288000.0,1.0,2,16.563572,96444.013956,96444.013956,1733076.6863492003,4894046.568328501,224479.65007940002,5253136.437645401,36862835.2574384,100,0,0
Z3,24,4,720,29840.0,0.101061,295267.21485,295440.0,1.0,2,16.563572,97943.613968,97943.613968,1733076.6863492003,4894046.568328501,224479.65007940002,5253136.437645401,36862835.2574384,100,0,0
Z3,25,4,720,17200.0,0.101058,170199.291496,170296.0,1.0,2,16.563572,72930.029298,72930.029298,1733076.6863492003,4894046.568328501,224479.65007940002,5253136.437645401,36862835.2574384,100,0,0
Z3,26,4,720,25664.0,0.101102,253842.653953,254096.0,1.0,2,16.563572,89658.701789,89658.701789,1733076.6863492003,4894046.568328501,224479.65007940002,5253136.437645401,36862835.2574384,100,0,0
Z3,27,4,720,26808.0,0.100977,265486.199828,268080.0,1.0,2,16.563572,91987.410964,91987.410964,1733076.6863492003,4894046.568328501,224479.65007940002,5253136.437645401,36862835.2574384,100,0,0
Z3,28,4,720,12720.0,0.101006,125933.112884,125936.0,1.0,2,16.563572,64076.793575,64076.793575,1733076.6863492003,4894046.568328501,224479.65007940002,5253136.437645401,36862835.2574384,100,0,0
Z3,29,4,720,11496.0,0.100991,113831.925617,114960.0,1.0,2,16.563572,61656.556122,61656.556122,1733076.6863492003,4894046.568328501,224479.65007940002,5253136.437645401,36862835.2574384,100,0,0
Z3,30,4,720,6448.0,0.100803,63966.350208,64480.0,1.0,2,16.563572,51683.44104,51683.44104,1733076.6863492003,4894046.568328501,224479.65007940002,5253136.437645401,36862835.2574384,100,0,0
Z3,31,4,720,7200.0,0.100949,71323.143369,72000.0,1.0,2,16.563572,53154.799672,53154.799672,1733076.6863492003,4894046.568328501,224479.65007940002,5253136.437645401,36862835.2574384,100,0,0
Z3,32,4,720,7520.0,0.100949,74493.060853,75200.0,1.0,2,16.563572,53788.783169,53788.783169,1733076.6863492003,4894046.568328501,224479.65007940002,5253136.437645401,36862835.2574384,100,0,0
Z3,33,4,720,6728.0,0.100959,66640.913638,67280.0,1.0,2,16.563572,52218.353726,52218.353726,1733076.6863492003,4894046.568328501,224479.65007940002,5253136.437645401,36862835.2574384,100,0,0
Z3,34,4,720,7224.0,0.100942,71565.849696,72240.0,1.0,2,16.563572,53203.340938,53203.340938,1733076.6863492003,4894046.568328501,224479.65007940002,5253136.437645401,36862835.2574384,100,0,0
Z3,35,4,720,7256.0,0.100935,71887.848615,72560.0,1.0,2,16.563572,53267.740721,53267.740721,1733076.6863492003,4894046.568328501,224479.65007940002,5253136.437645401,36862835.2574384,100,0,0
Z3,36,4,720,6544.0,0.100951,64823.528246,65440.0,1.0,2,16.563572,51854.876648,51854.876648,1733076.6863492003,4894046.568328501,224479.65007940002,5253136.437645401,36862835.2574384,100,0,0
Z3,37,4,720,12272.0,0.100991,121515.778634,122720.0,1.0,2,16.563572,63193.326725,63193.326725,1733076.6863492003,4894046.568328501,224479.65007940002,5253136.437645401,36862835.2574384,100,0,0
Z3,38,4,720,8544.0,0.100918,84662.795537,85440.0,1.0,2,16.563572,55822.730106,55822.730106,1733076.6863492003,4894046.568328501,224479.65007940002,5253136.437645401,36862835.2574384,100,0,0
Z1,0,5,720,8792.0,0.321992,27305.026212,27384.0,1.0,2,22.088137,61283.735348,61283.735348,1733076.6863492003,4894046.568328501,224479.65007940002,5253136.437645401,36862835.2574384,100,0,0
Z2,0,5,720,6624.0,0.32269,20527.441197,20568.0,1.0,2,22.088137,59928.218345,59928.218345,1733076.6863492003,4894046.568328501,224479.65007940002,5253136.437645401,36862835.2574384,100,0,0
Z2,1,5,720,7616.0,0.100993,75411.167111,76160.0,1.0,2,22.088137,70904.963528,70904.963528,1733076.6863492003,4894046.568328501,224479.65007940002,5253136.437645401,36862835.2574384,100,0,0
Z2,2,5,720,8816.0,0.100965,87317.387213,88160.0,1.0,2,22.088137,73286.207548,73286.207548,1733076.6863492003,4894046.568328501,224479.65007940002,5253136.437645401,36862835.2574384,100,0,0
Z2,3,5,720,14976.0,0.101029,148234.665294,148272.0,1.0,2,22.088137,85469.663165,85469.663165,1733076.6863492003,4894046.568328501,224479.65007940002,5253136.437645401,36862835.2574384,100,0,0
Z2,4,5,720,20272.0,0.101059,200595.691626,200712.0,1.0,2,22.088137,95941.868431,95941.868431,1733076.6863492003,4894046.568328501,224479.65007940002,5253136.437645401,36862835.2574384,100,0,0
Z2,5,5,720,21272.0,0.101007,210599.265397,210608.0,1.0,2,22.088137,97942.583185,97942.583185,1733076.6863492003,4894046.568328501,224479.65007940002,5253136.437645401,36862835.2574384,100,0,0
Z2,6,5,720,9680.0,0.100975,95865.313196,96800.0,1.0,2,22.088137,74995.792745,74995.792745,1733076.6863492003,4894046.568328501,224479.65007940002,5253136.437645401,36862835.2574384,100,0,0
Z2,7,5,720,12888.0,0.100897,127734.224011,128880.0,1.0,2,22.088137,81369.574908,81369.574908,1733076.6863492003,4894046.568328501,224479.65007940002,5253136.437645401,36862835.2574384,100,0,0
Z3,0,5,720,7712.0,0.323101,23868.697404,23872.0,1.0,2,22.088137,60596.469587,60596.469587,1733076.6863492003,4894046.568328501,224479.65007940002,5253136.437645401,36862835.2574384,100,0,0
Z3,1,5,720,9624.0,0.100973,95312.608321,96240.0,1.0,2,22.088137,74885.25177,74885.25177,1733076.6863492003,4894046.568328501,224479.65007940002,5253136.437645401,36862835.2574384,100,0,0
Z3,2,5,720,9096.0,0.100949,90104.904457,90960.0,1.0,2,22.088137,73843.710997,73843.710997,1733076.6863492003,4894046.568328501,224479.65007940002,5253136.437645401,36862835.2574384,100,0,0
Z3,3,5,720,7632.0,0.100921,75623.507496,76320.0,1.0,2,22.088137,70947.431605,70947.431605,1733076.6863492003,4894046.568328501,224479.65007940002,5253136.437645401,36862835.2574384,100,0,0
Z3,4,5,720,8304.0,0.100905,82295.228185,83040.0,1.0,2,22.088137,72281.775743,72281.775743,1733076.6863492003,4894046.568328501,224479.65007940002,5253136.437645401,36862835.2574384,100,0,0
Z3,5,5,720,8504.0,0.100902,84279.796238,85040.0,1.0,2,22.088137,72678.689353,72678.689353,1733076.6863492003,4894046.568328501,224479.65007940002,5253136.437645401,36862835.2574384,100,0,0
Z3,6,5,720,7384.0,0.100871,73202.407035,73840.0,1.0,2,22.088137,70463.211513,70463.211513,1733076.6863492003,4894046.568328501,224479.65007940002,5253136.437645401,36862835.2574384,100,0,0
Z3,7,5,720,8968.0,0.100904,88876.555934,89680.0,1.0,2,22.088137,73598.041293,73598.041293,1733076.6863492003,4894046.568328501,224479.65007940002,5253136.437645401,36862835.2574384,100,0,0
Z3,8,5,720,8912.0,0.100917,88310.195507,89120.0,1.0,2,22.088137,73484.769207,73484.769207,1733076.6863492003,4894046.568328501,224479.65007940002,5253136.437645401,36862835.2574384,100,0,0
Z3,9,5,720,16688.0,0.100957,165298.09721,166880.0,1.0,2,22.088137,88882.349548,88882.349548,1733076.6863492003,4894046.568328501,224479.65007940002,5253136.437645401,36862835.2574384,100,0,0
Z3,10,5,720,23832.0,0.10098,236007.130125,238320.0,1.0,2,22.088137,103024.156131,103024.156131,1733076.6863492003,4894046.568328501,224479.65007940002,5253136.437645401,36862835.2574384,100,0,0
Z3,11,5,720,21144.0,0.100996,209354.825934,211440.0,1.0,2,22.088137,97693.695292,97693.695292,1733076.6863492003,4894046.568328501,224479.65007940002,5253136.437645401,36862835.2574384,100,0,0
Z3,12,5,720,14272.0,0.100936,141396.528493,142720.0,1.0,2,22.088137,84102.035804,84102.035804,1733076.6863492003,4894046.568328501,224479.65007940002,5253136.437645401,36862835.2574384,100,0,0
Z3,13,5,720,27640.0,0.101025,273595.644642,273656.0,1.0,2,22.088137,110541.859034,110541.859034,1733076.6863492003,4894046.568328501,224479.65007940002,5253136.437645401,36862835.2574384,100,0,0
Z3,14,5,720,33288.0,0.100988,329623.321583,332880.0,1.0,2,22.088137,121747.394422,121747.394422,1733076.6863492003,4894046.568328501,224479.65007940002,5253136.437645401,36862835.2574384,100,0,0
Z3,15,5,720,17576.0,0.10092,174157.748712,175760.0,1.0,2,22.088137,90654.279848,90654.279848,1733076.6863492003,4894046.568328501,224479.65007940002,5253136.437645401,36862835.2574384,100,0,0
Z3,16,5,720,34872.0,0.101605,343211.456129,345264.0,1.0,2,22.088137,124465.021332,124465.021332,1733076.6863492003,4894046.568328501,224479.65007940002,5253136.437645401,36862835.2574384,100,0,0
Z3,17,5,720,27336.0,0.101043,270538.28568,270648.0,1.0,2,22.088137,109930.387242,109930.387242,1733076.6863492003,4894046.568328501,224479.65007940002,5253136.437645401,36862835.2574384,100,0,0
Z3,18,5,720,25312.0,0.101026,250549.36353,250608.0,1.0,2,22.088137,105932.602812,105932.602812,1733076.6863492003,4894046.568328501,224479.65007940002,5253136.437645401,36862835.2574384,100,0,0
Z3,19,5,720,18312.0,0.100986,181332.065831,183120.0,1.0,2,22.088137,92089.143272,92089.143272,1733076.6863492003,4894046.568328501,224479.65007940002,5253136.437645401,36862835.2574384,100,0,0
Z3,20,5,720,41432.0,0.101083,409880.98889,410216.0,1.0,2,22.088137,137798.927884,137798.927884,1733076.6863492003,4894046.568328501,224479.65007940002,5253136.437645401,36862835.2574384,100,0,0
Z3,21,5,720,36760.0,0.101085,363654.350299,363960.0,1.0,2,22.088137,128553.600166,128553.600166,1733076.6863492003,4894046.568328501,224479.65007940002,5253136.437645401,36862835.2574384,100,0,0
Z3,22,5,720,21272.0,0.101045,210520.065317,210608.0,1.0,2,22.088137,97926.743169,97926.743169,1733076.6863492003,4894046.568328501,224479.65007940002,5253136.437645401,36862835.2574384,100,0,0
Z3,23,5,720,43464.0,0.101095,429932.241951,430336.0,1.0,2,22.088137,141809.178496,141809.178496,1733076.6863492003,4894046.568328501,224479.65007940002,5253136.437645401,36862835.2574384,100,0,0
Z3,24,5,720,42000.0,0.101094,415454.923141,415840.0,1.0,2,22.088137,138913.714734,138913.714734,1733076.6863492003,4894046.568328501,224479.65007940002,5253136.437645401,36862835.2574384,100,0,0
Z3,25,5,720,20304.0,0.101,201029.70297,201024.0,1.0,2,22.088137,96028.6707,96028.6707,1733076.6863492003,4894046.568328501,224479.65007940002,5253136.437645401,36862835.2574384,100,0,0
Z3,26,5,720,32736.0,0.101032,324016.153298,324112.0,1.0,2,22.088137,120625.960765,120625.960765,1733076.6863492003,4894046.568328501,224479.65007940002,5253136.437645401,36862835.2574384,100,0,0
Z3,27,5,720,34608.0,0.101025,342568.671121,342648.0,1.0,2,22.088137,124336.46433,124336.46433,1733076.6863492003,4894046.568328501,224479.65007940002,5253136.437645401,36862835.2574384,100,0,0
Z3,28,5,720,13208.0,0.100873,130936.920682,132080.0,1.0,2,22.088137,82010.114242,82010.114242,1733076.6863492003,4894046.568328501,224479.65007940002,5253136.437645401,36862835.2574384,100,0,0
Z3,29,5,720,16320.0,0.10105,161504.205839,161584.0,1.0,2,22.088137,88123.571273,88123.571273,1733076.6863492003,4894046.568328501,224479.65007940002,5253136.437645401,36862835.2574384,100,0,0
Z3,30,5,720,8752.0,0.100979,86671.486151,87520.0,1.0,2,22.088137,73157.027336,73157.027336,1733076.6863492003,4894046.568328501,224479.65007940002,5253136.437645401,36862835.2574384,100,0,0
Z3,31,5,720,12760.0,0.101008,126326.627594,126336.0,1.0,2,22.088137,81088.055624,81088.055624,1733076.6863492003,4894046.568328501,224479.65007940002,5253136.437645401,36862835.2574384,100,0,0
Z3,32,5,720,15440.0,0.100943,152957.60974,154400.0,1.0,2,22.088137,86414.252054,86414.252054,1733076.6863492003,4894046.568328501,224479.65007940002,5253136.437645401,36862835.2574384,100,0,0
Z3,33,5,720,10000.0,0.10098,99029.510794,100000.0,1.0,2,22.088137,75628.632265,75628.632265,1733076.6863492003,4894046.568328501,224479.65007940002,5253136.437645401,36862835.2574384,100,0,0
Z3,34,5,720,15200.0,0.100973,150535.291613,152000.0,1.0,2,22.088137,85929.788428,85929.788428,1733076.6863492003,4894046.568328501,224479.65007940002,5253136.437645401,36862835.2574384,100,0,0
Z3,35,5,720,18352.0,0.101011,181683.18302,181696.0,1.0,2,22.088137,92159.36671,92159.36671,1733076.6863492003,4894046.568328501,224479.65007940002,5253136.437645401,36862835.2574384,100,0,0
Z3,36,5,720,11224.0,0.101007,111121.011415,111128.0,1.0,2,22.088137,78046.932389,78046.932389,1733076.6863492003,4894046.568328501,224479.65007940002,5253136.437645401,36862835.2574384,100,0,0
Z3,37,5,720,23240.0,0.10103,230030.683955,230096.0,1.0,2,22.088137,101828.866897,101828.866897,1733076.6863492003,4894046.568328501,224479.65007940002,5253136.437645401,36862835.2574384,100,0,0
Z3,38,5,720,16824.0,0.101004,166567.660687,166568.0,1.0,2,22.088137,89136.262243,89136.262243,1733076.6863492003,4894046.568328501,224479.65007940002,5253136.437645401,36862835.2574384,100,0,0
Z1,0,6,720,7488.0,0.32178,23270.557524,23320.0,1.0,2,27.608604,81155.624223,81155.624223,1733076.6863492003,4894046.568328501,224479.65007940002,5253136.437645401,36862835.2574384,100,0,0
Z2,0,6,720,6624.0,0.322808,20519.937548,20568.0,1.0,2,27.608604,80605.500228,80605.500228,1733076.6863492003,4894046.568328501,224479.65007940002,5253136.437645401,36862835.2574384,100,0,0
Z2,1,6,720,6768.0,0.100956,67039.106145,67680.0,1.0,2,27.608604,89909.333948,89909.333948,1733076.6863492003,4894046.568328501,224479.65007940002,5253136.437645401,36862835.2574384,100,0,0
Z2,2,6,720,7752.0,0.100943,76795.81546,77520.0,1.0,2,27.608604,91860.675811,91860.675811,1733076.6863492003,4894046.568328501,224479.65007940002,5253136.437645401,36862835.2574384,100,0,0
Z2,3,6,720,10768.0,0.101014,106599.085275,106608.0,1.0,2,27.608604,97821.329774,97821.329774,1733076.6863492003,4894046.568328501,224479.65007940002,5253136.437645401,36862835.2574384,100,0,0
Z2,4,6,720,14912.0,0.100963,147697.671424,149120.0,1.0,2,27.608604,106041.047003,106041.047003,1733076.6863492003,4894046.568328501,224479.65007940002,5253136.437645401,36862835.2574384,100,0,0
Z2,5,6,720,14376.0,0.101096,142201.471868,142336.0,1.0,2,27.608604,104941.807092,104941.807092,1733076.6863492003,4894046.568328501,224479.65007940002,5253136.437645401,36862835.2574384,100,0,0
Z2,6,6,720,7176.0,0.101032,71027.001346,71048.0,1.0,2,27.608604,90706.912988,90706.912988,1733076.6863492003,4894046.568328501,224479.65007940002,5253136.437645401,36862835.2574384,100,0,0
Z2,7,6,720,8768.0,0.101032,86784.385145,86808.0,1.0,2,27.608604,93858.389748,93858.389748,1733076.6863492003,4894046.568328501,224479.65007940002,5253136.437645401,36862835.2574384,100,0,0
Z3,0,6,720,6760.0,0.324836,20810.501299,20864.0,1.0,2,27.608604,80663.612978,80663.612978,1733076.6863492003,4894046.568328501,224479.65007940002,5253136.437645401,36862835.2574384,100,0,0
Z3,1,6,720,8320.0,0.100957,82411.323633,83200.0,1.0,2,27.608604,92983.777445,92983.777445,1733076.6863492003,4894046.568328501,224479.65007940002,5253136.437645401,36862835.2574384,100,0,0
Z3,2,6,720,7800.0,0.100931,77280.518374,78000.0,1.0,2,27.608604,91957.616393,91957.616393,1733076.6863492003,4894046.568328501,224479.65007940002,5253136.437645401,36862835.2574384,100,0,0
Z3,3,6,720,6928.0,0.100894,68666.124844,69280.0,1.0,2,27.608604,90234.737687,90234.737687,1733076.6863492003,4894046.568328501,224479.65007940002,5253136.437645401,36862835.2574384,100,0,0
Z3,4,6,720,7472.0,0.100993,73985.325716,74720.0,1.0,2,27.608604,91298.577862,91298.577862,1733076.6863492003,4894046.568328501,224479.65007940002,5253136.437645401,36862835.2574384,100,0,0
Z3,5,6,720,7416.0,0.100919,73484.675829,74160.0,1.0,2,27.608604,91198.447884,91198.447884,1733076.6863492003,4894046.568328501,224479.65007940002,5253136.437645401,36862835.2574384,100,0,0
Z3,6,6,720,6760.0,0.100829,67044.203553,67600.0,1.0,2,27.608604,89910.353429,89910.353429,1733076.6863492003,4894046.568328501,224479.65007940002,5253136.437645401,36862835.2574384,100,0,0
Z3,7,6,720,7600.0,0.101183,75111.431762,75240.0,1.0,2,27.608604,91523.799071,91523.799071,1733076.6863492003,4894046.568328501,224479.65007940002,5253136.437645401,36862835.2574384,100,0,0
Z3,8,6,720,7600.0,0.101065,75199.129273,75240.0,1.0,2,27.608604,91541.338573,91541.338573,1733076.6863492003,4894046.568328501,224479.65007940002,5253136.437645401,36862835.2574384,100,0,0
Z3,9,6,720,12912.0,0.100997,127845.381546,129120.0,1.0,2,27.608604,102070.589028,102070.589028,1733076.6863492003,4894046.568328501,224479.65007940002,5253136.437645401,36862835.2574384,100,0,0
Z3,10,6,720,17552.0,0.100963,173845.864327,175520.0,1.0,2,27.608604,111270.685584,111270.685584,1733076.6863492003,4894046.568328501,224479.65007940002,5253136.437645401,36862835.2574384,100,0,0
Z3,11,6,720,14968.0,0.101028,148156.946589,148192.0,1.0,2,27.608604,106132.902036,106132.902036,1733076.6863492003,4894046.568328501,224479.65007940002,5253136.437645401,36862835.2574384,100,0,0
Z3,12,6,720,10336.0,0.100969,102368.053561,103360.0,1.0,2,27.608604,96975.123431,96975.123431,1733076.6863492003,4894046.568328501,224479.65007940002,5253136.437645401,36862835.2574384,100,0,0
Z3,13,6,720,18344.0,0.101022,181584.20938,181616.0,1.0,2,27.608604,112818.354595,112818.354595,1733076.6863492003,4894046.568328501,224479.65007940002,5253136.437645401,36862835.2574384,100,0,0
Z3,14,6,720,20456.0,0.100992,202550.697085,204560.0,1.0,2,27.608604,117011.652136,117011.652136,1733076.6863492003,4894046.568328501,224479.65007940002,5253136.437645401,36862835.2574384,100,0,0
Z3,15,6,720,12480.0,0.10099,123576.591742,124800.0,1.0,2,27.608604,101216.831067,101216.831067,1733076.6863492003,4894046.568328501,224479.65007940002,5253136.437645401,36862835.2574384,100,0,0
Z3,16,6,720,18912.0,0.100941,187356.970904,189120.0,1.0,2,27.608604,113972.906899,113972.906899,1733076.6863492003,4894046.568328501,224479.65007940002,5253136.437645401,36862835.2574384,100,0,0
Z3,17,6,720,16112.0,0.100992,159537.3891,161120.0,1.0,2,27.608604,108408.990539,108408.990539,1733076.6863492003,4894046.568328501,224479.65007940002,5253136.437645401,36862835.2574384,100,0,0
Z3,18,6,720,17456.0,0.100946,172924.137658,174560.0,1.0,2,27.608604,111086.34025,111086.34025,1733076.6863492003,4894046.568328501,224479.65007940002,5253136.437645401,36862835.2574384,100,0,0
Z3,19,6,720,16088.0,0.101113,159109.115544,159280.0,1.0,2,27.608604,108323.335827,108323.335827,1733076.6863492003,4894046.568328501,224479.65007940002,5253136.437645401,36862835.2574384,100,0,0
Z3,20,6,720,31984.0,0.101203,316038.062113,316672.0,1.0,2,27.608604,139709.125141,139709.125141,1733076.6863492003,4894046.568328501,224479.65007940002,5253136.437645401,36862835.2574384,100,0,0
Z3,21,6,720,21472.0,0.101094,212396.383564,212592.0,1.0,2,27.608604,118980.789431,118980.789431,1733076.6863492003,4894046.568328501,224479.65007940002,5253136.437645401,36862835.2574384,100,0,0
Z3,22,6,720,19320.0,0.100999,191289.022664,193200.0,1.0,2,27.608604,114759.317251,114759.317251,1733076.6863492003,4894046.568328501,224479.65007940002,5253136.437645401,36862835.2574384,100,0,0
Z3,23,6,720,33040.0,0.101309,326130.945918,327128.0,1.0,2,27.608604,141727.701902,141727.701902,1733076.6863492003,4894046.568328501,224479.65007940002,5253136.437645401,36862835.2574384,100,0,0
Z3,24,6,720,26472.0,0.101037,262003.028593,262096.0,1.0,2,27.608604,128902.118437,128902.118437,1733076.6863492003,4894046.568328501,224479.65007940002,5253136.437645401,36862835.2574384,100,0,0
Z3,25,6,720,12984.0,0.101045,128497.204216,128552.0,1.0,2,27.608604,102200.953562,102200.953562,1733076.6863492003,4894046.568328501,224479.65007940002,5253136.437645401,36862835.2574384,100,0,0
Z3,26,6,720,21128.0,0.101049,209086.680719,209184.0,1.0,2,27.608604,118318.848863,118318.848863,1733076.6863492003,4894046.568328501,224479.65007940002,5253136.437645401,36862835.2574384,100,0,0
Z3,27,6,720,21576.0,0.101082,213450.465958,213616.0,1.0,2,27.608604,119191.60591,119191.60591,1733076.6863492003,4894046.568328501,224479.65007940002,5253136.437645401,36862835.2574384,100,0,0
Z3,28,6,720,9568.0,0.100978,94753.312603,95680.0,1.0,2,27.608604,95452.175239,95452.175239,1733076.6863492003,4894046.568328501,224479.65007940002,5253136.437645401,36862835.2574384,100,0,0
Z3,29,6,720,12800.0,0.101011,126718.872202,126728.0,1.0,2,27.608604,101845.287159,101845.287159,1733076.6863492003,4894046.568328501,224479.65007940002,5253136.437645401,36862835.2574384,100,0,0
Z3,30,6,720,7048.0,0.101017,69770.434679,69776.0,1.0,2,27.608604,90455.599655,90455.599655,1733076.6863492003,4894046.568328501,224479.65007940002,5253136.437645401,36862835.2574384,100,0,0
Z3,31,6,720,8656.0,0.101043,85666.498421,85696.0,1.0,2,27.608604,93634.812403,93634.812403,1733076.6863492003,4894046.568328501,224479.65007940002,5253136.437645401,36862835.2574384,100,0,0
Z3,32,6,720,9488.0,0.101051,93893.18265,93936.0,1.0,2,27.608604,95280.149249,95280.149249,1733076.6863492003,4894046.568328501,224479.65007940002,5253136.437645401,36862835.2574384,100,0,0
Z3,33,6,720,8424.0,0.100936,83458.825394,84240.0,1.0,2,27.608604,93193.277798,93193.277798,1733076.6863492003,4894046.568328501,224479.65007940002,5253136.437645401,36862835.2574384,100,0,0
Z3,34,6,720,9328.0,0.10104,92319.873317,92352.0,1.0,2,27.608604,94965.487382,94965.487382,1733076.6863492003,4894046.568328501,224479.65007940002,5253136.437645401,36862835.2574384,100,0,0
Z3,35,6,720,8680.0,0.10105,85898.070262,85936.0,1.0,2,27.608604,93681.126771,93681.126771,1733076.6863492003,4894046.568328501,224479.65007940002,5253136.437645401,36862835.2574384,100,0,0
Z3,36,6,720,7160.0,0.101033,70867.934239,70888.0,1.0,2,27.608604,90675.099567,90675.099567,1733076.6863492003,4894046.568328501,224479.65007940002,5253136.437645401,36862835.2574384,100,0,0
Z3,37,6,720,10360.0,0.101071,102502.201423,102568.0,1.0,2,27.608604,97001.953003,97001.953003,1733076.6863492003,4894046.568328501,224479.65007940002,5253136.437645401,36862835.2574384,100,0,0
Z3,38,6,720,9048.0,0.101053,89537.173562,89584.0,1.0,2,27.608604,94408.947431,94408.947431,1733076.6863492003,4894046.568328501,224479.65007940002,5253136.437645401,36862835.2574384,100,0,0
Z1,0,7,720,14352.0,0.322418,44513.643779,44568.0,1.0,2,33.130632,90672.668912,90672.668912,1733076.6863492003,4894046.568328501,224479.65007940002,5253136.437645401,36862835.2574384,100,0,0
Z2,0,7,720,6624.0,0.32307,20503.296499,20504.0,1.0,2,33.130632,85870.599456,85870.599456,1733076.6863492003,4894046.568328501,224479.65007940002,5253136.437645401,36862835.2574384,100,0,0
Z2,1,7,720,6792.0,0.100907,67309.50281,67920.0,1.0,2,33.130632,95231.840718,95231.840718,1733076.6863492003,4894046.568328501,224479.65007940002,5253136.437645401,36862835.2574384,100,0,0
Z2,2,7,720,7408.0,0.100955,73379.228369,74080.0,1.0,2,33.130632,96445.78583,96445.78583,1733076.6863492003,4894046.568328501,224479.65007940002,5253136.437645401,36862835.2574384,100,0,0
Z2,3,7,720,7464.0,0.100819,74033.664289,74640.0,1.0,2,33.130632,96576.673014,96576.673014,1733076.6863492003,4894046.568328501,224479.65007940002,5253136.437645401,36862835.2574384,100,0,0
Z2,4,7,720,10144.0,0.100939,100496.339373,101440.0,1.0,2,33.130632,101869.208031,101869.208031,1733076.6863492003,4894046.568328501,224479.65007940002,5253136.437645401,36862835.2574384,100,0,0
Z2,5,7,720,16856.0,0.101059,166793.655192,166888.0,1.0,2,33.130632,115128.671194,115128.671194,1733076.6863492003,4894046.568328501,224479.65007940002,5253136.437645401,36862835.2574384,100,0,0
Z2,6,7,720,9672.0,0.10095,95809.806835,96720.0,1.0,2,33.130632,100931.901523,100931.901523,1733076.6863492003,4894046.568328501,224479.65007940002,5253136.437645401,36862835.2574384,100,0,0
Z2,7,7,720,13368.0,0.100953,132418.055927,133680.0,1.0,2,33.130632,108253.551342,108253.551342,1733076.6863492003,4894046.568328501,224479.65007940002,5253136.437645401,36862835.2574384,100,0,0
Z3,0,7,720,6656.0,0.321834,20681.469329,20728.0,1.0,2,33.130632,85906.234022,85906.234022,1733076.6863492003,4894046.568328501,224479.65007940002,5253136.437645401,36862835.2574384,100,0,0
Z3,1,7,720,7664.0,0.100963,75908.996365,76640.0,1.0,2,33.130632,96951.739429,96951.739429,1733076.6863492003,4894046.568328501,224479.65007940002,5253136.437645401,36862835.2574384,100,0,0
Z3,2,7,720,7664.0,0.100957,75913.507731,76640.0,1.0,2,33.130632,96952.641702,96952.641702,1733076.6863492003,4894046.568328501,224479.65007940002,5253136.437645401,36862835.2574384,100,0,0
Z3,3,7,720,6920.0,0.100941,68554.898406,69200.0,1.0,2,33.130632,95480.919837,95480.919837,1733076.6863492003,4894046.568328501,224479.65007940002,5253136.437645401,36862835.2574384,100,0,0
Z3,4,7,720,7504.0,0.100932,74347.085166,75040.0,1.0,2,33.130632,96639.357189,96639.357189,1733076.6863492003,4894046.568328501,224479.65007940002,5253136.437645401,36862835.2574384,100,0,0
Z3,5,7,720,7480.0,0.100962,74087.280363,74800.0,1.0,2,33.130632,96587.396229,96587.396229,1733076.6863492003,4894046.568328501,224479.65007940002,5253136.437645401,36862835.2574384,100,0,0
Z3,6,7,720,6728.0,0.100985,66623.756003,67280.0,1.0,2,33.130632,95094.691357,95094.691357,1733076.6863492003,4894046.568328501,224479.65007940002,5253136.437645401,36862835.2574384,100,0,0
Z3,7,7,720,7632.0,0.100901,75638.497141,76320.0,1.0,2,33.130632,96897.639584,96897.639584,1733076.6863492003,4894046.568328501,224479.65007940002,5253136.437645401,36862835.2574384,100,0,0
Z3,8,7,720,7392.0,0.100864,73286.80203,73920.0,1.0,2,33.130632,96427.300562,96427.300562,1733076.6863492003,4894046.568328501,224479.65007940002,5253136.437645401,36862835.2574384,100,0,0
Z3,9,7,720,12800.0,0.101004,126727.65435,126728.0,1.0,2,33.130632,107115.471026,107115.471026,1733076.6863492003,4894046.568328501,224479.65007940002,5253136.437645401,36862835.2574384,100,0,0
Z3,10,7,720,16760.0,0.101077,165814.181268,165936.0,1.0,2,33.130632,114932.77641,114932.77641,1733076.6863492003,4894046.568328501,224479.65007940002,5253136.437645401,36862835.2574384,100,0,0
Z3,11,7,720,14104.0,0.100933,139736.260688,141040.0,1.0,2,33.130632,109717.192294,109717.192294,1733076.6863492003,4894046.568328501,224479.65007940002,5253136.437645401,36862835.2574384,100,0,0
Z3,12,7,720,9704.0,0.101024,96056.382642,96072.0,1.0,2,33.130632,100981.216685,100981.216685,1733076.6863492003,4894046.568328501,224479.65007940002,5253136.437645401,36862835.2574384,100,0,0
Z3,13,7,720,17248.0,0.101018,170741.847987,170768.0,1.0,2,33.130632,115918.309754,115918.309754,1733076.6863492003,4894046.568328501,224479.65007940002,5253136.437645401,36862835.2574384,100,0,0
Z3,14,7,720,21552.0,0.100946,213500.287282,215520.0,1.0,2,33.130632,124469.997613,124469.997613,1733076.6863492003,4894046.568328501,224479.65007940002,5253136.437645401,36862835.2574384,100,0,0
Z3,15,7,720,16688.0,0.10097,165276.814896,166880.0,1.0,2,33.130632,114825.303135,114825.303135,1733076.6863492003,4894046.568328501,224479.65007940002,5253136.437645401,36862835.2574384,100,0,0
Z3,16,7,720,23312.0,0.101078,230633.767981,230808.0,1.0,2,33.130632,127896.693752,127896.693752,1733076.6863492003,4894046.568328501,224479.65007940002,5253136.437645401,36862835.2574384,100,0,0
Z3,17,7,720,14952.0,0.100985,148061.593306,149520.0,1.0,2,33.130632,111382.258817,111382.258817,1733076.6863492003,4894046.568328501,224479.65007940002,5253136.437645401,36862835.2574384,100,0,0
Z3,18,7,720,23928.0,0.101058,236774.921332,236904.0,1.0,2,33.130632,129124.924423,129124.924423,1733076.6863492003,4894046.568328501,224479.65007940002,5253136.437645401,36862835.2574384,100,0,0
Z3,19,7,720,29544.0,0.100978,292578.581473,295440.0,1.0,2,33.130632,140285.656451,140285.656451,1733076.6863492003,4894046.568328501,224479.65007940002,5253136.437645401,36862835.2574384,100,0,0
Z3,20,7,720,31920.0,0.101143,315592.774586,316032.0,1.0,2,33.130632,144888.495073,144888.495073,1733076.6863492003,4894046.568328501,224479.65007940002,5253136.437645401,36862835.2574384,100,0,0
Z3,21,7,720,15096.0,0.101071,149360.350645,149464.0,1.0,2,33.130632,111642.010285,111642.010285,1733076.6863492003,4894046.568328501,224479.65007940002,5253136.437645401,36862835.2574384,100,0,0
Z3,22,7,720,22296.0,0.101022,220704.401022,220752.0,1.0,2,33.130632,125910.82036,125910.82036,1733076.6863492003,4894046.568328501,224479.65007940002,5253136.437645401,36862835.2574384,100,0,0
Z3,23,7,720,24272.0,0.101043,240214.562117,240312.0,1.0,2,33.130632,129812.85258,129812.85258,1733076.6863492003,4894046.568328501,224479.65007940002,5253136.437645401,36862835.2574384,100,0,0
Z3,24,7,720,13368.0,0.100926,132453.480768,133680.0,1.0,2,33.130632,108260.63631,108260.63631,1733076.6863492003,4894046.568328501,224479.65007940002,5253136.437645401,36862835.2574384,100,0,0
Z3,25,7,720,21768.0,0.100973,215582.383409,217680.0,1.0,2,33.130632,124886.416838,124886.416838,1733076.6863492003,4894046.568328501,224479.65007940002,5253136.437645401,36862835.2574384,100,0,0
Z3,26,7,720,21680.0,0.101012,214627.964994,214648.0,1.0,2,33.130632,124695.533155,124695.533155,1733076.6863492003,4894046.568328501,224479.65007940002,5253136.437645401,36862835.2574384,100,0,0
Z3,27,7,720,15008.0,0.100977,148627.905365,150080.0,1.0,2,33.130632,111495.521229,111495.521229,1733076.6863492003,4894046.568328501,224479.65007940002,5253136.437645401,36862835.2574384,100,0,0
Z3,28,7,720,13424.0,0.100885,133062.39778,134240.0,1.0,2,33.130632,108382.419712,108382.419712,1733076.6863492003,4894046.568328501,224479.65007940002,5253136.437645401,36862835.2574384,100,0,0
Z3,29,7,720,8064.0,0.100963,79870.843774,80640.0,1.0,2,33.130632,97744.108911,97744.108911,1733076.6863492003,4894046.568328501,224479.65007940002,5253136.437645401,36862835.2574384,100,0,0
Z3,30,7,720,9424.0,0.100988,93318.017982,94240.0,1.0,2,33.130632,100433.543753,100433.543753,1733076.6863492003,4894046.568328501,224479.65007940002,5253136.437645401,36862835.2574384,100,0,0
Z3,31,7,720,7368.0,0.100878,73038.720038,73680.0,1.0,2,33.130632,96377.684164,96377.684164,1733076.6863492003,4894046.568328501,224479.65007940002,5253136.437645401,36862835.2574384,100,0,0
Z3,32,7,720,8792.0,0.10089,87144.414709,87920.0,1.0,2,33.130632,99198.823098,99198.823098,1733076.6863492003,4894046.568328501,224479.65007940002,5253136.437645401,36862835.2574384,100,0,0
Z3,33,7,720,8568.0,0.100894,84920.807977,85680.0,1.0,2,33.130632,98754.101752,98754.101752,1733076.6863492003,4894046.568328501,224479.65007940002,5253136.437645401,36862835.2574384,100,0,0
Z3,34,7,720,7064.0,0.100949,69975.928439,70640.0,1.0,2,33.130632,95765.125844,95765.125844,1733076.6863492003,4894046.568328501,224479.65007940002,5253136.437645401,36862835.2574384,100,0,0
Z3,35,7,720,10104.0,0.100979,100060.4086,101040.0,1.0,2,33.130632,101782.021876,101782.021876,1733076.6863492003,4894046.568328501,224479.65007940002,5253136.437645401,36862835.2574384,100,0,0
Z3,36,7,720,8640.0,0.100968,85571.666271,86400.0,1.0,2,33.130632,98884.27341,98884.27341,1733076.6863492003,4894046.568328501,224479.65007940002,5253136.437645401,36862835.2574384,100,0,0
Z3,37,7,720,7168.0,0.100937,71014.593261,71680.0,1.0,2,33.130632,95972.858808,95972.858808,1733076.6863492003,4894046.568328501,224479.65007940002,5253136.437645401,36862835.2574384,100,0,0
Z3,38,7,720,8160.0,0.100896,80875.356803,81600.0,1.0,2,33.130632,97945.011517,97945.011517,1733076.6863492003,4894046.568328501,224479.65007940002,5253136.437645401,36862835.2574384,100,0,0
