Zone, Tile_no, Seg_no, Reso, Seg_d_size, Seg_d_time, Bitrate, Bitrate1, Buf_lev, Buf_limit, Elapsed, Ref_vp, Local_avg,QoE,QoE1,Z1,Z2,Z3,delay,jitter,loss
Z1,0,1, 720,9960.0,0.172256,57820.917704,57904.0,1.0,2,6.1e-05,57820.917704,57820.917704,8461114.047232999,25549904.3188815,1012975.9218683,25840103.006417297,196728005.7229023,50,0,0
Z2,0,1, 720,8952.0,0.172231,51976.705703,52040.0,1.0,2,6.1e-05,25988.352852,25988.352852,8461114.047232999,25549904.3188815,1012975.9218683,25840103.006417297,196728005.7229023,50,0,0
Z2,1,1, 720,5424.0,0.050742,106893.697529,108480.0,1.0,2,6.1e-05,35631.23251,35631.23251,8461114.047232999,25549904.3188815,1012975.9218683,25840103.006417297,196728005.7229023,50,0,0
Z2,2,1, 720,7080.0,0.050817,139323.454749,141600.0,1.0,2,6.1e-05,34830.863687,34830.863687,8461114.047232999,25549904.3188815,1012975.9218683,25840103.006417297,196728005.7229023,50,0,0
Z2,3,1, 720,18976.0,0.051029,371866.977601,372072.0,1.0,2,6.1e-05,74373.39552,74373.39552,8461114.047232999,25549904.3188815,1012975.9218683,25840103.006417297,196728005.7229023,50,0,0
Z2,4,1, 720,8720.0,0.050857,171461.15579,174400.0,1.0,2,6.1e-05,34292.231158,34292.231158,8461114.047232999,25549904.3188815,1012975.9218683,25840103.006417297,196728005.7229023,50,0,0
Z2,5,1, 720,8336.0,0.05093,163675.633222,166720.0,1.0,2,6.1e-05,32735.126644,32735.126644,8461114.047232999,25549904.3188815,1012975.9218683,25840103.006417297,196728005.7229023,50,0,0
Z2,6,1, 720,6376.0,0.050954,125132.472426,127520.0,1.0,2,6.1e-05,25026.494485,25026.494485,8461114.047232999,25549904.3188815,1012975.9218683,25840103.006417297,196728005.7229023,50,0,0
Z2,7,1, 720,6872.0,0.05098,134797.959984,137440.0,1.0,2,6.1e-05,26959.591997,26959.591997,8461114.047232999,25549904.3188815,1012975.9218683,25840103.006417297,196728005.7229023,50,0,0
Z3,0,1, 720,7080.0,0.17384,40727.105384,40920.0,1.0,2,6.1e-05,8145.421077,8145.421077,8461114.047232999,25549904.3188815,1012975.9218683,25840103.006417297,196728005.7229023,50,0,0
Z3,1,1, 720,7080.0,0.050936,138997.958222,141600.0,1.0,2,6.1e-05,27799.591644,27799.591644,8461114.047232999,25549904.3188815,1012975.9218683,25840103.006417297,196728005.7229023,50,0,0
Z3,2,1, 720,5664.0,0.050851,111384.240231,113280.0,1.0,2,6.1e-05,22276.848046,22276.848046,8461114.047232999,25549904.3188815,1012975.9218683,25840103.006417297,196728005.7229023,50,0,0
Z3,3,1, 720,7080.0,0.050907,139077.140668,141600.0,1.0,2,6.1e-05,27815.428134,27815.428134,8461114.047232999,25549904.3188815,1012975.9218683,25840103.006417297,196728005.7229023,50,0,0
Z3,4,1, 720,7080.0,0.051018,138774.550159,138816.0,1.0,2,6.1e-05,27754.910032,27754.910032,8461114.047232999,25549904.3188815,1012975.9218683,25840103.006417297,196728005.7229023,50,0,0
Z3,5,1, 720,5664.0,0.050924,111224.569947,113280.0,1.0,2,6.1e-05,22244.913989,22244.913989,8461114.047232999,25549904.3188815,1012975.9218683,25840103.006417297,196728005.7229023,50,0,0
Z3,6,1, 720,7080.0,0.050903,139088.069465,141600.0,1.0,2,6.1e-05,27817.613893,27817.613893,8461114.047232999,25549904.3188815,1012975.9218683,25840103.006417297,196728005.7229023,50,0,0
Z3,7,1, 720,7080.0,0.051,138823.529412,138816.0,1.0,2,6.1e-05,27764.705882,27764.705882,8461114.047232999,25549904.3188815,1012975.9218683,25840103.006417297,196728005.7229023,50,0,0
Z3,8,1, 720,5664.0,0.050942,111185.269522,113280.0,1.0,2,6.1e-05,22237.053904,22237.053904,8461114.047232999,25549904.3188815,1012975.9218683,25840103.006417297,196728005.7229023,50,0,0
Z3,9,1, 720,7080.0,0.050817,139323.454749,141600.0,1.0,2,6.1e-05,27864.69095,27864.69095,8461114.047232999,25549904.3188815,1012975.9218683,25840103.006417297,196728005.7229023,50,0,0
Z3,10,1, 720,12904.0,0.051044,252801.504584,253016.0,1.0,2,6.1e-05,50560.300917,50560.300917,8461114.047232999,25549904.3188815,1012975.9218683,25840103.006417297,196728005.7229023,50,0,0
Z3,11,1, 720,17344.0,0.05097,340278.595252,346880.0,1.0,2,6.1e-05,68055.71905,68055.71905,8461114.047232999,25549904.3188815,1012975.9218683,25840103.006417297,196728005.7229023,50,0,0
Z3,12,1, 720,16912.0,0.051069,331159.803403,331600.0,1.0,2,6.1e-05,66231.960681,66231.960681,8461114.047232999,25549904.3188815,1012975.9218683,25840103.006417297,196728005.7229023,50,0,0
Z3,13,1, 720,13240.0,0.050977,259724.974008,264800.0,1.0,2,6.1e-05,51944.994802,51944.994802,8461114.047232999,25549904.3188815,1012975.9218683,25840103.006417297,196728005.7229023,50,0,0
Z3,14,1, 720,28328.0,0.051006,555385.640905,555448.0,1.0,2,6.1e-05,111077.128181,111077.128181,8461114.047232999,25549904.3188815,1012975.9218683,25840103.006417297,196728005.7229023,50,0,0
Z3,15,1, 720,30528.0,0.051007,598506.0874,598584.0,1.0,2,6.1e-05,119701.21748,119701.21748,8461114.047232999,25549904.3188815,1012975.9218683,25840103.006417297,196728005.7229023,50,0,0
Z3,16,1, 720,16360.0,0.050924,321263.058676,327200.0,1.0,2,6.1e-05,64252.611735,64252.611735,8461114.047232999,25549904.3188815,1012975.9218683,25840103.006417297,196728005.7229023,50,0,0
Z3,17,1, 720,33216.0,0.051023,651000.529173,651288.0,1.0,2,6.1e-05,130200.105835,130200.105835,8461114.047232999,25549904.3188815,1012975.9218683,25840103.006417297,196728005.7229023,50,0,0
Z3,18,1, 720,28000.0,0.051032,548675.340963,549016.0,1.0,2,6.1e-05,109735.068193,109735.068193,8461114.047232999,25549904.3188815,1012975.9218683,25840103.006417297,196728005.7229023,50,0,0
Z3,19,1, 720,15744.0,0.050937,309087.696566,314880.0,1.0,2,6.1e-05,61817.539313,61817.539313,8461114.047232999,25549904.3188815,1012975.9218683,25840103.006417297,196728005.7229023,50,0,0
Z3,20,1, 720,16024.0,0.050958,314455.041407,320480.0,1.0,2,6.1e-05,62891.008281,62891.008281,8461114.047232999,25549904.3188815,1012975.9218683,25840103.006417297,196728005.7229023,50,0,0
Z3,21,1, 720,11576.0,0.050991,227020.45459,231520.0,1.0,2,6.1e-05,45404.090918,45404.090918,8461114.047232999,25549904.3188815,1012975.9218683,25840103.006417297,196728005.7229023,50,0,0
Z3,22,1, 720,10816.0,0.050903,212482.564878,216320.0,1.0,2,6.1e-05,42496.512976,42496.512976,8461114.047232999,25549904.3188815,1012975.9218683,25840103.006417297,196728005.7229023,50,0,0
Z3,23,1, 720,13224.0,0.050981,259390.753418,264480.0,1.0,2,6.1e-05,51878.150684,51878.150684,8461114.047232999,25549904.3188815,1012975.9218683,25840103.006417297,196728005.7229023,50,0,0
Z3,24,1, 720,17528.0,0.051068,343228.636328,343680.0,1.0,2,6.1e-05,68645.727266,68645.727266,8461114.047232999,25549904.3188815,1012975.9218683,25840103.006417297,196728005.7229023,50,0,0
Z3,25,1, 720,23824.0,0.051059,466597.465677,467136.0,1.0,2,6.1e-05,93319.493135,93319.493135,8461114.047232999,25549904.3188815,1012975.9218683,25840103.006417297,196728005.7229023,50,0,0
Z3,26,1, 720,11024.0,0.050942,216402.968081,220480.0,1.0,2,6.1e-05,43280.593616,43280.593616,8461114.047232999,25549904.3188815,1012975.9218683,25840103.006417297,196728005.7229023,50,0,0
Z3,27,1, 720,15112.0,0.050871,297065.125514,302240.0,1.0,2,6.1e-05,59413.025103,59413.025103,8461114.047232999,25549904.3188815,1012975.9218683,25840103.006417297,196728005.7229023,50,0,0
Z3,28,1, 720,24552.0,0.050874,482604.08067,491040.0,1.0,2,6.1e-05,96520.816134,96520.816134,8461114.047232999,25549904.3188815,1012975.9218683,25840103.006417297,196728005.7229023,50,0,0
Z3,29,1, 720,10824.0,0.050892,212685.687338,216480.0,1.0,2,6.1e-05,42537.137468,42537.137468,8461114.047232999,25549904.3188815,1012975.9218683,25840103.006417297,196728005.7229023,50,0,0
Z3,30,1, 720,6872.0,0.050808,135254.290663,137440.0,1.0,2,6.1e-05,27050.858133,27050.858133,8461114.047232999,25549904.3188815,1012975.9218683,25840103.006417297,196728005.7229023,50,0,0
Z3,31,1, 720,6872.0,0.050863,135108.035311,137440.0,1.0,2,6.1e-05,27021.607062,27021.607062,8461114.047232999,25549904.3188815,1012975.9218683,25840103.006417297,196728005.7229023,50,0,0
Z3,32,1, 720,6376.0,0.050862,125358.814046,127520.0,1.0,2,6.1e-05,25071.762809,25071.762809,8461114.047232999,25549904.3188815,1012975.9218683,25840103.006417297,196728005.7229023,50,0,0
Z3,33,1, 720,6872.0,0.050848,135147.891756,137440.0,1.0,2,6.1e-05,27029.578351,27029.578351,8461114.047232999,25549904.3188815,1012975.9218683,25840103.006417297,196728005.7229023,50,0,0
Z3,34,1, 720,6872.0,0.050798,135280.916572,137440.0,1.0,2,6.1e-05,27056.183314,27056.183314,8461114.047232999,25549904.3188815,1012975.9218683,25840103.006417297,196728005.7229023,50,0,0
Z3,35,1, 720,6376.0,0.050866,125348.956081,127520.0,1.0,2,6.1e-05,25069.791216,25069.791216,8461114.047232999,25549904.3188815,1012975.9218683,25840103.006417297,196728005.7229023,50,0,0
Z3,36,1, 720,6872.0,0.05084,135169.158143,137440.0,1.0,2,6.1e-05,27033.831629,27033.831629,8461114.047232999,25549904.3188815,1012975.9218683,25840103.006417297,196728005.7229023,50,0,0
Z3,37,1, 720,6872.0,0.050831,135193.09083,137440.0,1.0,2,6.1e-05,27038.618166,27038.618166,8461114.047232999,25549904.3188815,1012975.9218683,25840103.006417297,196728005.7229023,50,0,0
Z3,38,1, 720,6376.0,0.050893,125282.455347,127520.0,1.0,2,6.1e-05,25056.491069,25056.491069,8461114.047232999,25549904.3188815,1012975.9218683,25840103.006417297,196728005.7229023,50,0,0
Z1,0,2, 720,18392.0,0.172678,106510.383488,106928.0,1.0,2,2.81689,46358.567767,46358.567767,8461114.047232999,25549904.3188815,1012975.9218683,25840103.006417297,196728005.7229023,50,0,0
Z2,0,2, 720,7080.0,0.172038,41153.698601,41160.0,1.0,2,2.81689,33287.23079,33287.23079,8461114.047232999,25549904.3188815,1012975.9218683,25840103.006417297,196728005.7229023,50,0,0
Z2,1,2, 720,12648.0,0.050983,248082.694231,252960.0,1.0,2,2.81689,74673.029916,74673.029916,8461114.047232999,25549904.3188815,1012975.9218683,25840103.006417297,196728005.7229023,50,0,0
Z2,2,2, 720,15344.0,0.051019,300750.700719,300856.0,1.0,2,2.81689,85206.631213,85206.631213,8461114.047232999,25549904.3188815,1012975.9218683,25840103.006417297,196728005.7229023,50,0,0
Z2,3,2, 720,9160.0,0.05098,179678.305218,183200.0,1.0,2,2.81689,60992.152113,60992.152113,8461114.047232999,25549904.3188815,1012975.9218683,25840103.006417297,196728005.7229023,50,0,0
Z2,4,2, 720,8048.0,0.050879,158179.209497,160960.0,1.0,2,2.81689,56692.332969,56692.332969,8461114.047232999,25549904.3188815,1012975.9218683,25840103.006417297,196728005.7229023,50,0,0
Z2,5,2, 720,9320.0,0.050969,182856.245953,186400.0,1.0,2,2.81689,61627.74026,61627.74026,8461114.047232999,25549904.3188815,1012975.9218683,25840103.006417297,196728005.7229023,50,0,0
Z2,6,2, 720,6376.0,0.050911,125238.160712,127520.0,1.0,2,2.81689,50104.123212,50104.123212,8461114.047232999,25549904.3188815,1012975.9218683,25840103.006417297,196728005.7229023,50,0,0
Z2,7,2, 720,6872.0,0.050889,135039.006465,137440.0,1.0,2,2.81689,52064.292363,52064.292363,8461114.047232999,25549904.3188815,1012975.9218683,25840103.006417297,196728005.7229023,50,0,0
Z3,0,2, 720,6624.0,0.172277,38449.705997,38504.0,1.0,2,2.81689,32746.432269,32746.432269,8461114.047232999,25549904.3188815,1012975.9218683,25840103.006417297,196728005.7229023,50,0,0
Z3,1,2, 720,5424.0,0.051008,106336.260979,106352.0,1.0,2,2.81689,46323.743265,46323.743265,8461114.047232999,25549904.3188815,1012975.9218683,25840103.006417297,196728005.7229023,50,0,0
Z3,2,2, 720,7080.0,0.051123,138489.525263,138816.0,1.0,2,2.81689,52754.396122,52754.396122,8461114.047232999,25549904.3188815,1012975.9218683,25840103.006417297,196728005.7229023,50,0,0
Z3,3,2, 720,7080.0,0.050857,139213.874196,141600.0,1.0,2,2.81689,52899.265909,52899.265909,8461114.047232999,25549904.3188815,1012975.9218683,25840103.006417297,196728005.7229023,50,0,0
Z3,4,2, 720,5664.0,0.051,111058.823529,111056.0,1.0,2,2.81689,47268.255775,47268.255775,8461114.047232999,25549904.3188815,1012975.9218683,25840103.006417297,196728005.7229023,50,0,0
Z3,5,2, 720,7080.0,0.051052,138682.128026,138816.0,1.0,2,2.81689,52792.916675,52792.916675,8461114.047232999,25549904.3188815,1012975.9218683,25840103.006417297,196728005.7229023,50,0,0
Z3,6,2, 720,7080.0,0.050992,138845.309068,141600.0,1.0,2,2.81689,52825.552883,52825.552883,8461114.047232999,25549904.3188815,1012975.9218683,25840103.006417297,196728005.7229023,50,0,0
Z3,7,2, 720,5664.0,0.050954,111159.084665,113280.0,1.0,2,2.81689,47288.308002,47288.308002,8461114.047232999,25549904.3188815,1012975.9218683,25840103.006417297,196728005.7229023,50,0,0
Z3,8,2, 720,7080.0,0.050989,138853.478201,141600.0,1.0,2,2.81689,52827.18671,52827.18671,8461114.047232999,25549904.3188815,1012975.9218683,25840103.006417297,196728005.7229023,50,0,0
Z3,9,2, 720,7080.0,0.050926,139025.252327,141600.0,1.0,2,2.81689,52861.541535,52861.541535,8461114.047232999,25549904.3188815,1012975.9218683,25840103.006417297,196728005.7229023,50,0,0
Z3,10,2, 720,5664.0,0.050891,111296.692932,113280.0,1.0,2,2.81689,47315.829656,47315.829656,8461114.047232999,25549904.3188815,1012975.9218683,25840103.006417297,196728005.7229023,50,0,0
Z3,11,2, 720,7080.0,0.051034,138731.04205,138816.0,1.0,2,2.81689,52802.69948,52802.69948,8461114.047232999,25549904.3188815,1012975.9218683,25840103.006417297,196728005.7229023,50,0,0
Z3,12,2, 720,17112.0,0.050986,335621.543169,342240.0,1.0,2,2.81689,92180.799703,92180.799703,8461114.047232999,25549904.3188815,1012975.9218683,25840103.006417297,196728005.7229023,50,0,0
Z3,13,2, 720,15320.0,0.050864,301195.344448,306400.0,1.0,2,2.81689,85295.559959,85295.559959,8461114.047232999,25549904.3188815,1012975.9218683,25840103.006417297,196728005.7229023,50,0,0
Z3,14,2, 720,10704.0,0.050929,210174.949439,214080.0,1.0,2,2.81689,67091.480957,67091.480957,8461114.047232999,25549904.3188815,1012975.9218683,25840103.006417297,196728005.7229023,50,0,0
Z3,15,2, 720,18776.0,0.051187,366811.88583,368152.0,1.0,2,2.81689,98418.868236,98418.868236,8461114.047232999,25549904.3188815,1012975.9218683,25840103.006417297,196728005.7229023,50,0,0
Z3,16,2, 720,21848.0,0.05121,426635.422769,428392.0,1.0,2,2.81689,110383.575623,110383.575623,8461114.047232999,25549904.3188815,1012975.9218683,25840103.006417297,196728005.7229023,50,0,0
Z3,17,2, 720,12752.0,0.050994,250068.635526,255040.0,1.0,2,2.81689,75070.218175,75070.218175,8461114.047232999,25549904.3188815,1012975.9218683,25840103.006417297,196728005.7229023,50,0,0
Z3,18,2, 720,21856.0,0.050947,428994.837773,437120.0,1.0,2,2.81689,110855.458624,110855.458624,8461114.047232999,25549904.3188815,1012975.9218683,25840103.006417297,196728005.7229023,50,0,0
Z3,19,2, 720,16880.0,0.05111,330268.049305,330976.0,1.0,2,2.81689,91110.100931,91110.100931,8461114.047232999,25549904.3188815,1012975.9218683,25840103.006417297,196728005.7229023,50,0,0
Z3,20,2, 720,12128.0,0.050975,237920.549289,242560.0,1.0,2,2.81689,72640.600927,72640.600927,8461114.047232999,25549904.3188815,1012975.9218683,25840103.006417297,196728005.7229023,50,0,0
Z3,21,2, 720,11592.0,0.051046,227089.292011,227288.0,1.0,2,2.81689,70474.349472,70474.349472,8461114.047232999,25549904.3188815,1012975.9218683,25840103.006417297,196728005.7229023,50,0,0
Z3,22,2, 720,9952.0,0.050822,195820.707568,199040.0,1.0,2,2.81689,64220.632583,64220.632583,8461114.047232999,25549904.3188815,1012975.9218683,25840103.006417297,196728005.7229023,50,0,0
Z3,23,2, 720,11064.0,0.050863,217525.509703,221280.0,1.0,2,2.81689,68561.59301,68561.59301,8461114.047232999,25549904.3188815,1012975.9218683,25840103.006417297,196728005.7229023,50,0,0
Z3,24,2, 720,14728.0,0.051136,288016.270338,288784.0,1.0,2,2.81689,82659.745137,82659.745137,8461114.047232999,25549904.3188815,1012975.9218683,25840103.006417297,196728005.7229023,50,0,0
Z3,25,2, 720,16264.0,0.051022,318764.454549,318896.0,1.0,2,2.81689,88809.381979,88809.381979,8461114.047232999,25549904.3188815,1012975.9218683,25840103.006417297,196728005.7229023,50,0,0
Z3,26,2, 720,9504.0,0.051072,186090.225564,186352.0,1.0,2,2.81689,62274.536182,62274.536182,8461114.047232999,25549904.3188815,1012975.9218683,25840103.006417297,196728005.7229023,50,0,0
Z3,27,2, 720,12688.0,0.051039,248594.212269,248784.0,1.0,2,2.81689,74775.333523,74775.333523,8461114.047232999,25549904.3188815,1012975.9218683,25840103.006417297,196728005.7229023,50,0,0
Z3,28,2, 720,17320.0,0.05098,339741.074931,346400.0,1.0,2,2.81689,93004.706056,93004.706056,8461114.047232999,25549904.3188815,1012975.9218683,25840103.006417297,196728005.7229023,50,0,0
Z3,29,2, 720,10632.0,0.050922,208789.913986,212640.0,1.0,2,2.81689,66814.473867,66814.473867,8461114.047232999,25549904.3188815,1012975.9218683,25840103.006417297,196728005.7229023,50,0,0
Z3,30,2, 720,6872.0,0.050875,135076.167076,137440.0,1.0,2,2.81689,52071.724485,52071.724485,8461114.047232999,25549904.3188815,1012975.9218683,25840103.006417297,196728005.7229023,50,0,0
Z3,31,2, 720,6872.0,0.050857,135123.975067,137440.0,1.0,2,2.81689,52081.286083,52081.286083,8461114.047232999,25549904.3188815,1012975.9218683,25840103.006417297,196728005.7229023,50,0,0
Z3,32,2, 720,6376.0,0.050894,125279.993712,127520.0,1.0,2,2.81689,50112.489812,50112.489812,8461114.047232999,25549904.3188815,1012975.9218683,25840103.006417297,196728005.7229023,50,0,0
Z3,33,2, 720,6872.0,0.050854,135131.946356,137440.0,1.0,2,2.81689,52082.880341,52082.880341,8461114.047232999,25549904.3188815,1012975.9218683,25840103.006417297,196728005.7229023,50,0,0
Z3,34,2, 720,6872.0,0.050926,134940.894631,137440.0,1.0,2,2.81689,52044.669996,52044.669996,8461114.047232999,25549904.3188815,1012975.9218683,25840103.006417297,196728005.7229023,50,0,0
Z3,35,2, 720,6376.0,0.050893,125282.455347,127520.0,1.0,2,2.81689,50112.982139,50112.982139,8461114.047232999,25549904.3188815,1012975.9218683,25840103.006417297,196728005.7229023,50,0,0
Z3,36,2, 720,6872.0,0.050885,135049.621696,137440.0,1.0,2,2.81689,52066.415409,52066.415409,8461114.047232999,25549904.3188815,1012975.9218683,25840103.006417297,196728005.7229023,50,0,0
Z3,37,2, 720,6872.0,0.050779,135331.53469,137440.0,1.0,2,2.81689,52122.798007,52122.798007,8461114.047232999,25549904.3188815,1012975.9218683,25840103.006417297,196728005.7229023,50,0,0
Z3,38,2, 720,6376.0,0.050885,125302.151911,127520.0,1.0,2,2.81689,50116.921452,50116.921452,8461114.047232999,25549904.3188815,1012975.9218683,25840103.006417297,196728005.7229023,50,0,0
Z1,0,3, 720,9896.0,0.170637,57994.456068,58208.0,1.0,2,5.635054,61715.812665,61715.812665,8461114.047232999,25549904.3188815,1012975.9218683,25840103.006417297,196728005.7229023,50,0,0
Z2,0,3, 720,6624.0,0.171682,38582.961522,38736.0,1.0,2,5.635054,57833.513756,57833.513756,8461114.047232999,25549904.3188815,1012975.9218683,25840103.006417297,196728005.7229023,50,0,0
Z2,1,3, 720,5424.0,0.050864,106637.307329,108480.0,1.0,2,5.635054,71444.382918,71444.382918,8461114.047232999,25549904.3188815,1012975.9218683,25840103.006417297,196728005.7229023,50,0,0
Z2,2,3, 720,7080.0,0.050916,139052.557153,141600.0,1.0,2,5.635054,77927.432882,77927.432882,8461114.047232999,25549904.3188815,1012975.9218683,25840103.006417297,196728005.7229023,50,0,0
Z2,3,3, 720,18632.0,0.05104,365047.021944,365328.0,1.0,2,5.635054,123126.32584,123126.32584,8461114.047232999,25549904.3188815,1012975.9218683,25840103.006417297,196728005.7229023,50,0,0
Z2,4,3, 720,9664.0,0.051021,189412.202818,189488.0,1.0,2,5.635054,87999.362015,87999.362015,8461114.047232999,25549904.3188815,1012975.9218683,25840103.006417297,196728005.7229023,50,0,0
Z2,5,3, 720,8424.0,0.050887,165543.262523,168480.0,1.0,2,5.635054,83225.573956,83225.573956,8461114.047232999,25549904.3188815,1012975.9218683,25840103.006417297,196728005.7229023,50,0,0
Z2,6,3, 720,6376.0,0.050899,125267.686988,127520.0,1.0,2,5.635054,75170.458849,75170.458849,8461114.047232999,25549904.3188815,1012975.9218683,25840103.006417297,196728005.7229023,50,0,0
Z2,7,3, 720,6872.0,0.050859,135118.661397,137440.0,1.0,2,5.635054,77140.653731,77140.653731,8461114.047232999,25549904.3188815,1012975.9218683,25840103.006417297,196728005.7229023,50,0,0
Z3,0,3, 720,7080.0,0.171443,41296.524209,41400.0,1.0,2,5.635054,58376.226294,58376.226294,8461114.047232999,25549904.3188815,1012975.9218683,25840103.006417297,196728005.7229023,50,0,0
Z3,1,3, 720,7080.0,0.050932,139008.874578,141600.0,1.0,2,5.635054,77918.696367,77918.696367,8461114.047232999,25549904.3188815,1012975.9218683,25840103.006417297,196728005.7229023,50,0,0
Z3,2,3, 720,5664.0,0.050907,111261.712535,113280.0,1.0,2,5.635054,72369.263959,72369.263959,8461114.047232999,25549904.3188815,1012975.9218683,25840103.006417297,196728005.7229023,50,0,0
Z3,3,3, 720,7080.0,0.05096,138932.496075,141600.0,1.0,2,5.635054,77903.420667,77903.420667,8461114.047232999,25549904.3188815,1012975.9218683,25840103.006417297,196728005.7229023,50,0,0
Z3,4,3, 720,7080.0,0.050949,138962.491904,141600.0,1.0,2,5.635054,77909.419832,77909.419832,8461114.047232999,25549904.3188815,1012975.9218683,25840103.006417297,196728005.7229023,50,0,0
Z3,5,3, 720,5664.0,0.050945,111178.722151,113280.0,1.0,2,5.635054,72352.665882,72352.665882,8461114.047232999,25549904.3188815,1012975.9218683,25840103.006417297,196728005.7229023,50,0,0
Z3,6,3, 720,7080.0,0.05095,138959.764475,141600.0,1.0,2,5.635054,77908.874347,77908.874347,8461114.047232999,25549904.3188815,1012975.9218683,25840103.006417297,196728005.7229023,50,0,0
Z3,7,3, 720,7080.0,0.050921,139038.903399,141600.0,1.0,2,5.635054,77924.702132,77924.702132,8461114.047232999,25549904.3188815,1012975.9218683,25840103.006417297,196728005.7229023,50,0,0
Z3,8,3, 720,5664.0,0.05093,111211.466719,113280.0,1.0,2,5.635054,72359.214796,72359.214796,8461114.047232999,25549904.3188815,1012975.9218683,25840103.006417297,196728005.7229023,50,0,0
Z3,9,3, 720,7080.0,0.050783,139416.733946,141600.0,1.0,2,5.635054,78000.268241,78000.268241,8461114.047232999,25549904.3188815,1012975.9218683,25840103.006417297,196728005.7229023,50,0,0
Z3,10,3, 720,14120.0,0.050932,277232.388282,282400.0,1.0,2,5.635054,105563.399108,105563.399108,8461114.047232999,25549904.3188815,1012975.9218683,25840103.006417297,196728005.7229023,50,0,0
Z3,11,3, 720,17536.0,0.05097,344045.516971,350720.0,1.0,2,5.635054,118926.024846,118926.024846,8461114.047232999,25549904.3188815,1012975.9218683,25840103.006417297,196728005.7229023,50,0,0
Z3,12,3, 720,16008.0,0.050969,314073.260217,320160.0,1.0,2,5.635054,112931.573495,112931.573495,8461114.047232999,25549904.3188815,1012975.9218683,25840103.006417297,196728005.7229023,50,0,0
Z3,13,3, 720,10896.0,0.050943,213886.108003,217920.0,1.0,2,5.635054,92894.143052,92894.143052,8461114.047232999,25549904.3188815,1012975.9218683,25840103.006417297,196728005.7229023,50,0,0
Z3,14,3, 720,19720.0,0.051013,386568.129692,386664.0,1.0,2,5.635054,127430.54739,127430.54739,8461114.047232999,25549904.3188815,1012975.9218683,25840103.006417297,196728005.7229023,50,0,0
Z3,15,3, 720,20104.0,0.050999,394203.807918,402080.0,1.0,2,5.635054,128957.683035,128957.683035,8461114.047232999,25549904.3188815,1012975.9218683,25840103.006417297,196728005.7229023,50,0,0
Z3,16,3, 720,12504.0,0.051027,245046.739961,245176.0,1.0,2,5.635054,99126.269444,99126.269444,8461114.047232999,25549904.3188815,1012975.9218683,25840103.006417297,196728005.7229023,50,0,0
Z3,17,3, 720,23072.0,0.05103,452126.200274,452392.0,1.0,2,5.635054,140542.161507,140542.161507,8461114.047232999,25549904.3188815,1012975.9218683,25840103.006417297,196728005.7229023,50,0,0
Z3,18,3, 720,18112.0,0.050926,355653.300868,362240.0,1.0,2,5.635054,121247.581625,121247.581625,8461114.047232999,25549904.3188815,1012975.9218683,25840103.006417297,196728005.7229023,50,0,0
Z3,19,3, 720,12544.0,0.050974,246086.240044,250880.0,1.0,2,5.635054,99334.169461,99334.169461,8461114.047232999,25549904.3188815,1012975.9218683,25840103.006417297,196728005.7229023,50,0,0
Z3,20,3, 720,15304.0,0.050921,300543.97989,306080.0,1.0,2,5.635054,110225.71743,110225.71743,8461114.047232999,25549904.3188815,1012975.9218683,25840103.006417297,196728005.7229023,50,0,0
Z3,21,3, 720,12280.0,0.050945,241044.263421,245600.0,1.0,2,5.635054,98325.774136,98325.774136,8461114.047232999,25549904.3188815,1012975.9218683,25840103.006417297,196728005.7229023,50,0,0
Z3,22,3, 720,10368.0,0.050879,203777.589968,207360.0,1.0,2,5.635054,90872.439445,90872.439445,8461114.047232999,25549904.3188815,1012975.9218683,25840103.006417297,196728005.7229023,50,0,0
Z3,23,3, 720,10520.0,0.050975,206375.67435,210400.0,1.0,2,5.635054,91392.056322,91392.056322,8461114.047232999,25549904.3188815,1012975.9218683,25840103.006417297,196728005.7229023,50,0,0
Z3,24,3, 720,15288.0,0.050999,299770.583737,305760.0,1.0,2,5.635054,110071.038199,110071.038199,8461114.047232999,25549904.3188815,1012975.9218683,25840103.006417297,196728005.7229023,50,0,0
Z3,25,3, 720,16344.0,0.050951,320778.787462,326880.0,1.0,2,5.635054,114272.678944,114272.678944,8461114.047232999,25549904.3188815,1012975.9218683,25840103.006417297,196728005.7229023,50,0,0
Z3,26,3, 720,9016.0,0.050922,177055.103884,180320.0,1.0,2,5.635054,85527.942229,85527.942229,8461114.047232999,25549904.3188815,1012975.9218683,25840103.006417297,196728005.7229023,50,0,0
Z3,27,3, 720,13800.0,0.050821,271541.291986,276000.0,1.0,2,5.635054,104425.179849,104425.179849,8461114.047232999,25549904.3188815,1012975.9218683,25840103.006417297,196728005.7229023,50,0,0
Z3,28,3, 720,17664.0,0.050973,346536.401624,353280.0,1.0,2,5.635054,119424.201777,119424.201777,8461114.047232999,25549904.3188815,1012975.9218683,25840103.006417297,196728005.7229023,50,0,0
Z3,29,3, 720,10240.0,0.050885,201238.08588,204800.0,1.0,2,5.635054,90364.538628,90364.538628,8461114.047232999,25549904.3188815,1012975.9218683,25840103.006417297,196728005.7229023,50,0,0
Z3,30,3, 720,6872.0,0.050842,135163.840919,137440.0,1.0,2,5.635054,77149.689636,77149.689636,8461114.047232999,25549904.3188815,1012975.9218683,25840103.006417297,196728005.7229023,50,0,0
Z3,31,3, 720,6872.0,0.051068,134565.677136,134744.0,1.0,2,5.635054,77030.056879,77030.056879,8461114.047232999,25549904.3188815,1012975.9218683,25840103.006417297,196728005.7229023,50,0,0
Z3,32,3, 720,6376.0,0.051015,124982.848182,125016.0,1.0,2,5.635054,75113.491088,75113.491088,8461114.047232999,25549904.3188815,1012975.9218683,25840103.006417297,196728005.7229023,50,0,0
Z3,33,3, 720,6872.0,0.050944,134893.21608,137440.0,1.0,2,5.635054,77095.564668,77095.564668,8461114.047232999,25549904.3188815,1012975.9218683,25840103.006417297,196728005.7229023,50,0,0
Z3,34,3, 720,6872.0,0.050941,134901.160166,137440.0,1.0,2,5.635054,77097.153485,77097.153485,8461114.047232999,25549904.3188815,1012975.9218683,25840103.006417297,196728005.7229023,50,0,0
Z3,35,3, 720,6376.0,0.050962,125112.829167,127520.0,1.0,2,5.635054,75139.487285,75139.487285,8461114.047232999,25549904.3188815,1012975.9218683,25840103.006417297,196728005.7229023,50,0,0
Z3,36,3, 720,6872.0,0.050996,134755.667111,137440.0,1.0,2,5.635054,77068.054874,77068.054874,8461114.047232999,25549904.3188815,1012975.9218683,25840103.006417297,196728005.7229023,50,0,0
Z3,37,3, 720,6872.0,0.050873,135081.477405,137440.0,1.0,2,5.635054,77133.216933,77133.216933,8461114.047232999,25549904.3188815,1012975.9218683,25840103.006417297,196728005.7229023,50,0,0
Z3,38,3, 720,6376.0,0.050976,125078.468299,127520.0,1.0,2,5.635054,75132.615111,75132.615111,8461114.047232999,25549904.3188815,1012975.9218683,25840103.006417297,196728005.7229023,50,0,0
Z1,0,4, 720,22592.0,0.172786,130751.33402,131344.0,1.0,2,8.448374,101282.881916,101282.881916,8461114.047232999,25549904.3188815,1012975.9218683,25840103.006417297,196728005.7229023,50,0,0
Z2,0,4, 720,6624.0,0.173896,38091.73299,38288.0,1.0,2,8.448374,82750.961709,82750.961709,8461114.047232999,25549904.3188815,1012975.9218683,25840103.006417297,196728005.7229023,50,0,0
Z2,1,4, 720,6648.0,0.050968,130434.782609,132960.0,1.0,2,8.448374,101219.571633,101219.571633,8461114.047232999,25549904.3188815,1012975.9218683,25840103.006417297,196728005.7229023,50,0,0
Z2,2,4, 720,7200.0,0.050896,141464.94813,144000.0,1.0,2,8.448374,103425.604737,103425.604737,8461114.047232999,25549904.3188815,1012975.9218683,25840103.006417297,196728005.7229023,50,0,0
Z2,3,4, 720,7296.0,0.050992,143081.26765,145920.0,1.0,2,8.448374,103748.868641,103748.868641,8461114.047232999,25549904.3188815,1012975.9218683,25840103.006417297,196728005.7229023,50,0,0
Z2,4,4, 720,17272.0,0.051077,338156.117235,338664.0,1.0,2,8.448374,142763.838558,142763.838558,8461114.047232999,25549904.3188815,1012975.9218683,25840103.006417297,196728005.7229023,50,0,0
Z2,5,4, 720,26240.0,0.051169,512810.490727,514504.0,1.0,2,8.448374,177694.713257,177694.713257,8461114.047232999,25549904.3188815,1012975.9218683,25840103.006417297,196728005.7229023,50,0,0
Z2,6,4, 720,12720.0,0.051058,249128.442164,249408.0,1.0,2,8.448374,124958.303544,124958.303544,8461114.047232999,25549904.3188815,1012975.9218683,25840103.006417297,196728005.7229023,50,0,0
Z2,7,4, 720,11496.0,0.051055,225168.935462,225408.0,1.0,2,8.448374,120166.402204,120166.402204,8461114.047232999,25549904.3188815,1012975.9218683,25840103.006417297,196728005.7229023,50,0,0
Z3,0,4, 720,6448.0,0.171841,37523.059107,37704.0,1.0,2,8.448374,82637.226933,82637.226933,8461114.047232999,25549904.3188815,1012975.9218683,25840103.006417297,196728005.7229023,50,0,0
Z3,1,4, 720,7448.0,0.050908,146303.135067,148960.0,1.0,2,8.448374,104393.242125,104393.242125,8461114.047232999,25549904.3188815,1012975.9218683,25840103.006417297,196728005.7229023,50,0,0
Z3,2,4, 720,7424.0,0.050928,145774.426642,148480.0,1.0,2,8.448374,104287.50044,104287.50044,8461114.047232999,25549904.3188815,1012975.9218683,25840103.006417297,196728005.7229023,50,0,0
Z3,3,4, 720,6648.0,0.050916,130567.994344,132960.0,1.0,2,8.448374,101246.21398,101246.21398,8461114.047232999,25549904.3188815,1012975.9218683,25840103.006417297,196728005.7229023,50,0,0
Z3,4,4, 720,7224.0,0.050943,141805.547376,144480.0,1.0,2,8.448374,103493.724587,103493.724587,8461114.047232999,25549904.3188815,1012975.9218683,25840103.006417297,196728005.7229023,50,0,0
Z3,5,4, 720,7240.0,0.050885,142281.615407,144800.0,1.0,2,8.448374,103588.938193,103588.938193,8461114.047232999,25549904.3188815,1012975.9218683,25840103.006417297,196728005.7229023,50,0,0
Z3,6,4, 720,6648.0,0.050909,130585.947475,132960.0,1.0,2,8.448374,101249.804606,101249.804606,8461114.047232999,25549904.3188815,1012975.9218683,25840103.006417297,196728005.7229023,50,0,0
Z3,7,4, 720,7232.0,0.050922,142021.130356,144640.0,1.0,2,8.448374,103536.841183,103536.841183,8461114.047232999,25549904.3188815,1012975.9218683,25840103.006417297,196728005.7229023,50,0,0
Z3,8,4, 720,7296.0,0.050905,143325.802966,145920.0,1.0,2,8.448374,103797.775705,103797.775705,8461114.047232999,25549904.3188815,1012975.9218683,25840103.006417297,196728005.7229023,50,0,0
Z3,9,4, 720,16456.0,0.050987,322748.936003,329120.0,1.0,2,8.448374,139682.402312,139682.402312,8461114.047232999,25549904.3188815,1012975.9218683,25840103.006417297,196728005.7229023,50,0,0
Z3,10,4, 720,25392.0,0.051054,497355.74098,497880.0,1.0,2,8.448374,174603.763308,174603.763308,8461114.047232999,25549904.3188815,1012975.9218683,25840103.006417297,196728005.7229023,50,0,0
Z3,11,4, 720,21592.0,0.051019,423214.880731,423368.0,1.0,2,8.448374,159775.591258,159775.591258,8461114.047232999,25549904.3188815,1012975.9218683,25840103.006417297,196728005.7229023,50,0,0
Z3,12,4, 720,13528.0,0.050921,265666.424461,270560.0,1.0,2,8.448374,128265.900004,128265.900004,8461114.047232999,25549904.3188815,1012975.9218683,25840103.006417297,196728005.7229023,50,0,0
Z3,13,4, 720,29512.0,0.050921,579564.423322,590240.0,1.0,2,8.448374,191045.499776,191045.499776,8461114.047232999,25549904.3188815,1012975.9218683,25840103.006417297,196728005.7229023,50,0,0
Z3,14,4, 720,29688.0,0.05104,581661.442006,582112.0,1.0,2,8.448374,191464.903513,191464.903513,8461114.047232999,25549904.3188815,1012975.9218683,25840103.006417297,196728005.7229023,50,0,0
Z3,15,4, 720,16760.0,0.051022,328485.751245,328624.0,1.0,2,8.448374,140829.76536,140829.76536,8461114.047232999,25549904.3188815,1012975.9218683,25840103.006417297,196728005.7229023,50,0,0
Z3,16,4, 720,33128.0,0.051072,648652.882206,649568.0,1.0,2,8.448374,204863.191553,204863.191553,8461114.047232999,25549904.3188815,1012975.9218683,25840103.006417297,196728005.7229023,50,0,0
Z3,17,4, 720,26248.0,0.050919,515485.378739,524960.0,1.0,2,8.448374,178229.690859,178229.690859,8461114.047232999,25549904.3188815,1012975.9218683,25840103.006417297,196728005.7229023,50,0,0
Z3,18,4, 720,14624.0,0.05095,287026.496565,292480.0,1.0,2,8.448374,132537.914425,132537.914425,8461114.047232999,25549904.3188815,1012975.9218683,25840103.006417297,196728005.7229023,50,0,0
Z3,19,4, 720,26816.0,0.051036,525433.027667,525800.0,1.0,2,8.448374,180219.220645,180219.220645,8461114.047232999,25549904.3188815,1012975.9218683,25840103.006417297,196728005.7229023,50,0,0
Z3,20,4, 720,23128.0,0.05086,454738.497837,462560.0,1.0,2,8.448374,166080.314679,166080.314679,8461114.047232999,25549904.3188815,1012975.9218683,25840103.006417297,196728005.7229023,50,0,0
Z3,21,4, 720,19440.0,0.051003,381154.049762,381176.0,1.0,2,8.448374,151363.425064,151363.425064,8461114.047232999,25549904.3188815,1012975.9218683,25840103.006417297,196728005.7229023,50,0,0
Z3,22,4, 720,29088.0,0.050956,570845.435277,581760.0,1.0,2,8.448374,189301.702167,189301.702167,8461114.047232999,25549904.3188815,1012975.9218683,25840103.006417297,196728005.7229023,50,0,0
Z3,23,4, 720,29840.0,0.051062,584387.607223,585096.0,1.0,2,8.448374,192010.136556,192010.136556,8461114.047232999,25549904.3188815,1012975.9218683,25840103.006417297,196728005.7229023,50,0,0
Z3,24,4, 720,17200.0,0.050892,337970.604417,344000.0,1.0,2,8.448374,142726.735995,142726.735995,8461114.047232999,25549904.3188815,1012975.9218683,25840103.006417297,196728005.7229023,50,0,0
Z3,25,4, 720,25664.0,0.051011,503107.172963,503208.0,1.0,2,8.448374,175754.049704,175754.049704,8461114.047232999,25549904.3188815,1012975.9218683,25840103.006417297,196728005.7229023,50,0,0
Z3,26,4, 720,26808.0,0.050973,525925.489965,536160.0,1.0,2,8.448374,180317.713105,180317.713105,8461114.047232999,25549904.3188815,1012975.9218683,25840103.006417297,196728005.7229023,50,0,0
Z3,27,4, 720,17472.0,0.051035,342353.28696,342584.0,1.0,2,8.448374,143603.272503,143603.272503,8461114.047232999,25549904.3188815,1012975.9218683,25840103.006417297,196728005.7229023,50,0,0
Z3,28,4, 720,6448.0,0.050863,126771.916717,128960.0,1.0,2,8.448374,100486.998455,100486.998455,8461114.047232999,25549904.3188815,1012975.9218683,25840103.006417297,196728005.7229023,50,0,0
Z3,29,4, 720,7200.0,0.050945,141328.884091,144000.0,1.0,2,8.448374,103398.39193,103398.39193,8461114.047232999,25549904.3188815,1012975.9218683,25840103.006417297,196728005.7229023,50,0,0
Z3,30,4, 720,7520.0,0.050947,147604.373172,150400.0,1.0,2,8.448374,104653.489746,104653.489746,8461114.047232999,25549904.3188815,1012975.9218683,25840103.006417297,196728005.7229023,50,0,0
Z3,31,4, 720,6728.0,0.050984,131962.968775,134560.0,1.0,2,8.448374,101525.208866,101525.208866,8461114.047232999,25549904.3188815,1012975.9218683,25840103.006417297,196728005.7229023,50,0,0
Z3,32,4, 720,7224.0,0.050843,142084.456071,144480.0,1.0,2,8.448374,103549.506326,103549.506326,8461114.047232999,25549904.3188815,1012975.9218683,25840103.006417297,196728005.7229023,50,0,0
Z3,33,4, 720,7256.0,0.050933,142461.665325,145120.0,1.0,2,8.448374,103624.948177,103624.948177,8461114.047232999,25549904.3188815,1012975.9218683,25840103.006417297,196728005.7229023,50,0,0
Z3,34,4, 720,6544.0,0.050965,128401.844403,130880.0,1.0,2,8.448374,100812.983992,100812.983992,8461114.047232999,25549904.3188815,1012975.9218683,25840103.006417297,196728005.7229023,50,0,0
Z3,35,4, 720,12272.0,0.050982,240712.408301,245440.0,1.0,2,8.448374,123275.096772,123275.096772,8461114.047232999,25549904.3188815,1012975.9218683,25840103.006417297,196728005.7229023,50,0,0
Z3,36,4, 720,8544.0,0.050842,168050.037371,170880.0,1.0,2,8.448374,108742.622586,108742.622586,8461114.047232999,25549904.3188815,1012975.9218683,25840103.006417297,196728005.7229023,50,0,0
Z3,37,4, 720,6424.0,0.050926,126143.816518,128480.0,1.0,2,8.448374,100361.378415,100361.378415,8461114.047232999,25549904.3188815,1012975.9218683,25840103.006417297,196728005.7229023,50,0,0
Z3,38,4, 720,6872.0,0.050932,134924.998037,137440.0,1.0,2,8.448374,102117.614719,102117.614719,8461114.047232999,25549904.3188815,1012975.9218683,25840103.006417297,196728005.7229023,50,0,0
Z1,0,5, 720,20272.0,0.171589,118142.77139,118544.0,1.0,2,11.267051,125746.168997,125746.168997,8461114.047232999,25549904.3188815,1012975.9218683,25840103.006417297,196728005.7229023,50,0,0
Z2,0,5, 720,6624.0,0.172925,38305.623825,38504.0,1.0,2,11.267051,109778.739484,109778.739484,8461114.047232999,25549904.3188815,1012975.9218683,25840103.006417297,196728005.7229023,50,0,0
Z2,1,5, 720,7616.0,0.050887,149664.943895,152320.0,1.0,2,11.267051,132050.603498,132050.603498,8461114.047232999,25549904.3188815,1012975.9218683,25840103.006417297,196728005.7229023,50,0,0
Z2,2,5, 720,8792.0,0.051051,172219.936926,172392.0,1.0,2,11.267051,136561.602104,136561.602104,8461114.047232999,25549904.3188815,1012975.9218683,25840103.006417297,196728005.7229023,50,0,0
Z2,3,5, 720,8816.0,0.050972,172957.702268,176320.0,1.0,2,11.267051,136709.155172,136709.155172,8461114.047232999,25549904.3188815,1012975.9218683,25840103.006417297,196728005.7229023,50,0,0
Z2,4,5, 720,14976.0,0.051011,293583.736841,293640.0,1.0,2,11.267051,160834.362087,160834.362087,8461114.047232999,25549904.3188815,1012975.9218683,25840103.006417297,196728005.7229023,50,0,0
Z2,5,5, 720,25312.0,0.051106,495284.31104,496312.0,1.0,2,11.267051,201174.476927,201174.476927,8461114.047232999,25549904.3188815,1012975.9218683,25840103.006417297,196728005.7229023,50,0,0
Z2,6,5, 720,13208.0,0.051092,258514.053081,258976.0,1.0,2,11.267051,153820.425335,153820.425335,8461114.047232999,25549904.3188815,1012975.9218683,25840103.006417297,196728005.7229023,50,0,0
Z2,7,5, 720,16320.0,0.050981,320119.260117,326400.0,1.0,2,11.267051,166141.466742,166141.466742,8461114.047232999,25549904.3188815,1012975.9218683,25840103.006417297,196728005.7229023,50,0,0
Z3,0,5, 720,7712.0,0.17319,44529.129857,44576.0,1.0,2,11.267051,111023.44069,111023.44069,8461114.047232999,25549904.3188815,1012975.9218683,25840103.006417297,196728005.7229023,50,0,0
Z3,1,5, 720,9624.0,0.051099,188340.280632,188704.0,1.0,2,11.267051,139785.670845,139785.670845,8461114.047232999,25549904.3188815,1012975.9218683,25840103.006417297,196728005.7229023,50,0,0
Z3,2,5, 720,9096.0,0.051073,178098.016565,178352.0,1.0,2,11.267051,137737.218032,137737.218032,8461114.047232999,25549904.3188815,1012975.9218683,25840103.006417297,196728005.7229023,50,0,0
Z3,3,5, 720,7632.0,0.050903,149932.224034,152640.0,1.0,2,11.267051,132104.059526,132104.059526,8461114.047232999,25549904.3188815,1012975.9218683,25840103.006417297,196728005.7229023,50,0,0
Z3,4,5, 720,8304.0,0.051027,162737.374331,162816.0,1.0,2,11.267051,134665.089585,134665.089585,8461114.047232999,25549904.3188815,1012975.9218683,25840103.006417297,196728005.7229023,50,0,0
Z3,5,5, 720,8504.0,0.051009,166715.677626,166744.0,1.0,2,11.267051,135460.750244,135460.750244,8461114.047232999,25549904.3188815,1012975.9218683,25840103.006417297,196728005.7229023,50,0,0
Z3,6,5, 720,7384.0,0.050979,144843.955354,147680.0,1.0,2,11.267051,131086.40579,131086.40579,8461114.047232999,25549904.3188815,1012975.9218683,25840103.006417297,196728005.7229023,50,0,0
Z3,7,5, 720,8968.0,0.051027,175750.093088,175840.0,1.0,2,11.267051,137267.633336,137267.633336,8461114.047232999,25549904.3188815,1012975.9218683,25840103.006417297,196728005.7229023,50,0,0
Z3,8,5, 720,8912.0,0.051026,174656.057696,174744.0,1.0,2,11.267051,137048.826258,137048.826258,8461114.047232999,25549904.3188815,1012975.9218683,25840103.006417297,196728005.7229023,50,0,0
Z3,9,5, 720,16688.0,0.051108,326524.223214,327208.0,1.0,2,11.267051,167422.459362,167422.459362,8461114.047232999,25549904.3188815,1012975.9218683,25840103.006417297,196728005.7229023,50,0,0
Z3,10,5, 720,23832.0,0.051106,466324.893359,467288.0,1.0,2,11.267051,195382.593391,195382.593391,8461114.047232999,25549904.3188815,1012975.9218683,25840103.006417297,196728005.7229023,50,0,0
Z3,11,5, 720,21144.0,0.051008,414523.212045,414584.0,1.0,2,11.267051,185022.257128,185022.257128,8461114.047232999,25549904.3188815,1012975.9218683,25840103.006417297,196728005.7229023,50,0,0
Z3,12,5, 720,14272.0,0.051038,279634.781927,279840.0,1.0,2,11.267051,158044.571104,158044.571104,8461114.047232999,25549904.3188815,1012975.9218683,25840103.006417297,196728005.7229023,50,0,0
Z3,13,5, 720,27640.0,0.051066,541260.329769,541960.0,1.0,2,11.267051,210369.680673,210369.680673,8461114.047232999,25549904.3188815,1012975.9218683,25840103.006417297,196728005.7229023,50,0,0
Z3,14,5, 720,33288.0,0.051136,650969.962453,652704.0,1.0,2,11.267051,232311.607209,232311.607209,8461114.047232999,25549904.3188815,1012975.9218683,25840103.006417297,196728005.7229023,50,0,0
Z3,15,5, 720,17576.0,0.050993,344674.759281,351520.0,1.0,2,11.267051,171052.566575,171052.566575,8461114.047232999,25549904.3188815,1012975.9218683,25840103.006417297,196728005.7229023,50,0,0
Z3,16,5, 720,34872.0,0.051071,682814.121517,683760.0,1.0,2,11.267051,238680.439022,238680.439022,8461114.047232999,25549904.3188815,1012975.9218683,25840103.006417297,196728005.7229023,50,0,0
Z3,17,5, 720,27336.0,0.051081,535150.055794,536000.0,1.0,2,11.267051,209147.625878,209147.625878,8461114.047232999,25549904.3188815,1012975.9218683,25840103.006417297,196728005.7229023,50,0,0
Z3,18,5, 720,18312.0,0.051106,358314.092279,359056.0,1.0,2,11.267051,173780.433175,173780.433175,8461114.047232999,25549904.3188815,1012975.9218683,25840103.006417297,196728005.7229023,50,0,0
Z3,19,5, 720,41432.0,0.051159,809867.27653,812392.0,1.0,2,11.267051,264091.070025,264091.070025,8461114.047232999,25549904.3188815,1012975.9218683,25840103.006417297,196728005.7229023,50,0,0
Z3,20,5, 720,36760.0,0.051137,718853.276493,720784.0,1.0,2,11.267051,245888.270017,245888.270017,8461114.047232999,25549904.3188815,1012975.9218683,25840103.006417297,196728005.7229023,50,0,0
Z3,21,5, 720,21272.0,0.051034,416820.15911,417096.0,1.0,2,11.267051,185481.646541,185481.646541,8461114.047232999,25549904.3188815,1012975.9218683,25840103.006417297,196728005.7229023,50,0,0
Z3,22,5, 720,43464.0,0.051181,849221.39075,852232.0,1.0,2,11.267051,271961.892869,271961.892869,8461114.047232999,25549904.3188815,1012975.9218683,25840103.006417297,196728005.7229023,50,0,0
Z3,23,5, 720,42000.0,0.051134,821371.29894,823528.0,1.0,2,11.267051,266391.874507,266391.874507,8461114.047232999,25549904.3188815,1012975.9218683,25840103.006417297,196728005.7229023,50,0,0
Z3,24,5, 720,20304.0,0.051079,397501.908808,398112.0,1.0,2,11.267051,181617.99648,181617.99648,8461114.047232999,25549904.3188815,1012975.9218683,25840103.006417297,196728005.7229023,50,0,0
Z3,25,5, 720,32736.0,0.051133,640212.778441,641880.0,1.0,2,11.267051,230160.170407,230160.170407,8461114.047232999,25549904.3188815,1012975.9218683,25840103.006417297,196728005.7229023,50,0,0
Z3,26,5, 720,34608.0,0.051131,676849.660676,678584.0,1.0,2,11.267051,237487.546854,237487.546854,8461114.047232999,25549904.3188815,1012975.9218683,25840103.006417297,196728005.7229023,50,0,0
Z3,27,5, 720,21272.0,0.051077,416469.252305,417096.0,1.0,2,11.267051,185411.46518,185411.46518,8461114.047232999,25549904.3188815,1012975.9218683,25840103.006417297,196728005.7229023,50,0,0
Z3,28,5, 720,8752.0,0.051031,171503.595854,171600.0,1.0,2,11.267051,136418.33389,136418.33389,8461114.047232999,25549904.3188815,1012975.9218683,25840103.006417297,196728005.7229023,50,0,0
Z3,29,5, 720,12760.0,0.051035,250024.492995,250192.0,1.0,2,11.267051,152122.513318,152122.513318,8461114.047232999,25549904.3188815,1012975.9218683,25840103.006417297,196728005.7229023,50,0,0
Z3,30,5, 720,15440.0,0.051073,302312.376402,302744.0,1.0,2,11.267051,162580.089999,162580.089999,8461114.047232999,25549904.3188815,1012975.9218683,25840103.006417297,196728005.7229023,50,0,0
Z3,31,5, 720,10000.0,0.051083,195759.841826,196072.0,1.0,2,11.267051,141269.583084,141269.583084,8461114.047232999,25549904.3188815,1012975.9218683,25840103.006417297,196728005.7229023,50,0,0
Z3,32,5, 720,15200.0,0.051048,297758.971948,298032.0,1.0,2,11.267051,161669.409108,161669.409108,8461114.047232999,25549904.3188815,1012975.9218683,25840103.006417297,196728005.7229023,50,0,0
Z3,33,5, 720,18352.0,0.051079,359286.595274,359840.0,1.0,2,11.267051,173974.933774,173974.933774,8461114.047232999,25549904.3188815,1012975.9218683,25840103.006417297,196728005.7229023,50,0,0
Z3,34,5, 720,11224.0,0.051085,219712.244299,220072.0,1.0,2,11.267051,146060.063579,146060.063579,8461114.047232999,25549904.3188815,1012975.9218683,25840103.006417297,196728005.7229023,50,0,0
Z3,35,5, 720,23240.0,0.051117,454643.269362,455680.0,1.0,2,11.267051,193046.268591,193046.268591,8461114.047232999,25549904.3188815,1012975.9218683,25840103.006417297,196728005.7229023,50,0,0
Z3,36,5, 720,16824.0,0.051019,329759.501362,329880.0,1.0,2,11.267051,168069.514991,168069.514991,8461114.047232999,25549904.3188815,1012975.9218683,25840103.006417297,196728005.7229023,50,0,0
Z3,37,5, 720,9680.0,0.051049,189621.735979,189800.0,1.0,2,11.267051,140041.961915,140041.961915,8461114.047232999,25549904.3188815,1012975.9218683,25840103.006417297,196728005.7229023,50,0,0
Z3,38,5, 720,12888.0,0.051056,252428.705735,252704.0,1.0,2,11.267051,152603.355866,152603.355866,8461114.047232999,25549904.3188815,1012975.9218683,25840103.006417297,196728005.7229023,50,0,0
Z1,0,6, 720,14912.0,0.171474,86963.621307,87200.0,1.0,2,14.089464,144939.589058,144939.589058,8461114.047232999,25549904.3188815,1012975.9218683,25840103.006417297,196728005.7229023,50,0,0
Z2,0,6, 720,6624.0,0.172264,38452.607626,38504.0,1.0,2,14.089464,135237.386321,135237.386321,8461114.047232999,25549904.3188815,1012975.9218683,25840103.006417297,196728005.7229023,50,0,0
Z2,1,6, 720,6768.0,0.050832,133144.475921,135360.0,1.0,2,14.089464,154175.75998,154175.75998,8461114.047232999,25549904.3188815,1012975.9218683,25840103.006417297,196728005.7229023,50,0,0
Z2,2,6, 720,7488.0,0.050847,147265.325388,149760.0,1.0,2,14.089464,156999.929874,156999.929874,8461114.047232999,25549904.3188815,1012975.9218683,25840103.006417297,196728005.7229023,50,0,0
Z2,3,6, 720,7752.0,0.050879,152361.485092,155040.0,1.0,2,14.089464,158019.161815,158019.161815,8461114.047232999,25549904.3188815,1012975.9218683,25840103.006417297,196728005.7229023,50,0,0
Z2,4,6, 720,10768.0,0.050919,211473.123981,215360.0,1.0,2,14.089464,169841.489593,169841.489593,8461114.047232999,25549904.3188815,1012975.9218683,25840103.006417297,196728005.7229023,50,0,0
Z2,5,6, 720,17456.0,0.050932,342731.485117,349120.0,1.0,2,14.089464,196093.16182,196093.16182,8461114.047232999,25549904.3188815,1012975.9218683,25840103.006417297,196728005.7229023,50,0,0
Z2,6,6, 720,9568.0,0.050819,188276.03849,191360.0,1.0,2,14.089464,165202.072494,165202.072494,8461114.047232999,25549904.3188815,1012975.9218683,25840103.006417297,196728005.7229023,50,0,0
Z2,7,6, 720,12800.0,0.050838,251780.164444,256000.0,1.0,2,14.089464,177902.897685,177902.897685,8461114.047232999,25549904.3188815,1012975.9218683,25840103.006417297,196728005.7229023,50,0,0
Z3,0,6, 720,6760.0,0.173192,39031.82595,39072.0,1.0,2,14.089464,135353.229986,135353.229986,8461114.047232999,25549904.3188815,1012975.9218683,25840103.006417297,196728005.7229023,50,0,0
Z3,1,6, 720,8320.0,0.051037,163018.986226,163136.0,1.0,2,14.089464,160150.662041,160150.662041,8461114.047232999,25549904.3188815,1012975.9218683,25840103.006417297,196728005.7229023,50,0,0
Z3,2,6, 720,7800.0,0.051012,152905.198777,152936.0,1.0,2,14.089464,158127.904552,158127.904552,8461114.047232999,25549904.3188815,1012975.9218683,25840103.006417297,196728005.7229023,50,0,0
Z3,3,6, 720,6928.0,0.051008,135821.83187,135840.0,1.0,2,14.089464,154711.23117,154711.23117,8461114.047232999,25549904.3188815,1012975.9218683,25840103.006417297,196728005.7229023,50,0,0
Z3,4,6, 720,7472.0,0.051029,146426.54177,146504.0,1.0,2,14.089464,156832.17315,156832.17315,8461114.047232999,25549904.3188815,1012975.9218683,25840103.006417297,196728005.7229023,50,0,0
Z3,5,6, 720,7416.0,0.050998,145417.467352,148320.0,1.0,2,14.089464,156630.358267,156630.358267,8461114.047232999,25549904.3188815,1012975.9218683,25840103.006417297,196728005.7229023,50,0,0
Z3,6,6, 720,6760.0,0.050941,132702.538231,135200.0,1.0,2,14.089464,154087.372442,154087.372442,8461114.047232999,25549904.3188815,1012975.9218683,25840103.006417297,196728005.7229023,50,0,0
Z3,7,6, 720,7600.0,0.05094,149195.131527,152000.0,1.0,2,14.089464,157385.891102,157385.891102,8461114.047232999,25549904.3188815,1012975.9218683,25840103.006417297,196728005.7229023,50,0,0
Z3,8,6, 720,7600.0,0.050957,149145.357851,152000.0,1.0,2,14.089464,157375.936366,157375.936366,8461114.047232999,25549904.3188815,1012975.9218683,25840103.006417297,196728005.7229023,50,0,0
Z3,9,6, 720,12912.0,0.050987,253241.022221,258240.0,1.0,2,14.089464,178195.069241,178195.069241,8461114.047232999,25549904.3188815,1012975.9218683,25840103.006417297,196728005.7229023,50,0,0
Z3,10,6, 720,17552.0,0.050933,344609.585141,351040.0,1.0,2,14.089464,196468.781825,196468.781825,8461114.047232999,25549904.3188815,1012975.9218683,25840103.006417297,196728005.7229023,50,0,0
Z3,11,6, 720,14968.0,0.051029,293323.404339,293488.0,1.0,2,14.089464,186211.545664,186211.545664,8461114.047232999,25549904.3188815,1012975.9218683,25840103.006417297,196728005.7229023,50,0,0
Z3,12,6, 720,10336.0,0.050993,202694.487479,206720.0,1.0,2,14.089464,168085.762292,168085.762292,8461114.047232999,25549904.3188815,1012975.9218683,25840103.006417297,196728005.7229023,50,0,0
Z3,13,6, 720,18344.0,0.051034,359446.643414,359680.0,1.0,2,14.089464,199436.193479,199436.193479,8461114.047232999,25549904.3188815,1012975.9218683,25840103.006417297,196728005.7229023,50,0,0
Z3,14,6, 720,20456.0,0.050989,401184.569221,409120.0,1.0,2,14.089464,207783.77864,207783.77864,8461114.047232999,25549904.3188815,1012975.9218683,25840103.006417297,196728005.7229023,50,0,0
Z3,15,6, 720,12480.0,0.050981,244797.081266,249600.0,1.0,2,14.089464,176506.281049,176506.281049,8461114.047232999,25549904.3188815,1012975.9218683,25840103.006417297,196728005.7229023,50,0,0
Z3,16,6, 720,18912.0,0.051055,370424.052492,370816.0,1.0,2,14.089464,201631.675295,201631.675295,8461114.047232999,25549904.3188815,1012975.9218683,25840103.006417297,196728005.7229023,50,0,0
Z3,17,6, 720,16112.0,0.050971,316101.312511,322240.0,1.0,2,14.089464,190767.127298,190767.127298,8461114.047232999,25549904.3188815,1012975.9218683,25840103.006417297,196728005.7229023,50,0,0
Z3,18,6, 720,16088.0,0.051009,315395.322394,315448.0,1.0,2,14.089464,190625.929275,190625.929275,8461114.047232999,25549904.3188815,1012975.9218683,25840103.006417297,196728005.7229023,50,0,0
Z3,19,6, 720,31984.0,0.051095,625971.230062,627136.0,1.0,2,14.089464,252741.110809,252741.110809,8461114.047232999,25549904.3188815,1012975.9218683,25840103.006417297,196728005.7229023,50,0,0
Z3,20,6, 720,21472.0,0.051017,420879.314738,421016.0,1.0,2,14.089464,211722.727744,211722.727744,8461114.047232999,25549904.3188815,1012975.9218683,25840103.006417297,196728005.7229023,50,0,0
Z3,21,6, 720,19320.0,0.050995,378860.672615,386400.0,1.0,2,14.089464,203318.999319,203318.999319,8461114.047232999,25549904.3188815,1012975.9218683,25840103.006417297,196728005.7229023,50,0,0
Z3,22,6, 720,33040.0,0.051024,647538.413296,647840.0,1.0,2,14.089464,257054.547455,257054.547455,8461114.047232999,25549904.3188815,1012975.9218683,25840103.006417297,196728005.7229023,50,0,0
Z3,23,6, 720,26472.0,0.05104,518652.037618,519056.0,1.0,2,14.089464,231277.27232,231277.27232,8461114.047232999,25549904.3188815,1012975.9218683,25840103.006417297,196728005.7229023,50,0,0
Z3,24,6, 720,12984.0,0.050999,254593.227318,259680.0,1.0,2,14.089464,178465.51026,178465.51026,8461114.047232999,25549904.3188815,1012975.9218683,25840103.006417297,196728005.7229023,50,0,0
Z3,25,6, 720,21128.0,0.051016,414144.582092,414272.0,1.0,2,14.089464,210375.781215,210375.781215,8461114.047232999,25549904.3188815,1012975.9218683,25840103.006417297,196728005.7229023,50,0,0
Z3,26,6, 720,21576.0,0.050962,423374.278874,431520.0,1.0,2,14.089464,212221.720571,212221.720571,8461114.047232999,25549904.3188815,1012975.9218683,25840103.006417297,196728005.7229023,50,0,0
Z3,27,6, 720,14376.0,0.050938,282225.450548,287520.0,1.0,2,14.089464,183991.954906,183991.954906,8461114.047232999,25549904.3188815,1012975.9218683,25840103.006417297,196728005.7229023,50,0,0
Z3,28,6, 720,7048.0,0.05087,138549.243169,140960.0,1.0,2,14.089464,155256.71343,155256.71343,8461114.047232999,25549904.3188815,1012975.9218683,25840103.006417297,196728005.7229023,50,0,0
Z3,29,6, 720,8656.0,0.050883,170115.755753,173120.0,1.0,2,14.089464,161570.015947,161570.015947,8461114.047232999,25549904.3188815,1012975.9218683,25840103.006417297,196728005.7229023,50,0,0
Z3,30,6, 720,9488.0,0.050915,186349.798684,189760.0,1.0,2,14.089464,164816.824533,164816.824533,8461114.047232999,25549904.3188815,1012975.9218683,25840103.006417297,196728005.7229023,50,0,0
Z3,31,6, 720,8424.0,0.050854,165650.686278,168480.0,1.0,2,14.089464,160677.002052,160677.002052,8461114.047232999,25549904.3188815,1012975.9218683,25840103.006417297,196728005.7229023,50,0,0
Z3,32,6, 720,9328.0,0.050906,183239.696696,186560.0,1.0,2,14.089464,164194.804135,164194.804135,8461114.047232999,25549904.3188815,1012975.9218683,25840103.006417297,196728005.7229023,50,0,0
Z3,33,6, 720,8680.0,0.050868,170637.729024,173600.0,1.0,2,14.089464,161674.410601,161674.410601,8461114.047232999,25549904.3188815,1012975.9218683,25840103.006417297,196728005.7229023,50,0,0
Z3,34,6, 720,7160.0,0.050861,140775.840035,143200.0,1.0,2,14.089464,155702.032803,155702.032803,8461114.047232999,25549904.3188815,1012975.9218683,25840103.006417297,196728005.7229023,50,0,0
Z3,35,6, 720,10360.0,0.050913,203484.375307,207200.0,1.0,2,14.089464,168243.739858,168243.739858,8461114.047232999,25549904.3188815,1012975.9218683,25840103.006417297,196728005.7229023,50,0,0
Z3,36,6, 720,9048.0,0.050807,178085.696853,180960.0,1.0,2,14.089464,163164.004167,163164.004167,8461114.047232999,25549904.3188815,1012975.9218683,25840103.006417297,196728005.7229023,50,0,0
Z3,37,6, 720,7176.0,0.050927,140907.573586,143520.0,1.0,2,14.089464,155728.379513,155728.379513,8461114.047232999,25549904.3188815,1012975.9218683,25840103.006417297,196728005.7229023,50,0,0
Z3,38,6, 720,8768.0,0.050883,172316.883832,175360.0,1.0,2,14.089464,162010.241563,162010.241563,8461114.047232999,25549904.3188815,1012975.9218683,25840103.006417297,196728005.7229023,50,0,0
Z1,0,7, 720,7408.0,0.171216,43266.984394,43320.0,1.0,2,16.906323,145603.208059,145603.208059,8461114.047232999,25549904.3188815,1012975.9218683,25840103.006417297,196728005.7229023,50,0,0
Z2,0,7, 720,6624.0,0.171448,38635.621296,38736.0,1.0,2,16.906323,144676.93544,144676.93544,8461114.047232999,25549904.3188815,1012975.9218683,25840103.006417297,196728005.7229023,50,0,0
Z2,1,7, 720,6792.0,0.050764,133795.603183,135840.0,1.0,2,16.906323,163708.931817,163708.931817,8461114.047232999,25549904.3188815,1012975.9218683,25840103.006417297,196728005.7229023,50,0,0
Z2,2,7, 720,7464.0,0.050915,146597.26996,149280.0,1.0,2,16.906323,166269.265172,166269.265172,8461114.047232999,25549904.3188815,1012975.9218683,25840103.006417297,196728005.7229023,50,0,0
Z2,3,7, 720,10144.0,0.051018,198831.78486,198896.0,1.0,2,16.906323,176716.168152,176716.168152,8461114.047232999,25549904.3188815,1012975.9218683,25840103.006417297,196728005.7229023,50,0,0
Z2,4,7, 720,14352.0,0.050914,281887.103744,287040.0,1.0,2,16.906323,193327.231929,193327.231929,8461114.047232999,25549904.3188815,1012975.9218683,25840103.006417297,196728005.7229023,50,0,0
Z2,5,7, 720,15008.0,0.050927,294696.330041,300160.0,1.0,2,16.906323,195889.077189,195889.077189,8461114.047232999,25549904.3188815,1012975.9218683,25840103.006417297,196728005.7229023,50,0,0
Z2,6,7, 720,7168.0,0.050858,140941.444807,143360.0,1.0,2,16.906323,165138.100142,165138.100142,8461114.047232999,25549904.3188815,1012975.9218683,25840103.006417297,196728005.7229023,50,0,0
Z2,7,7, 720,8160.0,0.050866,160421.499626,163200.0,1.0,2,16.906323,169034.111106,169034.111106,8461114.047232999,25549904.3188815,1012975.9218683,25840103.006417297,196728005.7229023,50,0,0
Z3,0,7, 720,6656.0,0.173598,38341.455547,38472.0,1.0,2,16.906323,144618.10229,144618.10229,8461114.047232999,25549904.3188815,1012975.9218683,25840103.006417297,196728005.7229023,50,0,0
Z3,1,7, 720,7664.0,0.050979,150336.413033,153280.0,1.0,2,16.906323,167017.093787,167017.093787,8461114.047232999,25549904.3188815,1012975.9218683,25840103.006417297,196728005.7229023,50,0,0
Z3,2,7, 720,7664.0,0.050973,150354.109038,153280.0,1.0,2,16.906323,167020.632988,167020.632988,8461114.047232999,25549904.3188815,1012975.9218683,25840103.006417297,196728005.7229023,50,0,0
Z3,3,7, 720,6920.0,0.051001,135683.614047,135680.0,1.0,2,16.906323,164086.53399,164086.53399,8461114.047232999,25549904.3188815,1012975.9218683,25840103.006417297,196728005.7229023,50,0,0
Z3,4,7, 720,7504.0,0.050914,147385.787799,150080.0,1.0,2,16.906323,166426.96874,166426.96874,8461114.047232999,25549904.3188815,1012975.9218683,25840103.006417297,196728005.7229023,50,0,0
Z3,5,7, 720,7480.0,0.051017,146617.794069,146664.0,1.0,2,16.906323,166273.369994,166273.369994,8461114.047232999,25549904.3188815,1012975.9218683,25840103.006417297,196728005.7229023,50,0,0
Z3,6,7, 720,6728.0,0.05092,132128.829537,134560.0,1.0,2,16.906323,163375.577088,163375.577088,8461114.047232999,25549904.3188815,1012975.9218683,25840103.006417297,196728005.7229023,50,0,0
Z3,7,7, 720,7632.0,0.050985,149691.085613,152640.0,1.0,2,16.906323,166888.028303,166888.028303,8461114.047232999,25549904.3188815,1012975.9218683,25840103.006417297,196728005.7229023,50,0,0
Z3,8,7, 720,7392.0,0.050886,145265.888457,147840.0,1.0,2,16.906323,166002.988872,166002.988872,8461114.047232999,25549904.3188815,1012975.9218683,25840103.006417297,196728005.7229023,50,0,0
Z3,9,7, 720,12800.0,0.051055,250710.018607,250976.0,1.0,2,16.906323,187091.814902,187091.814902,8461114.047232999,25549904.3188815,1012975.9218683,25840103.006417297,196728005.7229023,50,0,0
Z3,10,7, 720,16760.0,0.051006,328588.793475,328624.0,1.0,2,16.906323,202667.569875,202667.569875,8461114.047232999,25549904.3188815,1012975.9218683,25840103.006417297,196728005.7229023,50,0,0
Z3,11,7, 720,14104.0,0.051069,276175.370577,276544.0,1.0,2,16.906323,192184.885296,192184.885296,8461114.047232999,25549904.3188815,1012975.9218683,25840103.006417297,196728005.7229023,50,0,0
Z3,12,7, 720,9704.0,0.050909,190614.626098,194080.0,1.0,2,16.906323,175072.7364,175072.7364,8461114.047232999,25549904.3188815,1012975.9218683,25840103.006417297,196728005.7229023,50,0,0
Z3,13,7, 720,17248.0,0.051077,337686.238424,338192.0,1.0,2,16.906323,204487.058865,204487.058865,8461114.047232999,25549904.3188815,1012975.9218683,25840103.006417297,196728005.7229023,50,0,0
Z3,14,7, 720,21552.0,0.051038,422273.600063,422584.0,1.0,2,16.906323,221404.531193,221404.531193,8461114.047232999,25549904.3188815,1012975.9218683,25840103.006417297,196728005.7229023,50,0,0
Z3,15,7, 720,16688.0,0.050996,327241.352263,333760.0,1.0,2,16.906323,202398.081633,202398.081633,8461114.047232999,25549904.3188815,1012975.9218683,25840103.006417297,196728005.7229023,50,0,0
Z3,16,7, 720,23312.0,0.051073,456444.696807,457096.0,1.0,2,16.906323,228238.750542,228238.750542,8461114.047232999,25549904.3188815,1012975.9218683,25840103.006417297,196728005.7229023,50,0,0
Z3,17,7, 720,14952.0,0.051028,293015.599279,293176.0,1.0,2,16.906323,195552.931036,195552.931036,8461114.047232999,25549904.3188815,1012975.9218683,25840103.006417297,196728005.7229023,50,0,0
Z3,18,7, 720,16856.0,0.051057,330140.823002,330504.0,1.0,2,16.906323,202977.975781,202977.975781,8461114.047232999,25549904.3188815,1012975.9218683,25840103.006417297,196728005.7229023,50,0,0
Z3,19,7, 720,23928.0,0.0511,468258.317025,469176.0,1.0,2,16.906323,230601.474585,230601.474585,8461114.047232999,25549904.3188815,1012975.9218683,25840103.006417297,196728005.7229023,50,0,0
Z3,20,7, 720,29544.0,0.051065,578556.741408,579288.0,1.0,2,16.906323,252661.159462,252661.159462,8461114.047232999,25549904.3188815,1012975.9218683,25840103.006417297,196728005.7229023,50,0,0
Z3,21,7, 720,31920.0,0.051117,624449.791654,625880.0,1.0,2,16.906323,261839.769511,261839.769511,8461114.047232999,25549904.3188815,1012975.9218683,25840103.006417297,196728005.7229023,50,0,0
Z3,22,7, 720,15096.0,0.051036,295791.206207,296000.0,1.0,2,16.906323,196108.052422,196108.052422,8461114.047232999,25549904.3188815,1012975.9218683,25840103.006417297,196728005.7229023,50,0,0
Z3,23,7, 720,22296.0,0.051102,436303.862863,437176.0,1.0,2,16.906323,224210.583753,224210.583753,8461114.047232999,25549904.3188815,1012975.9218683,25840103.006417297,196728005.7229023,50,0,0
Z3,24,7, 720,24272.0,0.051031,475632.458702,475920.0,1.0,2,16.906323,232076.302921,232076.302921,8461114.047232999,25549904.3188815,1012975.9218683,25840103.006417297,196728005.7229023,50,0,0
Z3,25,7, 720,13368.0,0.051008,262076.537014,262112.0,1.0,2,16.906323,189365.118583,189365.118583,8461114.047232999,25549904.3188815,1012975.9218683,25840103.006417297,196728005.7229023,50,0,0
Z3,26,7, 720,21768.0,0.051076,426188.425092,426816.0,1.0,2,16.906323,222187.496199,222187.496199,8461114.047232999,25549904.3188815,1012975.9218683,25840103.006417297,196728005.7229023,50,0,0
Z3,27,7, 720,21680.0,0.051096,424299.358071,425096.0,1.0,2,16.906323,221809.682795,221809.682795,8461114.047232999,25549904.3188815,1012975.9218683,25840103.006417297,196728005.7229023,50,0,0
Z3,28,7, 720,9672.0,0.050996,189661.934269,193440.0,1.0,2,16.906323,174882.198034,174882.198034,8461114.047232999,25549904.3188815,1012975.9218683,25840103.006417297,196728005.7229023,50,0,0
Z3,29,7, 720,13368.0,0.051026,261984.086544,262112.0,1.0,2,16.906323,189346.628489,189346.628489,8461114.047232999,25549904.3188815,1012975.9218683,25840103.006417297,196728005.7229023,50,0,0
Z3,30,7, 720,13424.0,0.051074,262834.318831,263208.0,1.0,2,16.906323,189516.674947,189516.674947,8461114.047232999,25549904.3188815,1012975.9218683,25840103.006417297,196728005.7229023,50,0,0
Z3,31,7, 720,8064.0,0.051006,158099.047171,158112.0,1.0,2,16.906323,168569.620615,168569.620615,8461114.047232999,25549904.3188815,1012975.9218683,25840103.006417297,196728005.7229023,50,0,0
Z3,32,7, 720,9424.0,0.051036,184653.969747,184784.0,1.0,2,16.906323,173880.60513,173880.60513,8461114.047232999,25549904.3188815,1012975.9218683,25840103.006417297,196728005.7229023,50,0,0
Z3,33,7, 720,7368.0,0.051011,144439.434632,144464.0,1.0,2,16.906323,165837.698107,165837.698107,8461114.047232999,25549904.3188815,1012975.9218683,25840103.006417297,196728005.7229023,50,0,0
Z3,34,7, 720,8792.0,0.051012,172351.603544,172392.0,1.0,2,16.906323,171420.131889,171420.131889,8461114.047232999,25549904.3188815,1012975.9218683,25840103.006417297,196728005.7229023,50,0,0
Z3,35,7, 720,8568.0,0.051003,167990.118228,168000.0,1.0,2,16.906323,170547.834826,170547.834826,8461114.047232999,25549904.3188815,1012975.9218683,25840103.006417297,196728005.7229023,50,0,0
Z3,36,7, 720,7064.0,0.051003,138501.656765,138504.0,1.0,2,16.906323,164650.142533,164650.142533,8461114.047232999,25549904.3188815,1012975.9218683,25840103.006417297,196728005.7229023,50,0,0
Z3,37,7, 720,10104.0,0.051016,198055.511996,198112.0,1.0,2,16.906323,176560.91358,176560.91358,8461114.047232999,25549904.3188815,1012975.9218683,25840103.006417297,196728005.7229023,50,0,0
Z3,38,7, 720,8640.0,0.051066,169192.809306,169408.0,1.0,2,16.906323,170788.373041,170788.373041,8461114.047232999,25549904.3188815,1012975.9218683,25840103.006417297,196728005.7229023,50,0,0
Z1,0,8, 720,7744.0,0.172636,44857.387799,45016.0,1.0,2,19.724939,154744.156941,154744.156941,8461114.047232999,25549904.3188815,1012975.9218683,25840103.006417297,196728005.7229023,50,0,0
Z2,0,8, 720,6624.0,0.173913,38088.009522,38288.0,1.0,2,19.724939,153390.281286,153390.281286,8461114.047232999,25549904.3188815,1012975.9218683,25840103.006417297,196728005.7229023,50,0,0
Z2,1,8, 720,6968.0,0.050969,136710.54955,139360.0,1.0,2,19.724939,173114.789292,173114.789292,8461114.047232999,25549904.3188815,1012975.9218683,25840103.006417297,196728005.7229023,50,0,0
Z2,2,8, 720,7968.0,0.050981,156293.521116,159360.0,1.0,2,19.724939,177031.383605,177031.383605,8461114.047232999,25549904.3188815,1012975.9218683,25840103.006417297,196728005.7229023,50,0,0
Z2,3,8, 720,12752.0,0.050969,250191.292747,255040.0,1.0,2,19.724939,195810.937931,195810.937931,8461114.047232999,25549904.3188815,1012975.9218683,25840103.006417297,196728005.7229023,50,0,0
Z2,4,8, 720,18720.0,0.050898,367794.412354,374400.0,1.0,2,19.724939,219331.561853,219331.561853,8461114.047232999,25549904.3188815,1012975.9218683,25840103.006417297,196728005.7229023,50,0,0
Z2,5,8, 720,25648.0,0.05097,503197.959584,512960.0,1.0,2,19.724939,246412.271299,246412.271299,8461114.047232999,25549904.3188815,1012975.9218683,25840103.006417297,196728005.7229023,50,0,0
Z2,6,8, 720,9784.0,0.050983,191907.10629,195680.0,1.0,2,19.724939,184154.10064,184154.10064,8461114.047232999,25549904.3188815,1012975.9218683,25840103.006417297,196728005.7229023,50,0,0
Z2,7,8, 720,13192.0,0.050985,258742.767481,263840.0,1.0,2,19.724939,197521.232878,197521.232878,8461114.047232999,25549904.3188815,1012975.9218683,25840103.006417297,196728005.7229023,50,0,0
Z3,0,8, 720,6768.0,0.171708,39415.752324,39576.0,1.0,2,19.724939,153655.829846,153655.829846,8461114.047232999,25549904.3188815,1012975.9218683,25840103.006417297,196728005.7229023,50,0,0
Z3,1,8, 720,8032.0,0.050993,157511.815347,160640.0,1.0,2,19.724939,177275.042451,177275.042451,8461114.047232999,25549904.3188815,1012975.9218683,25840103.006417297,196728005.7229023,50,0,0
Z3,2,8, 720,7872.0,0.050982,154407.437919,157440.0,1.0,2,19.724939,176654.166966,176654.166966,8461114.047232999,25549904.3188815,1012975.9218683,25840103.006417297,196728005.7229023,50,0,0
Z3,3,8, 720,7024.0,0.05098,137779.521381,140480.0,1.0,2,19.724939,173328.583658,173328.583658,8461114.047232999,25549904.3188815,1012975.9218683,25840103.006417297,196728005.7229023,50,0,0
Z3,4,8, 720,7816.0,0.050946,153417.343854,156320.0,1.0,2,19.724939,176456.148153,176456.148153,8461114.047232999,25549904.3188815,1012975.9218683,25840103.006417297,196728005.7229023,50,0,0
Z3,5,8, 720,7936.0,0.051026,155528.55407,155600.0,1.0,2,19.724939,176878.390196,176878.390196,8461114.047232999,25549904.3188815,1012975.9218683,25840103.006417297,196728005.7229023,50,0,0
Z3,6,8, 720,6928.0,0.050989,135872.443076,138560.0,1.0,2,19.724939,172947.167997,172947.167997,8461114.047232999,25549904.3188815,1012975.9218683,25840103.006417297,196728005.7229023,50,0,0
Z3,7,8, 720,8048.0,0.050968,157902.99796,160960.0,1.0,2,19.724939,177353.278974,177353.278974,8461114.047232999,25549904.3188815,1012975.9218683,25840103.006417297,196728005.7229023,50,0,0
Z3,8,8, 720,7664.0,0.050969,150365.90869,153280.0,1.0,2,19.724939,175845.86112,175845.86112,8461114.047232999,25549904.3188815,1012975.9218683,25840103.006417297,196728005.7229023,50,0,0
Z3,9,8, 720,14248.0,0.050951,279641.223921,284960.0,1.0,2,19.724939,201700.924166,201700.924166,8461114.047232999,25549904.3188815,1012975.9218683,25840103.006417297,196728005.7229023,50,0,0
Z3,10,8, 720,19448.0,0.051047,380982.232061,381328.0,1.0,2,19.724939,221969.125794,221969.125794,8461114.047232999,25549904.3188815,1012975.9218683,25840103.006417297,196728005.7229023,50,0,0
Z3,11,8, 720,17344.0,0.050968,340291.947889,346880.0,1.0,2,19.724939,213831.068959,213831.068959,8461114.047232999,25549904.3188815,1012975.9218683,25840103.006417297,196728005.7229023,50,0,0
Z3,12,8, 720,11952.0,0.050999,234357.536422,239040.0,1.0,2,19.724939,192644.186666,192644.186666,8461114.047232999,25549904.3188815,1012975.9218683,25840103.006417297,196728005.7229023,50,0,0
Z3,13,8, 720,25224.0,0.050983,494753.153012,504480.0,1.0,2,19.724939,244723.309984,244723.309984,8461114.047232999,25549904.3188815,1012975.9218683,25840103.006417297,196728005.7229023,50,0,0
Z3,14,8, 720,35992.0,0.051058,704923.812135,705720.0,1.0,2,19.724939,286757.441809,286757.441809,8461114.047232999,25549904.3188815,1012975.9218683,25840103.006417297,196728005.7229023,50,0,0
Z3,15,8, 720,20016.0,0.051038,392178.376896,392464.0,1.0,2,19.724939,224208.354761,224208.354761,8461114.047232999,25549904.3188815,1012975.9218683,25840103.006417297,196728005.7229023,50,0,0
Z3,16,8, 720,36432.0,0.051108,712843.390467,714352.0,1.0,2,19.724939,288341.357475,288341.357475,8461114.047232999,25549904.3188815,1012975.9218683,25840103.006417297,196728005.7229023,50,0,0
Z3,17,8, 720,22472.0,0.050991,440705.22249,449440.0,1.0,2,19.724939,233913.72388,233913.72388,8461114.047232999,25549904.3188815,1012975.9218683,25840103.006417297,196728005.7229023,50,0,0
Z3,18,8, 720,21736.0,0.051012,426095.820591,426192.0,1.0,2,19.724939,230991.8435,230991.8435,8461114.047232999,25549904.3188815,1012975.9218683,25840103.006417297,196728005.7229023,50,0,0
Z3,19,8, 720,16848.0,0.05102,330223.441788,330352.0,1.0,2,19.724939,211817.367739,211817.367739,8461114.047232999,25549904.3188815,1012975.9218683,25840103.006417297,196728005.7229023,50,0,0
Z3,20,8, 720,47160.0,0.051142,922138.359861,924704.0,1.0,2,19.724939,330200.351354,330200.351354,8461114.047232999,25549904.3188815,1012975.9218683,25840103.006417297,196728005.7229023,50,0,0
Z3,21,8, 720,39472.0,0.05108,772748.629601,773960.0,1.0,2,19.724939,300322.405302,300322.405302,8461114.047232999,25549904.3188815,1012975.9218683,25840103.006417297,196728005.7229023,50,0,0
Z3,22,8, 720,26968.0,0.051066,528100.889046,528784.0,1.0,2,19.724939,251392.857191,251392.857191,8461114.047232999,25549904.3188815,1012975.9218683,25840103.006417297,196728005.7229023,50,0,0
Z3,23,8, 720,39776.0,0.05108,778700.078309,779920.0,1.0,2,19.724939,301512.695043,301512.695043,8461114.047232999,25549904.3188815,1012975.9218683,25840103.006417297,196728005.7229023,50,0,0
Z3,24,8, 720,34992.0,0.051028,685741.161715,686112.0,1.0,2,19.724939,282920.911725,282920.911725,8461114.047232999,25549904.3188815,1012975.9218683,25840103.006417297,196728005.7229023,50,0,0
Z3,25,8, 720,22464.0,0.051018,440315.182877,440464.0,1.0,2,19.724939,233835.715957,233835.715957,8461114.047232999,25549904.3188815,1012975.9218683,25840103.006417297,196728005.7229023,50,0,0
Z3,26,8, 720,43144.0,0.051123,843925.434736,845960.0,1.0,2,19.724939,314557.766329,314557.766329,8461114.047232999,25549904.3188815,1012975.9218683,25840103.006417297,196728005.7229023,50,0,0
Z3,27,8, 720,43672.0,0.05109,854805.245645,856312.0,1.0,2,19.724939,316733.728511,316733.728511,8461114.047232999,25549904.3188815,1012975.9218683,25840103.006417297,196728005.7229023,50,0,0
Z3,28,8, 720,18320.0,0.051006,359173.430577,359208.0,1.0,2,19.724939,217607.365497,217607.365497,8461114.047232999,25549904.3188815,1012975.9218683,25840103.006417297,196728005.7229023,50,0,0
Z3,29,8, 720,24560.0,0.05095,482041.216879,491200.0,1.0,2,19.724939,242180.922758,242180.922758,8461114.047232999,25549904.3188815,1012975.9218683,25840103.006417297,196728005.7229023,50,0,0
Z3,30,8, 720,19040.0,0.050881,374206.481791,380800.0,1.0,2,19.724939,220613.97574,220613.97574,8461114.047232999,25549904.3188815,1012975.9218683,25840103.006417297,196728005.7229023,50,0,0
Z3,31,8, 720,20160.0,0.05102,395139.161113,395288.0,1.0,2,19.724939,224800.511604,224800.511604,8461114.047232999,25549904.3188815,1012975.9218683,25840103.006417297,196728005.7229023,50,0,0
Z3,32,8, 720,16496.0,0.05098,323577.873676,329920.0,1.0,2,19.724939,210488.254117,210488.254117,8461114.047232999,25549904.3188815,1012975.9218683,25840103.006417297,196728005.7229023,50,0,0
Z3,33,8, 720,11624.0,0.050944,228172.110553,232480.0,1.0,2,19.724939,191407.101492,191407.101492,8461114.047232999,25549904.3188815,1012975.9218683,25840103.006417297,196728005.7229023,50,0,0
Z3,34,8, 720,21024.0,0.050934,412769.466368,420480.0,1.0,2,19.724939,228326.572655,228326.572655,8461114.047232999,25549904.3188815,1012975.9218683,25840103.006417297,196728005.7229023,50,0,0
Z3,35,8, 720,28496.0,0.050948,559315.380388,569920.0,1.0,2,19.724939,257635.755459,257635.755459,8461114.047232999,25549904.3188815,1012975.9218683,25840103.006417297,196728005.7229023,50,0,0
Z3,36,8, 720,12416.0,0.050932,243776.015079,248320.0,1.0,2,19.724939,194527.882398,194527.882398,8461114.047232999,25549904.3188815,1012975.9218683,25840103.006417297,196728005.7229023,50,0,0
Z3,37,8, 720,17312.0,0.050831,340579.567587,346240.0,1.0,2,19.724939,213888.592899,213888.592899,8461114.047232999,25549904.3188815,1012975.9218683,25840103.006417297,196728005.7229023,50,0,0
Z3,38,8, 720,14664.0,0.050937,287885.034454,293280.0,1.0,2,19.724939,203349.686273,203349.686273,8461114.047232999,25549904.3188815,1012975.9218683,25840103.006417297,196728005.7229023,50,0,0
Z1,0,9, 720,7696.0,0.171977,44750.170081,45000.0,1.0,2,22.545104,185314.720681,185314.720681,8461114.047232999,25549904.3188815,1012975.9218683,25840103.006417297,196728005.7229023,50,0,0
Z2,0,9, 720,6624.0,0.172493,38401.558324,38504.0,1.0,2,22.545104,184044.99833,184044.99833,8461114.047232999,25549904.3188815,1012975.9218683,25840103.006417297,196728005.7229023,50,0,0
Z2,1,9, 720,6776.0,0.05098,132914.868576,135520.0,1.0,2,22.545104,202947.66038,202947.66038,8461114.047232999,25549904.3188815,1012975.9218683,25840103.006417297,196728005.7229023,50,0,0
Z2,2,9, 720,7496.0,0.050954,147113.082388,149920.0,1.0,2,22.545104,205787.303143,205787.303143,8461114.047232999,25549904.3188815,1012975.9218683,25840103.006417297,196728005.7229023,50,0,0
Z2,3,9, 720,16056.0,0.05088,315566.037736,321120.0,1.0,2,22.545104,239477.894212,239477.894212,8461114.047232999,25549904.3188815,1012975.9218683,25840103.006417297,196728005.7229023,50,0,0
Z2,4,9, 720,24464.0,0.050959,480072.214918,489280.0,1.0,2,22.545104,272379.129649,272379.129649,8461114.047232999,25549904.3188815,1012975.9218683,25840103.006417297,196728005.7229023,50,0,0
Z2,5,9, 720,36648.0,0.051014,718391.029913,718584.0,1.0,2,22.545104,320042.892648,320042.892648,8461114.047232999,25549904.3188815,1012975.9218683,25840103.006417297,196728005.7229023,50,0,0
Z2,6,9, 720,11344.0,0.050921,222776.45765,226880.0,1.0,2,22.545104,220919.978195,220919.978195,8461114.047232999,25549904.3188815,1012975.9218683,25840103.006417297,196728005.7229023,50,0,0
Z2,7,9, 720,15808.0,0.05089,310630.772254,316160.0,1.0,2,22.545104,238490.841116,238490.841116,8461114.047232999,25549904.3188815,1012975.9218683,25840103.006417297,196728005.7229023,50,0,0
Z3,0,9, 720,6752.0,0.172658,39106.209964,39248.0,1.0,2,22.545104,184185.928658,184185.928658,8461114.047232999,25549904.3188815,1012975.9218683,25840103.006417297,196728005.7229023,50,0,0
Z3,1,9, 720,9824.0,0.050936,192869.483273,196480.0,1.0,2,22.545104,214938.58332,214938.58332,8461114.047232999,25549904.3188815,1012975.9218683,25840103.006417297,196728005.7229023,50,0,0
Z3,2,9, 720,8640.0,0.050913,169701.255082,172800.0,1.0,2,22.545104,210304.937682,210304.937682,8461114.047232999,25549904.3188815,1012975.9218683,25840103.006417297,196728005.7229023,50,0,0
Z3,3,9, 720,7248.0,0.050919,142343.722383,144960.0,1.0,2,22.545104,204833.431142,204833.431142,8461114.047232999,25549904.3188815,1012975.9218683,25840103.006417297,196728005.7229023,50,0,0
Z3,4,9, 720,8336.0,0.050951,163608.172558,166720.0,1.0,2,22.545104,209086.321177,209086.321177,8461114.047232999,25549904.3188815,1012975.9218683,25840103.006417297,196728005.7229023,50,0,0
Z3,5,9, 720,9640.0,0.050914,189338.885179,192800.0,1.0,2,22.545104,214232.463701,214232.463701,8461114.047232999,25549904.3188815,1012975.9218683,25840103.006417297,196728005.7229023,50,0,0
Z3,6,9, 720,10312.0,0.050888,202641.094168,206240.0,1.0,2,22.545104,216892.905499,216892.905499,8461114.047232999,25549904.3188815,1012975.9218683,25840103.006417297,196728005.7229023,50,0,0
Z3,7,9, 720,21208.0,0.050834,417201.085887,424160.0,1.0,2,22.545104,259804.903843,259804.903843,8461114.047232999,25549904.3188815,1012975.9218683,25840103.006417297,196728005.7229023,50,0,0
Z3,8,9, 720,8000.0,0.050753,157626.150178,160000.0,1.0,2,22.545104,207889.916701,207889.916701,8461114.047232999,25549904.3188815,1012975.9218683,25840103.006417297,196728005.7229023,50,0,0
Z3,9,9, 720,16880.0,0.051008,330928.481807,330976.0,1.0,2,22.545104,242550.383027,242550.383027,8461114.047232999,25549904.3188815,1012975.9218683,25840103.006417297,196728005.7229023,50,0,0
Z3,10,9, 720,23240.0,0.050984,455829.279774,464800.0,1.0,2,22.545104,267530.54262,267530.54262,8461114.047232999,25549904.3188815,1012975.9218683,25840103.006417297,196728005.7229023,50,0,0
Z3,11,9, 720,21680.0,0.050999,425106.374635,433600.0,1.0,2,22.545104,261385.961592,261385.961592,8461114.047232999,25549904.3188815,1012975.9218683,25840103.006417297,196728005.7229023,50,0,0
Z3,12,9, 720,16096.0,0.050955,315886.566578,321920.0,1.0,2,22.545104,239541.999981,239541.999981,8461114.047232999,25549904.3188815,1012975.9218683,25840103.006417297,196728005.7229023,50,0,0
Z3,13,9, 720,39872.0,0.051102,780243.434699,781800.0,1.0,2,22.545104,332413.373605,332413.373605,8461114.047232999,25549904.3188815,1012975.9218683,25840103.006417297,196728005.7229023,50,0,0
Z3,14,9, 720,46392.0,0.051069,908418.022675,909640.0,1.0,2,22.545104,358048.2912,358048.2912,8461114.047232999,25549904.3188815,1012975.9218683,25840103.006417297,196728005.7229023,50,0,0
Z3,15,9, 720,26168.0,0.050932,513783.083327,523360.0,1.0,2,22.545104,279121.303331,279121.303331,8461114.047232999,25549904.3188815,1012975.9218683,25840103.006417297,196728005.7229023,50,0,0
Z3,16,9, 720,48816.0,0.051098,955340.717836,957176.0,1.0,2,22.545104,367432.830233,367432.830233,8461114.047232999,25549904.3188815,1012975.9218683,25840103.006417297,196728005.7229023,50,0,0
Z3,17,9, 720,38664.0,0.051101,756619.244242,758112.0,1.0,2,22.545104,327688.535514,327688.535514,8461114.047232999,25549904.3188815,1012975.9218683,25840103.006417297,196728005.7229023,50,0,0
Z3,18,9, 720,26344.0,0.050993,516619.928225,526880.0,1.0,2,22.545104,279688.67231,279688.67231,8461114.047232999,25549904.3188815,1012975.9218683,25840103.006417297,196728005.7229023,50,0,0
Z3,19,9, 720,19912.0,0.050931,390960.318863,398240.0,1.0,2,22.545104,254556.750438,254556.750438,8461114.047232999,25549904.3188815,1012975.9218683,25840103.006417297,196728005.7229023,50,0,0
Z3,20,9, 720,61688.0,0.051156,1205880.053171,1209568.0,1.0,2,22.545104,417540.697299,417540.697299,8461114.047232999,25549904.3188815,1012975.9218683,25840103.006417297,196728005.7229023,50,0,0
Z3,21,9, 720,59200.0,0.051078,1159011.707584,1160784.0,1.0,2,22.545104,408167.028182,408167.028182,8461114.047232999,25549904.3188815,1012975.9218683,25840103.006417297,196728005.7229023,50,0,0
Z3,22,9, 720,41064.0,0.050966,805713.612997,821280.0,1.0,2,22.545104,337507.409265,337507.409265,8461114.047232999,25549904.3188815,1012975.9218683,25840103.006417297,196728005.7229023,50,0,0
Z3,23,9, 720,55576.0,0.051063,1088381.019525,1089720.0,1.0,2,22.545104,394040.89057,394040.89057,8461114.047232999,25549904.3188815,1012975.9218683,25840103.006417297,196728005.7229023,50,0,0
Z3,24,9, 720,50200.0,0.051037,983600.133237,984312.0,1.0,2,22.545104,373084.713313,373084.713313,8461114.047232999,25549904.3188815,1012975.9218683,25840103.006417297,196728005.7229023,50,0,0
Z3,25,9, 720,30056.0,0.05102,589102.312819,589328.0,1.0,2,22.545104,294185.149229,294185.149229,8461114.047232999,25549904.3188815,1012975.9218683,25840103.006417297,196728005.7229023,50,0,0
Z3,26,9, 720,59504.0,0.051117,1164074.574016,1166744.0,1.0,2,22.545104,409179.601469,409179.601469,8461114.047232999,25549904.3188815,1012975.9218683,25840103.006417297,196728005.7229023,50,0,0
Z3,27,9, 720,65232.0,0.051082,1277005.598841,1279056.0,1.0,2,22.545104,431765.806433,431765.806433,8461114.047232999,25549904.3188815,1012975.9218683,25840103.006417297,196728005.7229023,50,0,0
Z3,28,9, 720,23952.0,0.050955,470061.819252,479040.0,1.0,2,22.545104,270377.050516,270377.050516,8461114.047232999,25549904.3188815,1012975.9218683,25840103.006417297,196728005.7229023,50,0,0
Z3,29,9, 720,32816.0,0.050978,643728.667268,656320.0,1.0,2,22.545104,305110.420119,305110.420119,8461114.047232999,25549904.3188815,1012975.9218683,25840103.006417297,196728005.7229023,50,0,0
Z3,30,9, 720,8856.0,0.05083,174227.818218,177120.0,1.0,2,22.545104,211210.250309,211210.250309,8461114.047232999,25549904.3188815,1012975.9218683,25840103.006417297,196728005.7229023,50,0,0
Z3,31,9, 720,14088.0,0.050893,276816.065078,281760.0,1.0,2,22.545104,231727.899681,231727.899681,8461114.047232999,25549904.3188815,1012975.9218683,25840103.006417297,196728005.7229023,50,0,0
Z3,32,9, 720,15104.0,0.050857,296989.598285,302080.0,1.0,2,22.545104,235762.606322,235762.606322,8461114.047232999,25549904.3188815,1012975.9218683,25840103.006417297,196728005.7229023,50,0,0
Z3,33,9, 720,11784.0,0.050888,231567.363622,235680.0,1.0,2,22.545104,222678.15939,222678.15939,8461114.047232999,25549904.3188815,1012975.9218683,25840103.006417297,196728005.7229023,50,0,0
Z3,34,9, 720,18496.0,0.050857,363686.414849,369920.0,1.0,2,22.545104,249101.969635,249101.969635,8461114.047232999,25549904.3188815,1012975.9218683,25840103.006417297,196728005.7229023,50,0,0
Z3,35,9, 720,22376.0,0.05094,439261.876718,447520.0,1.0,2,22.545104,264217.062009,264217.062009,8461114.047232999,25549904.3188815,1012975.9218683,25840103.006417297,196728005.7229023,50,0,0
Z3,36,9, 720,8792.0,0.050883,172788.554134,175840.0,1.0,2,22.545104,210922.397492,210922.397492,8461114.047232999,25549904.3188815,1012975.9218683,25840103.006417297,196728005.7229023,50,0,0
Z3,37,9, 720,19464.0,0.050957,381969.111211,389280.0,1.0,2,22.545104,252758.508908,252758.508908,8461114.047232999,25549904.3188815,1012975.9218683,25840103.006417297,196728005.7229023,50,0,0
Z3,38,9, 720,20360.0,0.05098,399372.302864,407200.0,1.0,2,22.545104,256239.147238,256239.147238,8461114.047232999,25549904.3188815,1012975.9218683,25840103.006417297,196728005.7229023,50,0,0
Z1,0,10, 720,7480.0,0.17143,43632.969725,43736.0,1.0,2,25.362959,214480.000036,214480.000036,8461114.047232999,25549904.3188815,1012975.9218683,25840103.006417297,196728005.7229023,50,0,0
Z2,0,10, 720,6624.0,0.172196,38467.792516,38504.0,1.0,2,25.362959,213446.964594,213446.964594,8461114.047232999,25549904.3188815,1012975.9218683,25840103.006417297,196728005.7229023,50,0,0
Z2,1,10, 720,7008.0,0.050897,137689.844195,140160.0,1.0,2,25.362959,233291.37493,233291.37493,8461114.047232999,25549904.3188815,1012975.9218683,25840103.006417297,196728005.7229023,50,0,0
Z2,2,10, 720,7832.0,0.050836,154064.049099,156640.0,1.0,2,25.362959,236566.215911,236566.215911,8461114.047232999,25549904.3188815,1012975.9218683,25840103.006417297,196728005.7229023,50,0,0
Z2,3,10, 720,29728.0,0.051085,581932.073994,582896.0,1.0,2,25.362959,322139.82089,322139.82089,8461114.047232999,25549904.3188815,1012975.9218683,25840103.006417297,196728005.7229023,50,0,0
Z2,4,10, 720,35840.0,0.051048,702084.312804,702744.0,1.0,2,25.362959,346170.268652,346170.268652,8461114.047232999,25549904.3188815,1012975.9218683,25840103.006417297,196728005.7229023,50,0,0
Z2,5,10, 720,43888.0,0.051058,859571.467743,860544.0,1.0,2,25.362959,377667.69964,377667.69964,8461114.047232999,25549904.3188815,1012975.9218683,25840103.006417297,196728005.7229023,50,0,0
Z2,6,10, 720,17936.0,0.050873,352564.228569,358720.0,1.0,2,25.362959,276266.251805,276266.251805,8461114.047232999,25549904.3188815,1012975.9218683,25840103.006417297,196728005.7229023,50,0,0
Z2,7,10, 720,24920.0,0.050862,489953.206716,498400.0,1.0,2,25.362959,303744.047434,303744.047434,8461114.047232999,25549904.3188815,1012975.9218683,25840103.006417297,196728005.7229023,50,0,0
Z3,0,10, 720,6840.0,0.173803,39354.901814,39536.0,1.0,2,25.362959,213624.386454,213624.386454,8461114.047232999,25549904.3188815,1012975.9218683,25840103.006417297,196728005.7229023,50,0,0
Z3,1,10, 720,22064.0,0.050982,432780.196932,441280.0,1.0,2,25.362959,292309.445478,292309.445478,8461114.047232999,25549904.3188815,1012975.9218683,25840103.006417297,196728005.7229023,50,0,0
Z3,2,10, 720,15312.0,0.051005,300205.86217,300232.0,1.0,2,25.362959,265794.578525,265794.578525,8461114.047232999,25549904.3188815,1012975.9218683,25840103.006417297,196728005.7229023,50,0,0
Z3,3,10, 720,7752.0,0.05094,152179.034158,155040.0,1.0,2,25.362959,236189.212923,236189.212923,8461114.047232999,25549904.3188815,1012975.9218683,25840103.006417297,196728005.7229023,50,0,0
Z3,4,10, 720,11432.0,0.050964,224315.202888,228640.0,1.0,2,25.362959,250616.446669,250616.446669,8461114.047232999,25549904.3188815,1012975.9218683,25840103.006417297,196728005.7229023,50,0,0
Z3,5,10, 720,17232.0,0.050976,338041.431262,344640.0,1.0,2,25.362959,273361.692343,273361.692343,8461114.047232999,25549904.3188815,1012975.9218683,25840103.006417297,196728005.7229023,50,0,0
Z3,6,10, 720,23328.0,0.051018,457250.382218,457408.0,1.0,2,25.362959,297203.482535,297203.482535,8461114.047232999,25549904.3188815,1012975.9218683,25840103.006417297,196728005.7229023,50,0,0
Z3,7,10, 720,18496.0,0.050976,362837.413685,369920.0,1.0,2,25.362959,278320.888828,278320.888828,8461114.047232999,25549904.3188815,1012975.9218683,25840103.006417297,196728005.7229023,50,0,0
Z3,8,10, 720,7968.0,0.050898,156548.390899,159360.0,1.0,2,25.362959,237063.084271,237063.084271,8461114.047232999,25549904.3188815,1012975.9218683,25840103.006417297,196728005.7229023,50,0,0
Z3,9,10, 720,19568.0,0.050985,383799.156615,391360.0,1.0,2,25.362959,282513.237414,282513.237414,8461114.047232999,25549904.3188815,1012975.9218683,25840103.006417297,196728005.7229023,50,0,0
Z3,10,10, 720,36064.0,0.051094,705836.301718,707136.0,1.0,2,25.362959,346920.666435,346920.666435,8461114.047232999,25549904.3188815,1012975.9218683,25840103.006417297,196728005.7229023,50,0,0
Z3,11,10, 720,29248.0,0.051044,572995.84672,573488.0,1.0,2,25.362959,320352.575435,320352.575435,8461114.047232999,25549904.3188815,1012975.9218683,25840103.006417297,196728005.7229023,50,0,0
Z3,12,10, 720,24216.0,0.051003,474795.600259,474816.0,1.0,2,25.362959,300712.526143,300712.526143,8461114.047232999,25549904.3188815,1012975.9218683,25840103.006417297,196728005.7229023,50,0,0
Z3,13,10, 720,54424.0,0.051099,1065069.766532,1067136.0,1.0,2,25.362959,418767.359397,418767.359397,8461114.047232999,25549904.3188815,1012975.9218683,25840103.006417297,196728005.7229023,50,0,0
Z3,14,10, 720,56832.0,0.051122,1111693.595712,1114352.0,1.0,2,25.362959,428092.125234,428092.125234,8461114.047232999,25549904.3188815,1012975.9218683,25840103.006417297,196728005.7229023,50,0,0
Z3,15,10, 720,29576.0,0.051027,579614.713779,579920.0,1.0,2,25.362959,321676.348847,321676.348847,8461114.047232999,25549904.3188815,1012975.9218683,25840103.006417297,196728005.7229023,50,0,0
Z3,16,10, 720,52328.0,0.051158,1022870.323312,1026032.0,1.0,2,25.362959,410327.470753,410327.470753,8461114.047232999,25549904.3188815,1012975.9218683,25840103.006417297,196728005.7229023,50,0,0
Z3,17,10, 720,52840.0,0.051222,1031587.989536,1036072.0,1.0,2,25.362959,412071.003998,412071.003998,8461114.047232999,25549904.3188815,1012975.9218683,25840103.006417297,196728005.7229023,50,0,0
Z3,18,10, 720,35136.0,0.051135,687122.323262,688936.0,1.0,2,25.362959,343177.870743,343177.870743,8461114.047232999,25549904.3188815,1012975.9218683,25840103.006417297,196728005.7229023,50,0,0
Z3,19,10, 720,23160.0,0.051034,453815.103656,454112.0,1.0,2,25.362959,296516.426822,296516.426822,8461114.047232999,25549904.3188815,1012975.9218683,25840103.006417297,196728005.7229023,50,0,0
Z3,20,10, 720,77048.0,0.051292,1502144.583951,1510744.0,1.0,2,25.362959,506182.322881,506182.322881,8461114.047232999,25549904.3188815,1012975.9218683,25840103.006417297,196728005.7229023,50,0,0
Z3,21,10, 720,68968.0,0.051275,1345060.94588,1352312.0,1.0,2,25.362959,474765.595267,474765.595267,8461114.047232999,25549904.3188815,1012975.9218683,25840103.006417297,196728005.7229023,50,0,0
Z3,22,10, 720,52224.0,0.05121,1019800.820152,1024000.0,1.0,2,25.362959,409713.570122,409713.570122,8461114.047232999,25549904.3188815,1012975.9218683,25840103.006417297,196728005.7229023,50,0,0
Z3,23,10, 720,76384.0,0.051292,1489199.095375,1497720.0,1.0,2,25.362959,503593.225166,503593.225166,8461114.047232999,25549904.3188815,1012975.9218683,25840103.006417297,196728005.7229023,50,0,0
Z3,24,10, 720,57512.0,0.051263,1121900.786142,1127680.0,1.0,2,25.362959,430133.563319,430133.563319,8461114.047232999,25549904.3188815,1012975.9218683,25840103.006417297,196728005.7229023,50,0,0
Z3,25,10, 720,35600.0,0.051129,696278.041816,698032.0,1.0,2,25.362959,345009.014454,345009.014454,8461114.047232999,25549904.3188815,1012975.9218683,25840103.006417297,196728005.7229023,50,0,0
Z3,26,10, 720,72816.0,0.051269,1420273.459595,1427760.0,1.0,2,25.362959,489808.09801,489808.09801,8461114.047232999,25549904.3188815,1012975.9218683,25840103.006417297,196728005.7229023,50,0,0
Z3,27,10, 720,93600.0,0.051395,1821188.831598,1835288.0,1.0,2,25.362959,569991.172411,569991.172411,8461114.047232999,25549904.3188815,1012975.9218683,25840103.006417297,196728005.7229023,50,0,0
Z3,28,10, 720,23040.0,0.051084,451021.846371,451760.0,1.0,2,25.362959,295957.775365,295957.775365,8461114.047232999,25549904.3188815,1012975.9218683,25840103.006417297,196728005.7229023,50,0,0
Z3,29,10, 720,35840.0,0.051139,700834.979174,702744.0,1.0,2,25.362959,345920.401926,345920.401926,8461114.047232999,25549904.3188815,1012975.9218683,25840103.006417297,196728005.7229023,50,0,0
Z3,30,10, 720,13072.0,0.051033,256147.982678,256312.0,1.0,2,25.362959,256983.002627,256983.002627,8461114.047232999,25549904.3188815,1012975.9218683,25840103.006417297,196728005.7229023,50,0,0
Z3,31,10, 720,20608.0,0.051015,403959.61972,404072.0,1.0,2,25.362959,286545.330035,286545.330035,8461114.047232999,25549904.3188815,1012975.9218683,25840103.006417297,196728005.7229023,50,0,0
Z3,32,10, 720,22584.0,0.05107,442216.565498,442816.0,1.0,2,25.362959,294196.719191,294196.719191,8461114.047232999,25549904.3188815,1012975.9218683,25840103.006417297,196728005.7229023,50,0,0
Z3,33,10, 720,14712.0,0.05108,288018.794049,288464.0,1.0,2,25.362959,263357.164901,263357.164901,8461114.047232999,25549904.3188815,1012975.9218683,25840103.006417297,196728005.7229023,50,0,0
Z3,34,10, 720,20512.0,0.051083,401542.587554,402192.0,1.0,2,25.362959,286061.923602,286061.923602,8461114.047232999,25549904.3188815,1012975.9218683,25840103.006417297,196728005.7229023,50,0,0
Z3,35,10, 720,17992.0,0.051009,352722.068655,352784.0,1.0,2,25.362959,276297.819822,276297.819822,8461114.047232999,25549904.3188815,1012975.9218683,25840103.006417297,196728005.7229023,50,0,0
Z3,36,10, 720,11464.0,0.051114,224282.97531,224784.0,1.0,2,25.362959,250610.001153,250610.001153,8461114.047232999,25549904.3188815,1012975.9218683,25840103.006417297,196728005.7229023,50,0,0
Z3,37,10, 720,22376.0,0.051103,437860.790952,438744.0,1.0,2,25.362959,293325.564281,293325.564281,8461114.047232999,25549904.3188815,1012975.9218683,25840103.006417297,196728005.7229023,50,0,0
Z3,38,10, 720,29088.0,0.051133,568869.418966,570352.0,1.0,2,25.362959,319527.289884,319527.289884,8461114.047232999,25549904.3188815,1012975.9218683,25840103.006417297,196728005.7229023,50,0,0
Z1,0,11, 720,36680.0,0.171536,213832.664863,214496.0,1.0,2,28.185588,327830.446091,327830.446091,8461114.047232999,25549904.3188815,1012975.9218683,25840103.006417297,196728005.7229023,50,0,0
Z2,0,11, 720,6624.0,0.17152,38619.402985,38736.0,1.0,2,28.185588,292787.793715,292787.793715,8461114.047232999,25549904.3188815,1012975.9218683,25840103.006417297,196728005.7229023,50,0,0
Z2,1,11, 720,8224.0,0.050814,161845.160782,164480.0,1.0,2,28.185588,317432.945274,317432.945274,8461114.047232999,25549904.3188815,1012975.9218683,25840103.006417297,196728005.7229023,50,0,0
Z2,2,11, 720,8720.0,0.050877,171393.753563,174400.0,1.0,2,28.185588,319342.663831,319342.663831,8461114.047232999,25549904.3188815,1012975.9218683,25840103.006417297,196728005.7229023,50,0,0
Z2,3,11, 720,10080.0,0.05095,197841.020608,201600.0,1.0,2,28.185588,324632.11724,324632.11724,8461114.047232999,25549904.3188815,1012975.9218683,25840103.006417297,196728005.7229023,50,0,0
Z2,4,11, 720,36112.0,0.050993,708175.631949,722240.0,1.0,2,28.185588,426699.039508,426699.039508,8461114.047232999,25549904.3188815,1012975.9218683,25840103.006417297,196728005.7229023,50,0,0
Z2,5,11, 720,39392.0,0.051099,770895.712245,772392.0,1.0,2,28.185588,439243.055567,439243.055567,8461114.047232999,25549904.3188815,1012975.9218683,25840103.006417297,196728005.7229023,50,0,0
Z2,6,11, 720,43216.0,0.051053,846492.860361,847368.0,1.0,2,28.185588,454362.48519,454362.48519,8461114.047232999,25549904.3188815,1012975.9218683,25840103.006417297,196728005.7229023,50,0,0
Z2,7,11, 720,41864.0,0.051016,820605.300298,820856.0,1.0,2,28.185588,449184.973178,449184.973178,8461114.047232999,25549904.3188815,1012975.9218683,25840103.006417297,196728005.7229023,50,0,0
Z3,0,11, 720,11320.0,0.173037,65419.53455,65432.0,1.0,2,28.185588,298147.820028,298147.820028,8461114.047232999,25549904.3188815,1012975.9218683,25840103.006417297,196728005.7229023,50,0,0
Z3,1,11, 720,16208.0,0.050996,317828.849322,324160.0,1.0,2,28.185588,348629.682982,348629.682982,8461114.047232999,25549904.3188815,1012975.9218683,25840103.006417297,196728005.7229023,50,0,0
Z3,2,11, 720,12920.0,0.050929,253686.504742,258400.0,1.0,2,28.185588,335801.214066,335801.214066,8461114.047232999,25549904.3188815,1012975.9218683,25840103.006417297,196728005.7229023,50,0,0
Z3,3,11, 720,8968.0,0.050786,176584.09798,179360.0,1.0,2,28.185588,320380.732714,320380.732714,8461114.047232999,25549904.3188815,1012975.9218683,25840103.006417297,196728005.7229023,50,0,0
Z3,4,11, 720,12016.0,0.05094,235885.35532,240320.0,1.0,2,28.185588,332240.984182,332240.984182,8461114.047232999,25549904.3188815,1012975.9218683,25840103.006417297,196728005.7229023,50,0,0
Z3,5,11, 720,21880.0,0.050922,429676.760536,437600.0,1.0,2,28.185588,370999.265225,370999.265225,8461114.047232999,25549904.3188815,1012975.9218683,25840103.006417297,196728005.7229023,50,0,0
Z3,6,11, 720,13408.0,0.050912,263356.379635,268160.0,1.0,2,28.185588,337735.189045,337735.189045,8461114.047232999,25549904.3188815,1012975.9218683,25840103.006417297,196728005.7229023,50,0,0
Z3,7,11, 720,14528.0,0.050885,285506.534342,290560.0,1.0,2,28.185588,342165.219986,342165.219986,8461114.047232999,25549904.3188815,1012975.9218683,25840103.006417297,196728005.7229023,50,0,0
Z3,8,11, 720,15928.0,0.050951,312614.080195,318560.0,1.0,2,28.185588,347586.729157,347586.729157,8461114.047232999,25549904.3188815,1012975.9218683,25840103.006417297,196728005.7229023,50,0,0
Z3,9,11, 720,23504.0,0.051038,460519.612837,460856.0,1.0,2,28.185588,377167.835686,377167.835686,8461114.047232999,25549904.3188815,1012975.9218683,25840103.006417297,196728005.7229023,50,0,0
Z3,10,11, 720,50640.0,0.051162,989797.115046,992936.0,1.0,2,28.185588,483023.336127,483023.336127,8461114.047232999,25549904.3188815,1012975.9218683,25840103.006417297,196728005.7229023,50,0,0
Z3,11,11, 720,47296.0,0.051124,925123.229794,927368.0,1.0,2,28.185588,470088.559077,470088.559077,8461114.047232999,25549904.3188815,1012975.9218683,25840103.006417297,196728005.7229023,50,0,0
Z3,12,11, 720,34344.0,0.051073,672449.239324,673408.0,1.0,2,28.185588,419553.760983,419553.760983,8461114.047232999,25549904.3188815,1012975.9218683,25840103.006417297,196728005.7229023,50,0,0
Z3,13,11, 720,73648.0,0.051292,1435857.443656,1444072.0,1.0,2,28.185588,572235.401849,572235.401849,8461114.047232999,25549904.3188815,1012975.9218683,25840103.006417297,196728005.7229023,50,0,0
Z3,14,11, 720,59920.0,0.051234,1169535.855096,1174896.0,1.0,2,28.185588,518971.084137,518971.084137,8461114.047232999,25549904.3188815,1012975.9218683,25840103.006417297,196728005.7229023,50,0,0
Z3,15,11, 720,40664.0,0.051082,796053.40433,797328.0,1.0,2,28.185588,444274.593984,444274.593984,8461114.047232999,25549904.3188815,1012975.9218683,25840103.006417297,196728005.7229023,50,0,0
Z3,16,11, 720,56880.0,0.051143,1112175.664314,1115288.0,1.0,2,28.185588,507499.045981,507499.045981,8461114.047232999,25549904.3188815,1012975.9218683,25840103.006417297,196728005.7229023,50,0,0
Z3,17,11, 720,57216.0,0.051165,1118264.438581,1121880.0,1.0,2,28.185588,508716.800834,508716.800834,8461114.047232999,25549904.3188815,1012975.9218683,25840103.006417297,196728005.7229023,50,0,0
Z3,18,11, 720,28160.0,0.051016,551983.691391,552152.0,1.0,2,28.185588,395460.651396,395460.651396,8461114.047232999,25549904.3188815,1012975.9218683,25840103.006417297,196728005.7229023,50,0,0
Z3,19,11, 720,76696.0,0.051422,1491501.691883,1503840.0,1.0,2,28.185588,583364.251495,583364.251495,8461114.047232999,25549904.3188815,1012975.9218683,25840103.006417297,196728005.7229023,50,0,0
Z3,20,11, 720,80520.0,0.051316,1569101.254969,1578816.0,1.0,2,28.185588,598884.164112,598884.164112,8461114.047232999,25549904.3188815,1012975.9218683,25840103.006417297,196728005.7229023,50,0,0
Z3,21,11, 720,66560.0,0.051185,1300380.970988,1305096.0,1.0,2,28.185588,545140.107316,545140.107316,8461114.047232999,25549904.3188815,1012975.9218683,25840103.006417297,196728005.7229023,50,0,0
Z3,22,11, 720,77808.0,0.051329,1515868.222642,1525640.0,1.0,2,28.185588,588237.557646,588237.557646,8461114.047232999,25549904.3188815,1012975.9218683,25840103.006417297,196728005.7229023,50,0,0
Z3,23,11, 720,55056.0,0.051175,1075837.811431,1079528.0,1.0,2,28.185588,500231.475404,500231.475404,8461114.047232999,25549904.3188815,1012975.9218683,25840103.006417297,196728005.7229023,50,0,0
Z3,24,11, 720,36552.0,0.051099,715317.325192,716704.0,1.0,2,28.185588,428127.378156,428127.378156,8461114.047232999,25549904.3188815,1012975.9218683,25840103.006417297,196728005.7229023,50,0,0
Z3,25,11, 720,100304.0,0.051535,1946327.73843,1966744.0,1.0,2,28.185588,674329.460804,674329.460804,8461114.047232999,25549904.3188815,1012975.9218683,25840103.006417297,196728005.7229023,50,0,0
Z3,26,11, 720,133264.0,0.051562,2584539.00159,2613016.0,1.0,2,28.185588,801971.713436,801971.713436,8461114.047232999,25549904.3188815,1012975.9218683,25840103.006417297,196728005.7229023,50,0,0
Z3,27,11, 720,50760.0,0.051102,993307.502642,995288.0,1.0,2,28.185588,483725.413646,483725.413646,8461114.047232999,25549904.3188815,1012975.9218683,25840103.006417297,196728005.7229023,50,0,0
Z3,28,11, 720,14528.0,0.05098,284974.499804,290560.0,1.0,2,28.185588,342058.813079,342058.813079,8461114.047232999,25549904.3188815,1012975.9218683,25840103.006417297,196728005.7229023,50,0,0
Z3,29,11, 720,24392.0,0.051173,476657.612413,478272.0,1.0,2,28.185588,380395.435601,380395.435601,8461114.047232999,25549904.3188815,1012975.9218683,25840103.006417297,196728005.7229023,50,0,0
Z3,30,11, 720,22216.0,0.051036,435300.572145,435600.0,1.0,2,28.185588,372124.027547,372124.027547,8461114.047232999,25549904.3188815,1012975.9218683,25840103.006417297,196728005.7229023,50,0,0
Z3,31,11, 720,14368.0,0.050934,282090.548553,287360.0,1.0,2,28.185588,341482.022829,341482.022829,8461114.047232999,25549904.3188815,1012975.9218683,25840103.006417297,196728005.7229023,50,0,0
Z3,32,11, 720,21288.0,0.051013,417305.392743,417408.0,1.0,2,28.185588,368524.991667,368524.991667,8461114.047232999,25549904.3188815,1012975.9218683,25840103.006417297,196728005.7229023,50,0,0
Z3,33,11, 720,18544.0,0.051041,363315.765757,363600.0,1.0,2,28.185588,357727.066269,357727.066269,8461114.047232999,25549904.3188815,1012975.9218683,25840103.006417297,196728005.7229023,50,0,0
Z3,34,11, 720,12272.0,0.051,240627.45098,240624.0,1.0,2,28.185588,333189.403314,333189.403314,8461114.047232999,25549904.3188815,1012975.9218683,25840103.006417297,196728005.7229023,50,0,0
Z3,35,11, 720,21736.0,0.051045,425820.354589,426192.0,1.0,2,28.185588,370227.984036,370227.984036,8461114.047232999,25549904.3188815,1012975.9218683,25840103.006417297,196728005.7229023,50,0,0
Z3,36,11, 720,22688.0,0.050986,444984.897815,453760.0,1.0,2,28.185588,374060.892681,374060.892681,8461114.047232999,25549904.3188815,1012975.9218683,25840103.006417297,196728005.7229023,50,0,0
Z3,37,11, 720,17768.0,0.051044,348091.842332,348392.0,1.0,2,28.185588,354682.281584,354682.281584,8461114.047232999,25549904.3188815,1012975.9218683,25840103.006417297,196728005.7229023,50,0,0
Z3,38,11, 720,33352.0,0.051226,651075.625659,653960.0,1.0,2,28.185588,415279.03825,415279.03825,8461114.047232999,25549904.3188815,1012975.9218683,25840103.006417297,196728005.7229023,50,0,0
Z1,0,12, 4K,11144.0,0.17267,64539.294608,64784.0,1.0,2,31.007809,394348.33531,394348.33531,8461114.047232999,25549904.3188815,1012975.9218683,25840103.006417297,196728005.7229023,50,0,0
Z2,0,12, 1080,6624.0,0.172907,38309.611525,38504.0,1.0,2,31.007809,389102.398694,389102.398694,8461114.047232999,25549904.3188815,1012975.9218683,25840103.006417297,196728005.7229023,50,0,0
Z2,1,12, 1080,8352.0,0.050868,164189.667374,167040.0,1.0,2,31.007809,414278.409864,414278.409864,8461114.047232999,25549904.3188815,1012975.9218683,25840103.006417297,196728005.7229023,50,0,0
Z2,2,12, 1080,8680.0,0.050892,170557.258508,173600.0,1.0,2,31.007809,415551.92809,415551.92809,8461114.047232999,25549904.3188815,1012975.9218683,25840103.006417297,196728005.7229023,50,0,0
Z2,3,12, 1080,33456.0,0.05114,654204.145483,656000.0,1.0,2,31.007809,512281.305485,512281.305485,8461114.047232999,25549904.3188815,1012975.9218683,25840103.006417297,196728005.7229023,50,0,0
Z2,4,12, 1080,13120.0,0.051039,257058.327945,257248.0,1.0,2,31.007809,432852.141978,432852.141978,8461114.047232999,25549904.3188815,1012975.9218683,25840103.006417297,196728005.7229023,50,0,0
Z2,5,12, 1080,110384.0,0.101889,1083375.045393,1092904.0,1.0,2,31.007809,598115.485467,598115.485467,8461114.047232999,25549904.3188815,1012975.9218683,25840103.006417297,196728005.7229023,50,0,0
Z2,6,12, 1080,52208.0,0.051121,1021263.277322,1023680.0,1.0,2,31.007809,585693.131853,585693.131853,8461114.047232999,25549904.3188815,1012975.9218683,25840103.006417297,196728005.7229023,50,0,0
Z2,7,12, 1080,36216.0,0.051066,709199.859006,710112.0,1.0,2,31.007809,523280.44819,523280.44819,8461114.047232999,25549904.3188815,1012975.9218683,25840103.006417297,196728005.7229023,50,0,0
Z3,0,12, 720,7896.0,0.172634,45738.382937,45904.0,1.0,2,31.007809,390588.152976,390588.152976,8461114.047232999,25549904.3188815,1012975.9218683,25840103.006417297,196728005.7229023,50,0,0
Z3,1,12, 720,10520.0,0.050866,206817.913734,210400.0,1.0,2,31.007809,422804.059135,422804.059135,8461114.047232999,25549904.3188815,1012975.9218683,25840103.006417297,196728005.7229023,50,0,0
Z3,2,12, 720,20088.0,0.050946,394299.846897,401760.0,1.0,2,31.007809,460300.445768,460300.445768,8461114.047232999,25549904.3188815,1012975.9218683,25840103.006417297,196728005.7229023,50,0,0
Z3,3,12, 720,10320.0,0.050952,202543.570419,206400.0,1.0,2,31.007809,421949.190472,421949.190472,8461114.047232999,25549904.3188815,1012975.9218683,25840103.006417297,196728005.7229023,50,0,0
Z3,4,12, 720,12664.0,0.0509,248801.571709,253280.0,1.0,2,31.007809,431200.79073,431200.79073,8461114.047232999,25549904.3188815,1012975.9218683,25840103.006417297,196728005.7229023,50,0,0
Z3,5,12, 720,15440.0,0.050839,303703.849407,308800.0,1.0,2,31.007809,442181.24627,442181.24627,8461114.047232999,25549904.3188815,1012975.9218683,25840103.006417297,196728005.7229023,50,0,0
Z3,6,12, 720,7712.0,0.050903,151503.840638,154240.0,1.0,2,31.007809,411741.244516,411741.244516,8461114.047232999,25549904.3188815,1012975.9218683,25840103.006417297,196728005.7229023,50,0,0
Z3,7,12, 720,10120.0,0.050898,198829.03061,202400.0,1.0,2,31.007809,421206.282511,421206.282511,8461114.047232999,25549904.3188815,1012975.9218683,25840103.006417297,196728005.7229023,50,0,0
Z3,8,12, 720,7576.0,0.05083,149045.839071,151520.0,1.0,2,31.007809,411249.644203,411249.644203,8461114.047232999,25549904.3188815,1012975.9218683,25840103.006417297,196728005.7229023,50,0,0
Z3,9,12, 720,24720.0,0.050999,484715.386576,494400.0,1.0,2,31.007809,478383.553704,478383.553704,8461114.047232999,25549904.3188815,1012975.9218683,25840103.006417297,196728005.7229023,50,0,0
Z3,10,12, 720,60536.0,0.051167,1183106.298982,1186976.0,1.0,2,31.007809,618061.736185,618061.736185,8461114.047232999,25549904.3188815,1012975.9218683,25840103.006417297,196728005.7229023,50,0,0
Z3,11,12, 720,65616.0,0.051182,1282013.207768,1286584.0,1.0,2,31.007809,637843.117942,637843.117942,8461114.047232999,25549904.3188815,1012975.9218683,25840103.006417297,196728005.7229023,50,0,0
Z3,12,12, 720,38936.0,0.051096,762016.596211,763448.0,1.0,2,31.007809,533843.795631,533843.795631,8461114.047232999,25549904.3188815,1012975.9218683,25840103.006417297,196728005.7229023,50,0,0
Z3,13,12, 720,87896.0,0.05127,1714374.878096,1723448.0,1.0,2,31.007809,724315.452008,724315.452008,8461114.047232999,25549904.3188815,1012975.9218683,25840103.006417297,196728005.7229023,50,0,0
Z3,14,12, 720,78296.0,0.051212,1528860.423338,1535208.0,1.0,2,31.007809,687212.561056,687212.561056,8461114.047232999,25549904.3188815,1012975.9218683,25840103.006417297,196728005.7229023,50,0,0
Z3,15,12, 720,45720.0,0.051093,894838.823322,896464.0,1.0,2,31.007809,560408.241053,560408.241053,8461114.047232999,25549904.3188815,1012975.9218683,25840103.006417297,196728005.7229023,50,0,0
Z3,16,12, 720,82616.0,0.05127,1611390.676809,1619920.0,1.0,2,31.007809,703718.61175,703718.61175,8461114.047232999,25549904.3188815,1012975.9218683,25840103.006417297,196728005.7229023,50,0,0
Z3,17,12, 720,109704.0,0.051314,2137896.090735,2151056.0,1.0,2,31.007809,809019.694536,809019.694536,8461114.047232999,25549904.3188815,1012975.9218683,25840103.006417297,196728005.7229023,50,0,0
Z3,18,12, 720,36544.0,0.051156,714363.906482,716544.0,1.0,2,31.007809,524313.257685,524313.257685,8461114.047232999,25549904.3188815,1012975.9218683,25840103.006417297,196728005.7229023,50,0,0
Z3,19,12, 720,28840.0,0.051159,563732.676557,565488.0,1.0,2,31.007809,494187.0117,494187.0117,8461114.047232999,25549904.3188815,1012975.9218683,25840103.006417297,196728005.7229023,50,0,0
Z3,20,12, 720,75104.0,0.051284,1464472.350051,1472624.0,1.0,2,31.007809,674334.946399,674334.946399,8461114.047232999,25549904.3188815,1012975.9218683,25840103.006417297,196728005.7229023,50,0,0
Z3,21,12, 720,96504.0,0.051613,1869761.494197,1892232.0,1.0,2,31.007809,755392.775228,755392.775228,8461114.047232999,25549904.3188815,1012975.9218683,25840103.006417297,196728005.7229023,50,0,0
Z3,22,12, 720,42960.0,0.051107,840589.351752,842352.0,1.0,2,31.007809,549558.346739,549558.346739,8461114.047232999,25549904.3188815,1012975.9218683,25840103.006417297,196728005.7229023,50,0,0
Z3,23,12, 720,68064.0,0.051206,1329219.232121,1334584.0,1.0,2,31.007809,647284.322813,647284.322813,8461114.047232999,25549904.3188815,1012975.9218683,25840103.006417297,196728005.7229023,50,0,0
Z3,24,12, 720,50352.0,0.051207,983303.064034,987288.0,1.0,2,31.007809,578101.089195,578101.089195,8461114.047232999,25549904.3188815,1012975.9218683,25840103.006417297,196728005.7229023,50,0,0
Z3,25,12, 720,31856.0,0.051094,623478.294907,624624.0,1.0,2,31.007809,506136.13537,506136.13537,8461114.047232999,25549904.3188815,1012975.9218683,25840103.006417297,196728005.7229023,50,0,0
Z3,26,12, 720,130312.0,0.051498,2530428.36615,2555136.0,1.0,2,31.007809,887526.149619,887526.149619,8461114.047232999,25549904.3188815,1012975.9218683,25840103.006417297,196728005.7229023,50,0,0
Z3,27,12, 720,138080.0,0.051809,2665174.004517,2707448.0,1.0,2,31.007809,914475.277292,914475.277292,8461114.047232999,25549904.3188815,1012975.9218683,25840103.006417297,196728005.7229023,50,0,0
Z3,28,12, 720,62000.0,0.051216,1210559.20025,1215680.0,1.0,2,31.007809,623552.316439,623552.316439,8461114.047232999,25549904.3188815,1012975.9218683,25840103.006417297,196728005.7229023,50,0,0
Z3,29,12, 720,77544.0,0.051321,1510960.425557,1520464.0,1.0,2,31.007809,683632.5615,683632.5615,8461114.047232999,25549904.3188815,1012975.9218683,25840103.006417297,196728005.7229023,50,0,0
Z3,30,12, 720,14080.0,0.051045,275835.047507,276072.0,1.0,2,31.007809,436607.48589,436607.48589,8461114.047232999,25549904.3188815,1012975.9218683,25840103.006417297,196728005.7229023,50,0,0
Z3,31,12, 720,21056.0,0.050989,412951.813136,421120.0,1.0,2,31.007809,464030.839016,464030.839016,8461114.047232999,25549904.3188815,1012975.9218683,25840103.006417297,196728005.7229023,50,0,0
Z3,32,12, 720,21064.0,0.051128,411985.604757,413016.0,1.0,2,31.007809,463837.59734,463837.59734,8461114.047232999,25549904.3188815,1012975.9218683,25840103.006417297,196728005.7229023,50,0,0
Z3,33,12, 720,16432.0,0.051076,321716.65753,322192.0,1.0,2,31.007809,445783.807895,445783.807895,8461114.047232999,25549904.3188815,1012975.9218683,25840103.006417297,196728005.7229023,50,0,0
Z3,34,12, 720,26024.0,0.051111,509166.324275,510272.0,1.0,2,31.007809,483273.741244,483273.741244,8461114.047232999,25549904.3188815,1012975.9218683,25840103.006417297,196728005.7229023,50,0,0
Z3,35,12, 720,25696.0,0.051098,502876.824925,503840.0,1.0,2,31.007809,482015.841374,482015.841374,8461114.047232999,25549904.3188815,1012975.9218683,25840103.006417297,196728005.7229023,50,0,0
Z3,36,12, 720,13400.0,0.051007,262709.039936,262744.0,1.0,2,31.007809,433982.284376,433982.284376,8461114.047232999,25549904.3188815,1012975.9218683,25840103.006417297,196728005.7229023,50,0,0
Z3,37,12, 720,31112.0,0.051115,608666.731879,610032.0,1.0,2,31.007809,503173.822764,503173.822764,8461114.047232999,25549904.3188815,1012975.9218683,25840103.006417297,196728005.7229023,50,0,0
Z3,38,12, 720,34872.0,0.051134,681972.855634,683760.0,1.0,2,31.007809,517835.047515,517835.047515,8461114.047232999,25549904.3188815,1012975.9218683,25840103.006417297,196728005.7229023,50,0,0
