Zone, Tile_no, Seg_no, Reso, Seg_d_size, Seg_d_time, Bitrate, Bitrate1, Buf_lev, Buf_limit, Elapsed, Ref_vp, Local_avg
Z1, 0, 1, 720, 9960.000000, 0.052262, 190578.240404, 191536.000000, 1.000000, 2, 0.000062, 190578.240404, 190578.240404
Z2, 0, 1, 720, 8952.000000, 0.047175, 189761.526232, 190464.000000, 1.000000, 2, 0.000062, 94880.763116, 94880.763116
Z2, 1, 1, 720, 5424.000000, 0.000861, 6299651.567944, 5424000.000000, 1.000000, 2, 0.000062, 2099883.855981, 2099883.855981
Z2, 2, 1, 720, 7080.000000, 0.000807, 8773234.200743, 7080000.000000, 1.000000, 2, 0.000062, 2193308.550186, 2193308.550186
Z2, 3, 1, 720, 18976.000000, 0.000998, 19014028.056112, 18976000.000000, 1.000000, 2, 0.000062, 3802805.611222, 3802805.611222
Z2, 4, 1, 720, 8720.000000, 0.000849, 10270906.949352, 8720000.000000, 1.000000, 2, 0.000062, 2054181.389870, 2054181.389870
Z2, 5, 1, 720, 8336.000000, 0.005505, 1514259.763851, 1667200.000000, 1.000000, 2, 0.000062, 302851.952770, 302851.952770
Z2, 6, 1, 720, 6376.000000, 0.001293, 4931167.826759, 6376000.000000, 1.000000, 2, 0.000062, 986233.565352, 986233.565352
Z2, 7, 1, 720, 6872.000000, 0.000798, 8611528.822055, 6872000.000000, 1.000000, 2, 0.000062, 1722305.764411, 1722305.764411
Z3, 0, 1, 720, 7080.000000, 0.040484, 174883.904752, 177000.000000, 1.000000, 2, 0.000062, 34976.780950, 34976.780950
Z3, 1, 1, 720, 7080.000000, 0.008661, 817457.568410, 885000.000000, 1.000000, 2, 0.000062, 163491.513682, 163491.513682
Z3, 2, 1, 720, 5664.000000, 0.013686, 413853.572994, 435688.000000, 1.000000, 2, 0.000062, 82770.714599, 82770.714599
Z3, 3, 1, 720, 7080.000000, 0.009460, 748414.376321, 786664.000000, 1.000000, 2, 0.000062, 149682.875264, 149682.875264
Z3, 4, 1, 720, 7080.000000, 0.011820, 598984.771574, 643632.000000, 1.000000, 2, 0.000062, 119796.954315, 119796.954315
Z3, 5, 1, 720, 5664.000000, 0.004686, 1208706.786172, 1416000.000000, 1.000000, 2, 0.000062, 241741.357234, 241741.357234
Z3, 6, 1, 720, 7080.000000, 0.005792, 1222375.690608, 1416000.000000, 1.000000, 2, 0.000062, 244475.138122, 244475.138122
Z3, 7, 1, 720, 7080.000000, 0.003544, 1997742.663657, 2360000.000000, 1.000000, 2, 0.000062, 399548.532731, 399548.532731
Z3, 8, 1, 720, 5664.000000, 0.003749, 1510802.880768, 1888000.000000, 1.000000, 2, 0.000062, 302160.576154, 302160.576154
Z3, 9, 1, 720, 7080.000000, 0.022386, 316269.096757, 321816.000000, 1.000000, 2, 0.000062, 63253.819351, 63253.819351
Z3, 10, 1, 720, 12904.000000, 0.023443, 550441.496396, 561040.000000, 1.000000, 2, 0.000062, 110088.299279, 110088.299279
Z3, 11, 1, 720, 17344.000000, 0.022457, 772320.434608, 788360.000000, 1.000000, 2, 0.000062, 154464.086922, 154464.086922
Z3, 12, 1, 720, 16912.000000, 0.000864, 19574074.074074, 16912000.000000, 1.000000, 2, 0.000062, 3914814.814815, 3914814.814815
Z3, 13, 1, 720, 13240.000000, 0.000858, 15431235.431235, 13240000.000000, 1.000000, 2, 0.000062, 3086247.086247, 3086247.086247
Z3, 14, 1, 720, 28328.000000, 0.000970, 29204123.711340, 28328000.000000, 1.000000, 2, 0.000062, 5840824.742268, 5840824.742268
Z3, 15, 1, 720, 30528.000000, 0.009063, 3368421.052632, 3392000.000000, 1.000000, 2, 0.000062, 673684.210526, 673684.210526
Z3, 16, 1, 720, 16360.000000, 0.000923, 17724810.400867, 16360000.000000, 1.000000, 2, 0.000062, 3544962.080173, 3544962.080173
Z3, 17, 1, 720, 33216.000000, 0.023364, 1421674.370827, 1444168.000000, 1.000000, 2, 0.000062, 284334.874165, 284334.874165
Z3, 18, 1, 720, 28000.000000, 0.028842, 970806.462797, 1000000.000000, 1.000000, 2, 0.000062, 194161.292559, 194161.292559
Z3, 19, 1, 720, 15744.000000, 0.000950, 16572631.578947, 15744000.000000, 1.000000, 2, 0.000062, 3314526.315789, 3314526.315789
Z3, 20, 1, 720, 16024.000000, 0.014985, 1069336.002669, 1144568.000000, 1.000000, 2, 0.000062, 213867.200534, 213867.200534
Z3, 21, 1, 720, 11576.000000, 0.012366, 936115.154456, 964664.000000, 1.000000, 2, 0.000062, 187223.030891, 187223.030891
Z3, 22, 1, 720, 10816.000000, 0.000915, 11820765.027322, 10816000.000000, 1.000000, 2, 0.000062, 2364153.005464, 2364153.005464
Z3, 23, 1, 720, 13224.000000, 0.007547, 1752219.424937, 1889136.000000, 1.000000, 2, 0.000062, 350443.884987, 350443.884987
Z3, 24, 1, 720, 17528.000000, 0.009430, 1858748.674443, 1947552.000000, 1.000000, 2, 0.000062, 371749.734889, 371749.734889
Z3, 25, 1, 720, 23824.000000, 0.000983, 24236012.207528, 23824000.000000, 1.000000, 2, 0.000062, 4847202.441506, 4847202.441506
Z3, 26, 1, 720, 11024.000000, 0.000863, 12774044.032445, 11024000.000000, 1.000000, 2, 0.000062, 2554808.806489, 2554808.806489
Z3, 27, 1, 720, 15112.000000, 0.023784, 635385.132862, 657040.000000, 1.000000, 2, 0.000062, 127077.026572, 127077.026572
Z3, 28, 1, 720, 24552.000000, 0.009026, 2720141.812542, 2728000.000000, 1.000000, 2, 0.000062, 544028.362508, 544028.362508
Z3, 29, 1, 720, 10824.000000, 0.001071, 10106442.577031, 10824000.000000, 1.000000, 2, 0.000062, 2021288.515406, 2021288.515406
Z3, 30, 1, 720, 6872.000000, 0.000911, 7543358.946213, 6872000.000000, 1.000000, 2, 0.000062, 1508671.789243, 1508671.789243
Z3, 31, 1, 720, 6872.000000, 0.000944, 7279661.016949, 6872000.000000, 1.000000, 2, 0.000062, 1455932.203390, 1455932.203390
Z3, 32, 1, 720, 6376.000000, 0.013204, 482883.974553, 490456.000000, 1.000000, 2, 0.000062, 96576.794911, 96576.794911
Z3, 33, 1, 720, 6872.000000, 0.000843, 8151838.671412, 6872000.000000, 1.000000, 2, 0.000062, 1630367.734282, 1630367.734282
Z3, 34, 1, 720, 6872.000000, 0.004943, 1390248.836739, 1718000.000000, 1.000000, 2, 0.000062, 278049.767348, 278049.767348
Z3, 35, 1, 720, 6376.000000, 0.000816, 7813725.490196, 6376000.000000, 1.000000, 2, 0.000062, 1562745.098039, 1562745.098039
Z3, 36, 1, 720, 6872.000000, 0.013862, 495743.759919, 528608.000000, 1.000000, 2, 0.000062, 99148.751984, 99148.751984
Z3, 37, 1, 720, 6872.000000, 0.000879, 7817974.971559, 6872000.000000, 1.000000, 2, 0.000062, 1563594.994312, 1563594.994312
Z3, 38, 1, 720, 6376.000000, 0.022757, 280177.527794, 289816.000000, 1.000000, 2, 0.000062, 56035.505559, 56035.505559
Z1, 0, 2, 4K, 33112.000000, 0.048178, 687284.652746, 689832.000000, 1.506687, 2, 0.493375, 193492.436108, 193492.436108
Z2, 0, 2, 4K, 6624.000000, 0.046329, 142977.400764, 144000.000000, 1.506687, 2, 0.493375, 84630.985712, 84630.985712
Z2, 1, 2, 4K, 9736.000000, 0.020992, 463795.731707, 486800.000000, 1.506687, 2, 0.493375, 148794.651900, 148794.651900
Z2, 2, 2, 4K, 9976.000000, 0.015055, 662636.997675, 665064.000000, 1.506687, 2, 0.493375, 188562.905094, 188562.905094
Z2, 3, 2, 4K, 38152.000000, 0.012780, 2985289.514867, 3179328.000000, 1.506687, 2, 0.493375, 653093.408532, 653093.408532
Z2, 4, 2, 4K, 53912.000000, 0.001091, 49415215.398717, 53912000.000000, 1.506687, 2, 0.493375, 9939078.585302, 9939078.585302
Z2, 5, 2, 4K, 24608.000000, 0.000977, 25187308.085977, 24608000.000000, 1.506687, 2, 0.493375, 5093497.122754, 5093497.122754
Z2, 6, 2, 4K, 10280.000000, 0.005239, 1962206.527963, 2056000.000000, 1.506687, 2, 0.493375, 448476.811151, 448476.811151
Z2, 7, 2, 4K, 10280.000000, 0.001210, 8495867.768595, 10280000.000000, 1.506687, 2, 0.493375, 1755209.059278, 1755209.059278
Z3, 0, 2, 4K, 9976.000000, 0.064650, 154307.811292, 155872.000000, 1.506687, 2, 0.493375, 86897.067817, 86897.067817
Z3, 1, 2, 4K, 9976.000000, 0.001003, 9946161.515454, 9976000.000000, 1.506687, 2, 0.493375, 2045267.808649, 2045267.808649
Z3, 2, 2, 4K, 9976.000000, 0.023886, 417650.506573, 433736.000000, 1.506687, 2, 0.493375, 139565.606873, 139565.606873
Z3, 3, 2, 4K, 9976.000000, 0.000907, 10998897.464168, 9976000.000000, 1.506687, 2, 0.493375, 2255814.998392, 2255814.998392
Z3, 4, 2, 4K, 9976.000000, 0.012649, 788678.946952, 831328.000000, 1.506687, 2, 0.493375, 213771.294949, 213771.294949
Z3, 5, 2, 4K, 9976.000000, 0.000970, 10284536.082474, 9976000.000000, 1.506687, 2, 0.493375, 2112942.722054, 2112942.722054
Z3, 6, 2, 4K, 9976.000000, 0.020547, 485521.000633, 498800.000000, 1.506687, 2, 0.493375, 153139.705685, 153139.705685
Z3, 7, 2, 4K, 9976.000000, 0.018520, 538660.907127, 554216.000000, 1.506687, 2, 0.493375, 163767.686984, 163767.686984
Z3, 8, 2, 4K, 9976.000000, 0.000939, 10624068.157614, 9976000.000000, 1.506687, 2, 0.493375, 2180849.137082, 2180849.137082
Z3, 9, 2, 4K, 9976.000000, 0.006830, 1460614.934114, 1662664.000000, 1.506687, 2, 0.493375, 348158.492382, 348158.492382
Z3, 10, 2, 4K, 40320.000000, 0.034478, 1169441.382911, 1185880.000000, 1.506687, 2, 0.493375, 289923.782141, 289923.782141
Z3, 11, 2, 4K, 25056.000000, 0.019384, 1292612.463888, 1318736.000000, 1.506687, 2, 0.493375, 314557.998336, 314557.998336
Z3, 12, 2, 4K, 28696.000000, 0.002300, 12476521.739130, 14348000.000000, 1.506687, 2, 0.493375, 2551339.853385, 2551339.853385
Z3, 13, 2, 4K, 25792.000000, 0.007084, 3640880.858272, 3684568.000000, 1.506687, 2, 0.493375, 784211.677213, 784211.677213
Z3, 14, 2, 4K, 40168.000000, 0.001040, 38623076.923077, 40168000.000000, 1.506687, 2, 0.493375, 7780650.890174, 7780650.890174
Z3, 15, 2, 4K, 41448.000000, 0.044188, 937992.215081, 942000.000000, 1.506687, 2, 0.493375, 243633.948575, 243633.948575
Z3, 16, 2, 4K, 44560.000000, 0.023746, 1876526.572896, 1937384.000000, 1.506687, 2, 0.493375, 431340.820138, 431340.820138
Z3, 17, 2, 4K, 39312.000000, 0.019551, 2010741.138561, 2069048.000000, 1.506687, 2, 0.493375, 458183.733271, 458183.733271
Z3, 18, 2, 4K, 31560.000000, 0.023547, 1340298.127150, 1372168.000000, 1.506687, 2, 0.493375, 324095.130989, 324095.130989
Z3, 19, 2, 4K, 29312.000000, 0.024488, 1196994.446259, 1221328.000000, 1.506687, 2, 0.493375, 295434.394811, 295434.394811
Z3, 20, 2, 4K, 35968.000000, 0.014955, 2405081.912404, 2569136.000000, 1.506687, 2, 0.493375, 537051.888040, 537051.888040
Z3, 21, 2, 4K, 35592.000000, 0.001011, 35204747.774481, 35592000.000000, 1.506687, 2, 0.493375, 7096985.060455, 7096985.060455
Z3, 22, 2, 4K, 42440.000000, 0.000985, 43086294.416244, 42440000.000000, 1.506687, 2, 0.493375, 8673294.388807, 8673294.388807
Z3, 23, 2, 4K, 61624.000000, 0.010829, 5690645.488965, 6162400.000000, 1.506687, 2, 0.493375, 1194164.603352, 1194164.603352
Z3, 24, 2, 4K, 64952.000000, 0.006628, 9799637.899819, 10825328.000000, 1.506687, 2, 0.493375, 2015963.085523, 2015963.085523
Z3, 25, 2, 4K, 73400.000000, 0.020972, 3499904.634751, 3670000.000000, 1.506687, 2, 0.493375, 756016.432509, 756016.432509
Z3, 26, 2, 4K, 52792.000000, 0.015754, 3351021.962676, 3519464.000000, 1.506687, 2, 0.493375, 726239.898094, 726239.898094
Z3, 27, 2, 4K, 67272.000000, 0.023180, 2902157.031924, 2924864.000000, 1.506687, 2, 0.493375, 636466.911944, 636466.911944
Z3, 28, 2, 4K, 64968.000000, 0.010412, 6239723.396081, 6496800.000000, 1.506687, 2, 0.493375, 1303980.184775, 1303980.184775
Z3, 29, 2, 4K, 52408.000000, 0.010437, 5021366.292996, 5240800.000000, 1.506687, 2, 0.493375, 1060308.764158, 1060308.764158
Z3, 30, 2, 4K, 10280.000000, 0.001045, 9837320.574163, 10280000.000000, 1.506687, 2, 0.493375, 2023499.620391, 2023499.620391
Z3, 31, 2, 4K, 10280.000000, 0.000934, 11006423.982869, 10280000.000000, 1.506687, 2, 0.493375, 2257320.302133, 2257320.302133
Z3, 32, 2, 4K, 10280.000000, 0.000949, 10832455.216017, 10280000.000000, 1.506687, 2, 0.493375, 2222526.548762, 2222526.548762
Z3, 33, 2, 4K, 10280.000000, 0.008944, 1149373.881932, 1285000.000000, 1.506687, 2, 0.493375, 285910.281945, 285910.281945
Z3, 34, 2, 4K, 10280.000000, 0.020390, 504168.710152, 514000.000000, 1.506687, 2, 0.493375, 156869.247589, 156869.247589
Z3, 35, 2, 4K, 10280.000000, 0.007760, 1324742.268041, 1468568.000000, 1.506687, 2, 0.493375, 320983.959167, 320983.959167
Z3, 36, 2, 4K, 10280.000000, 0.014834, 693002.561683, 734280.000000, 1.506687, 2, 0.493375, 194636.017895, 194636.017895
Z3, 37, 2, 4K, 10280.000000, 0.020995, 489640.390569, 514000.000000, 1.506687, 2, 0.493375, 153963.583673, 153963.583673
Z3, 38, 2, 4K, 10280.000000, 0.001144, 8986013.986014, 10280000.000000, 1.506687, 2, 0.493375, 1853238.302762, 1853238.302762
Z1, 0, 3, 4K, 37368.000000, 0.046692, 800308.404009, 812344.000000, 1.805114, 2, 1.194948, 2013299.983563, 2013299.983563
Z2, 0, 3, 4K, 6624.000000, 0.058014, 114179.336022, 114200.000000, 1.805114, 2, 1.194948, 1876074.169966, 1876074.169966
Z2, 1, 3, 4K, 9736.000000, 0.000907, 10734288.864388, 9736000.000000, 1.805114, 2, 1.194948, 4000096.075639, 4000096.075639
Z2, 2, 3, 4K, 9976.000000, 0.001785, 5588795.518207, 9976000.000000, 1.805114, 2, 1.194948, 2970997.406403, 2970997.406403
Z2, 3, 3, 4K, 41472.000000, 0.007442, 5572695.511959, 5924568.000000, 1.805114, 2, 1.194948, 2967777.405153, 2967777.405153
Z2, 4, 3, 4K, 64608.000000, 0.027836, 2321023.135508, 2392888.000000, 1.805114, 2, 1.194948, 2317442.929863, 2317442.929863
Z2, 5, 3, 4K, 26312.000000, 0.012889, 2041430.677322, 2192664.000000, 1.805114, 2, 1.194948, 2261524.438226, 2261524.438226
Z2, 6, 3, 4K, 10280.000000, 0.000850, 12094117.647059, 10280000.000000, 1.805114, 2, 1.194948, 4272061.832173, 4272061.832173
Z2, 7, 3, 4K, 10280.000000, 0.003339, 3078766.097634, 3426664.000000, 1.805114, 2, 1.194948, 2468991.522288, 2468991.522288
Z3, 0, 3, 4K, 9976.000000, 0.035446, 281442.193760, 285024.000000, 1.805114, 2, 1.194948, 1909526.741513, 1909526.741513
Z3, 1, 3, 4K, 9976.000000, 0.018044, 552870.760364, 554216.000000, 1.805114, 2, 1.194948, 1963812.454834, 1963812.454834
Z3, 2, 3, 4K, 9976.000000, 0.019867, 502139.225852, 525048.000000, 1.805114, 2, 1.194948, 1953666.147932, 1953666.147932
Z3, 3, 3, 4K, 9976.000000, 0.006659, 1498122.841267, 1662664.000000, 1.805114, 2, 1.194948, 2152862.871015, 2152862.871015
Z3, 4, 3, 4K, 9976.000000, 0.025800, 386666.666667, 399040.000000, 1.805114, 2, 1.194948, 1930571.636095, 1930571.636095
Z3, 5, 3, 4K, 9976.000000, 0.012347, 807969.547258, 831328.000000, 1.805114, 2, 1.194948, 2014832.212213, 2014832.212213
Z3, 6, 3, 4K, 9976.000000, 0.000902, 11059866.962306, 9976000.000000, 1.805114, 2, 1.194948, 4065211.695223, 4065211.695223
Z3, 7, 3, 4K, 9976.000000, 0.000930, 10726881.720430, 9976000.000000, 1.805114, 2, 1.194948, 3998614.646848, 3998614.646848
Z3, 8, 3, 4K, 9976.000000, 0.000730, 13665753.424658, 9976000.000000, 1.805114, 2, 1.194948, 4586388.987693, 4586388.987693
Z3, 9, 3, 4K, 9976.000000, 0.023410, 426142.674071, 433736.000000, 1.805114, 2, 1.194948, 1938466.837576, 1938466.837576
Z3, 10, 3, 4K, 46944.000000, 0.001661, 28262492.474413, 46944000.000000, 1.805114, 2, 1.194948, 7505736.797644, 7505736.797644
Z3, 11, 3, 4K, 25776.000000, 0.000927, 27805825.242718, 25776000.000000, 1.805114, 2, 1.194948, 7414403.351305, 7414403.351305
Z3, 12, 3, 4K, 29160.000000, 0.000853, 34185228.604924, 29160000.000000, 1.805114, 2, 1.194948, 8690284.023746, 8690284.023746
Z3, 13, 3, 4K, 27488.000000, 0.000887, 30989853.438557, 27488000.000000, 1.805114, 2, 1.194948, 8051208.990473, 8051208.990473
Z3, 14, 3, 4K, 44488.000000, 0.025082, 1773702.256598, 1779520.000000, 1.805114, 2, 1.194948, 2207978.754081, 2207978.754081
Z3, 15, 3, 4K, 39320.000000, 0.012292, 3198828.506346, 3276664.000000, 1.805114, 2, 1.194948, 2493004.004031, 2493004.004031
Z3, 16, 3, 4K, 43888.000000, 0.023140, 1896629.213483, 1908168.000000, 1.805114, 2, 1.194948, 2232564.145458, 2232564.145458
Z3, 17, 3, 4K, 44080.000000, 0.016792, 2625059.552168, 2755000.000000, 1.805114, 2, 1.194948, 2378250.213195, 2378250.213195
Z3, 18, 3, 4K, 34432.000000, 0.018730, 1838334.223171, 1912888.000000, 1.805114, 2, 1.194948, 2220905.147396, 2220905.147396
Z3, 19, 3, 4K, 31336.000000, 0.010958, 2859645.920788, 3133600.000000, 1.805114, 2, 1.194948, 2425167.486919, 2425167.486919
Z3, 20, 3, 4K, 37168.000000, 0.014926, 2490151.413641, 2654856.000000, 1.805114, 2, 1.194948, 2351268.585490, 2351268.585490
Z3, 21, 3, 4K, 36888.000000, 0.013568, 2718750.000000, 2837536.000000, 1.805114, 2, 1.194948, 2396988.302762, 2396988.302762
Z3, 22, 3, 4K, 45448.000000, 0.025313, 1795441.077707, 1817920.000000, 1.805114, 2, 1.194948, 2212326.518303, 2212326.518303
Z3, 23, 3, 4K, 60880.000000, 0.023970, 2539841.468502, 2646952.000000, 1.805114, 2, 1.194948, 2361206.596462, 2361206.596462
Z3, 24, 3, 4K, 64936.000000, 0.024810, 2617331.721080, 2705664.000000, 1.805114, 2, 1.194948, 2376704.646978, 2376704.646978
Z3, 25, 3, 4K, 68152.000000, 0.001074, 63456238.361266, 68152000.000000, 1.805114, 2, 1.194948, 14544485.975015, 14544485.975015
Z3, 26, 3, 4K, 51256.000000, 0.024343, 2105574.497802, 2135664.000000, 1.805114, 2, 1.194948, 2274353.202322, 2274353.202322
Z3, 27, 3, 4K, 77296.000000, 0.013455, 5744778.892605, 5945840.000000, 1.805114, 2, 1.194948, 3002194.081283, 3002194.081283
Z3, 28, 3, 4K, 69656.000000, 0.019941, 3493104.658743, 3666104.000000, 1.805114, 2, 1.194948, 2551859.234510, 2551859.234510
Z3, 29, 3, 4K, 53752.000000, 0.002403, 22368705.784436, 26876000.000000, 1.805114, 2, 1.194948, 6326979.459649, 6326979.459649
Z3, 30, 3, 4K, 10280.000000, 0.000869, 11829689.298044, 10280000.000000, 1.805114, 2, 1.194948, 4219176.162370, 4219176.162370
Z3, 31, 3, 4K, 10280.000000, 0.000809, 12707045.735476, 10280000.000000, 1.805114, 2, 1.194948, 4394647.449857, 4394647.449857
Z3, 32, 3, 4K, 10280.000000, 0.000821, 12521315.468940, 10280000.000000, 1.805114, 2, 1.194948, 4357501.396550, 4357501.396550
Z3, 33, 3, 4K, 10280.000000, 0.000911, 11284302.963776, 10280000.000000, 1.805114, 2, 1.194948, 4110098.895517, 4110098.895517
Z3, 34, 3, 4K, 10280.000000, 0.000736, 13967391.304348, 10280000.000000, 1.805114, 2, 1.194948, 4646716.563631, 4646716.563631
Z3, 35, 3, 4K, 10280.000000, 0.000717, 14337517.433752, 10280000.000000, 1.805114, 2, 1.194948, 4720741.789512, 4720741.789512
Z3, 36, 3, 4K, 10288.000000, 0.000815, 12623312.883436, 10288000.000000, 1.805114, 2, 1.194948, 4377900.879449, 4377900.879449
Z3, 37, 3, 4K, 10280.000000, 0.008265, 1243799.153055, 1285000.000000, 1.805114, 2, 1.194948, 2101998.133373, 2101998.133373
Z3, 38, 3, 4K, 10280.000000, 0.000831, 12370637.785800, 10280000.000000, 1.805114, 2, 1.194948, 4327365.859922, 4327365.859922
Z1, 0, 4, 4K, 78920.000000, 0.027502, 2869609.482947, 2922960.000000, 1.204627, 2, 1.795435, 4901287.756511, 4901287.756511
Z2, 0, 4, 4K, 6624.000000, 0.042759, 154914.754788, 157712.000000, 1.204627, 2, 1.795435, 4358348.810879, 4358348.810879
Z2, 1, 4, 4K, 9856.000000, 0.010891, 904967.404279, 985600.000000, 1.204627, 2, 1.795435, 4508359.340777, 4508359.340777
Z2, 2, 4, 4K, 10000.000000, 0.001015, 9852216.748768, 10000000.000000, 1.204627, 2, 1.795435, 6297809.209675, 6297809.209675
Z2, 3, 4, 4K, 61192.000000, 0.015904, 3847585.513078, 4079464.000000, 1.204627, 2, 1.795435, 5096882.962537, 5096882.962537
Z2, 4, 4, 4K, 105968.000000, 0.008156, 12992643.452673, 13246000.000000, 1.204627, 2, 1.795435, 6925894.550456, 6925894.550456
Z2, 5, 4, 4K, 53008.000000, 0.022037, 2405409.084721, 2409448.000000, 1.204627, 2, 1.795435, 4808447.676866, 4808447.676866
Z2, 6, 4, 4K, 17976.000000, 0.014939, 1203293.393132, 1284000.000000, 1.204627, 2, 1.795435, 4568024.538548, 4568024.538548
Z2, 7, 4, 4K, 11688.000000, 0.000992, 11782258.064516, 11688000.000000, 1.204627, 2, 1.795435, 6683817.472825, 6683817.472825
Z3, 0, 4, 4K, 10160.000000, 0.029503, 344371.758804, 350344.000000, 1.204627, 2, 1.795435, 4396240.211682, 4396240.211682
Z3, 1, 4, 4K, 10112.000000, 0.011248, 899004.267425, 919272.000000, 1.204627, 2, 1.795435, 4507166.713407, 4507166.713407
Z3, 2, 4, 4K, 10000.000000, 0.000892, 11210762.331839, 10000000.000000, 1.204627, 2, 1.795435, 6569518.326289, 6569518.326289
Z3, 3, 4, 4K, 10000.000000, 0.025472, 392587.939698, 400000.000000, 1.204627, 2, 1.795435, 4405883.447861, 4405883.447861
Z3, 4, 4, 4K, 10000.000000, 0.005125, 1951219.512195, 2000000.000000, 1.204627, 2, 1.795435, 4717609.762361, 4717609.762361
Z3, 5, 4, 4K, 10000.000000, 0.010963, 912159.080544, 1000000.000000, 1.204627, 2, 1.795435, 4509797.676030, 4509797.676030
Z3, 6, 4, 4K, 10400.000000, 0.000906, 11479028.697572, 10400000.000000, 1.204627, 2, 1.795435, 6623171.599436, 6623171.599436
Z3, 7, 4, 4K, 10000.000000, 0.008655, 1155401.502022, 1250000.000000, 1.204627, 2, 1.795435, 4558446.160326, 4558446.160326
Z3, 8, 4, 4K, 10000.000000, 0.000915, 10928961.748634, 10000000.000000, 1.204627, 2, 1.795435, 6513158.209648, 6513158.209648
Z3, 9, 4, 4K, 10016.000000, 0.000884, 11330316.742081, 10016000.000000, 1.204627, 2, 1.795435, 6593429.208338, 6593429.208338
Z3, 10, 4, 4K, 69528.000000, 0.014598, 4762844.225236, 4966280.000000, 1.204627, 2, 1.795435, 5279934.704969, 5279934.704969
Z3, 11, 4, 4K, 50216.000000, 0.003448, 14563805.104408, 16738664.000000, 1.204627, 2, 1.795435, 7240126.880803, 7240126.880803
Z3, 12, 4, 4K, 53360.000000, 0.021095, 2529509.362408, 2540952.000000, 1.204627, 2, 1.795435, 4833267.732403, 4833267.732403
Z3, 13, 4, 4K, 45608.000000, 0.018715, 2436975.687951, 2533776.000000, 1.204627, 2, 1.795435, 4814760.997512, 4814760.997512
Z3, 14, 4, 4K, 88024.000000, 0.026016, 3383456.334563, 3385536.000000, 1.204627, 2, 1.795435, 5004057.126834, 5004057.126834
Z3, 15, 4, 4K, 65880.000000, 0.002123, 31031559.114461, 32940000.000000, 1.204627, 2, 1.795435, 10533677.682814, 10533677.682814
Z3, 16, 4, 4K, 81544.000000, 0.030789, 2648478.352658, 2718128.000000, 1.204627, 2, 1.795435, 4857061.530453, 4857061.530453
Z3, 17, 4, 4K, 79088.000000, 0.023402, 3379540.210238, 3438608.000000, 1.204627, 2, 1.795435, 5003273.901969, 5003273.901969
Z3, 18, 4, 4K, 60616.000000, 0.019194, 3158070.230280, 3190312.000000, 1.204627, 2, 1.795435, 4958979.905978, 4958979.905978
Z3, 19, 4, 4K, 55928.000000, 0.026607, 2102003.232232, 2151072.000000, 1.204627, 2, 1.795435, 4747766.506368, 4747766.506368
Z3, 20, 4, 4K, 60512.000000, 0.018593, 3254558.167052, 3361776.000000, 1.204627, 2, 1.795435, 4978277.493332, 4978277.493332
Z3, 21, 4, 4K, 116408.000000, 0.027980, 4160400.285919, 4311400.000000, 1.204627, 2, 1.795435, 5159445.917105, 5159445.917105
Z3, 22, 4, 4K, 104248.000000, 0.021390, 4873679.289388, 4964184.000000, 1.204627, 2, 1.795435, 5302101.717799, 5302101.717799
Z3, 23, 4, 4K, 138368.000000, 0.043619, 3172195.602834, 3217856.000000, 1.204627, 2, 1.795435, 4961804.980488, 4961804.980488
Z3, 24, 4, 4K, 139408.000000, 0.006862, 20315942.873798, 23234664.000000, 1.204627, 2, 1.795435, 8390554.434681, 8390554.434681
Z3, 25, 4, 4K, 141032.000000, 0.029178, 4833504.695318, 4863168.000000, 1.204627, 2, 1.795435, 5294066.798985, 5294066.798985
Z3, 26, 4, 4K, 125672.000000, 0.019120, 6572803.347280, 6614312.000000, 1.204627, 2, 1.795435, 5641926.529378, 5641926.529378
Z3, 27, 4, 4K, 147320.000000, 0.021456, 6866144.668158, 7015232.000000, 1.204627, 2, 1.795435, 5700594.793553, 5700594.793553
Z3, 28, 4, 4K, 120984.000000, 0.016997, 7117961.993293, 7561496.000000, 1.204627, 2, 1.795435, 5750958.258580, 5750958.258580
Z3, 29, 4, 4K, 87456.000000, 0.026438, 3307965.806793, 3363688.000000, 1.204627, 2, 1.795435, 4988959.021280, 4988959.021280
Z3, 30, 4, 4K, 19872.000000, 0.000939, 21162939.297125, 19872000.000000, 1.204627, 2, 1.795435, 8559953.719346, 8559953.719346
Z3, 31, 4, 4K, 17320.000000, 0.013868, 1248918.373233, 1332304.000000, 1.204627, 2, 1.795435, 4577149.534568, 4577149.534568
Z3, 32, 4, 4K, 20880.000000, 0.021100, 989573.459716, 994280.000000, 1.204627, 2, 1.795435, 4525280.551865, 4525280.551865
Z3, 33, 4, 4K, 18648.000000, 0.001015, 18372413.793103, 18648000.000000, 1.204627, 2, 1.795435, 8001848.618542, 8001848.618542
Z3, 34, 4, 4K, 15368.000000, 0.016215, 947764.415665, 960496.000000, 1.204627, 2, 1.795435, 4516918.743054, 4516918.743054
Z3, 35, 4, 4K, 17240.000000, 0.011165, 1544111.061352, 1567272.000000, 1.204627, 2, 1.795435, 4636188.072192, 4636188.072192
Z3, 36, 4, 4K, 34944.000000, 0.034377, 1016493.585828, 1027760.000000, 1.204627, 2, 1.795435, 4530664.577087, 4530664.577087
Z3, 37, 4, 4K, 16344.000000, 0.002201, 7425715.583826, 8172000.000000, 1.204627, 2, 1.795435, 5812508.976687, 5812508.976687
Z3, 38, 4, 4K, 11896.000000, 0.024196, 491651.512647, 495664.000000, 1.204627, 2, 1.795435, 4425696.162451, 4425696.162451
Z1, 0, 5, 4K, 86352.000000, 0.051319, 1682651.649487, 1693176.000000, 1.000000, 2, 3.583953, 4762226.492348, 4762226.492348
Z2, 0, 5, 4K, 6624.000000, 0.050392, 131449.436418, 132480.000000, 1.000000, 2, 3.583953, 4451986.049735, 4451986.049735
Z2, 1, 5, 4K, 15440.000000, 0.002246, 6874443.455031, 7720000.000000, 1.000000, 2, 3.583953, 5800584.853457, 5800584.853457
Z2, 2, 5, 4K, 14656.000000, 0.000950, 15427368.421053, 14656000.000000, 1.000000, 2, 3.583953, 7511169.846661, 7511169.846661
Z2, 3, 5, 4K, 59096.000000, 0.002034, 29054080.629302, 29548000.000000, 1.000000, 2, 3.583953, 10236512.288311, 10236512.288311
Z2, 4, 5, 4K, 117640.000000, 0.022081, 5327657.261899, 5347272.000000, 1.000000, 2, 3.583953, 5491227.614831, 5491227.614831
Z2, 5, 5, 4K, 68288.000000, 0.016504, 4137663.596704, 4268000.000000, 1.000000, 2, 3.583953, 5253228.881792, 5253228.881792
Z2, 6, 5, 4K, 47432.000000, 0.003448, 13756380.510441, 15810664.000000, 1.000000, 2, 3.583953, 7176972.264539, 7176972.264539
Z2, 7, 5, 4K, 40216.000000, 0.017288, 2326237.852846, 2365640.000000, 1.000000, 2, 3.583953, 4890943.733020, 4890943.733020
Z3, 0, 5, 4K, 16504.000000, 0.030993, 532507.340367, 550128.000000, 1.000000, 2, 3.583953, 4532197.630524, 4532197.630524
Z3, 1, 5, 4K, 16120.000000, 0.020871, 772363.566671, 806000.000000, 1.000000, 2, 3.583953, 4580168.875785, 4580168.875785
Z3, 2, 5, 4K, 15008.000000, 0.016370, 916799.022602, 938000.000000, 1.000000, 2, 3.583953, 4609055.966971, 4609055.966971
Z3, 3, 5, 4K, 15032.000000, 0.000937, 16042689.434365, 15032000.000000, 1.000000, 2, 3.583953, 7634234.049324, 7634234.049324
Z3, 4, 5, 4K, 12928.000000, 0.000792, 16323232.323232, 12928000.000000, 1.000000, 2, 3.583953, 7690342.627097, 7690342.627097
Z3, 5, 5, 4K, 13640.000000, 0.000896, 15223214.285714, 13640000.000000, 1.000000, 2, 3.583953, 7470339.019594, 7470339.019594
Z3, 6, 5, 4K, 14648.000000, 0.000775, 18900645.161290, 14648000.000000, 1.000000, 2, 3.583953, 8205825.194709, 8205825.194709
Z3, 7, 5, 4K, 15008.000000, 0.000748, 20064171.122995, 15008000.000000, 1.000000, 2, 3.583953, 8438530.387050, 8438530.387050
Z3, 8, 5, 4K, 14312.000000, 0.024355, 587641.141449, 596328.000000, 1.000000, 2, 3.583953, 4543224.390741, 4543224.390741
Z3, 9, 5, 4K, 14200.000000, 0.000891, 15937149.270483, 14200000.000000, 1.000000, 2, 3.583953, 7613126.016547, 7613126.016547
Z3, 10, 5, 4K, 67288.000000, 0.022890, 2939624.290083, 3058544.000000, 1.000000, 2, 3.583953, 5013621.020468, 5013621.020468
Z3, 11, 5, 4K, 52536.000000, 0.016804, 3126398.476553, 3283496.000000, 1.000000, 2, 3.583953, 5050975.857762, 5050975.857762
Z3, 12, 5, 4K, 52032.000000, 0.001749, 29749571.183533, 52032000.000000, 1.000000, 2, 3.583953, 10375610.399158, 10375610.399158
Z3, 13, 5, 4K, 44632.000000, 0.024892, 1793025.871766, 1859664.000000, 1.000000, 2, 3.583953, 4784301.336804, 4784301.336804
Z3, 14, 5, 4K, 76304.000000, 0.015357, 4968678.778407, 5086928.000000, 1.000000, 2, 3.583953, 5419431.918132, 5419431.918132
Z3, 15, 5, 4K, 71856.000000, 0.008616, 8339832.869081, 8982000.000000, 1.000000, 2, 3.583953, 6093662.736267, 6093662.736267
Z3, 16, 5, 4K, 82648.000000, 0.006312, 13093789.607098, 13774664.000000, 1.000000, 2, 3.583953, 7044454.083870, 7044454.083870
Z3, 17, 5, 4K, 76072.000000, 0.017748, 4286229.434302, 4474816.000000, 1.000000, 2, 3.583953, 5282942.049311, 5282942.049311
Z3, 18, 5, 4K, 59304.000000, 0.025307, 2343383.253645, 2372160.000000, 1.000000, 2, 3.583953, 4894372.813180, 4894372.813180
Z3, 19, 5, 4K, 43064.000000, 0.001030, 41809708.737864, 43064000.000000, 1.000000, 2, 3.583953, 12787637.910024, 12787637.910024
Z3, 20, 5, 4K, 54872.000000, 0.006779, 8094409.204897, 9145328.000000, 1.000000, 2, 3.583953, 6044578.003430, 6044578.003430
Z3, 21, 5, 4K, 135784.000000, 0.032753, 4145696.577413, 4243248.000000, 1.000000, 2, 3.583953, 5254835.477933, 5254835.477933
Z3, 22, 5, 4K, 118304.000000, 0.018814, 6288083.342192, 6572440.000000, 1.000000, 2, 3.583953, 5683312.830889, 5683312.830889
Z3, 23, 5, 4K, 147040.000000, 0.054334, 2706224.463504, 2722960.000000, 1.000000, 2, 3.583953, 4966941.055152, 4966941.055152
Z3, 24, 5, 4K, 179520.000000, 0.029241, 6139324.920488, 6190344.000000, 1.000000, 2, 3.583953, 5653561.146549, 5653561.146549
Z3, 25, 5, 4K, 172688.000000, 0.020591, 8386576.659706, 8634400.000000, 1.000000, 2, 3.583953, 6103011.494392, 6103011.494392
Z3, 26, 5, 4K, 145128.000000, 0.038537, 3765939.227236, 3819152.000000, 1.000000, 2, 3.583953, 5178884.007898, 5178884.007898
Z3, 27, 5, 4K, 179592.000000, 0.045495, 3947510.715463, 3990928.000000, 1.000000, 2, 3.583953, 5215198.305544, 5215198.305544
Z3, 28, 5, 4K, 140720.000000, 0.059835, 2351800.785493, 2385080.000000, 1.000000, 2, 3.583953, 4896056.319550, 4896056.319550
Z3, 29, 5, 4K, 83928.000000, 0.030109, 2787472.184397, 2797600.000000, 1.000000, 2, 3.583953, 4983190.599330, 4983190.599330
Z3, 30, 5, 4K, 82192.000000, 0.026606, 3089227.993686, 3161224.000000, 1.000000, 2, 3.583953, 5043541.761188, 5043541.761188
Z3, 31, 5, 4K, 68504.000000, 0.021561, 3177218.125319, 3262088.000000, 1.000000, 2, 3.583953, 5061139.787515, 5061139.787515
Z3, 32, 5, 4K, 53776.000000, 0.003337, 16115073.419239, 17925328.000000, 1.000000, 2, 3.583953, 7648710.846299, 7648710.846299
Z3, 33, 5, 4K, 72968.000000, 0.024894, 2931148.067808, 3040328.000000, 1.000000, 2, 3.583953, 5011925.776012, 5011925.776012
Z3, 34, 5, 4K, 78200.000000, 0.012717, 6149249.036722, 6516664.000000, 1.000000, 2, 3.583953, 5655545.969795, 5655545.969795
Z3, 35, 5, 4K, 63936.000000, 0.003074, 20798959.011061, 21312000.000000, 1.000000, 2, 3.583953, 8585487.964663, 8585487.964663
Z3, 36, 5, 4K, 86888.000000, 0.021933, 3961519.172024, 4137520.000000, 1.000000, 2, 3.583953, 5217999.996856, 5217999.996856
Z3, 37, 5, 4K, 53856.000000, 0.013933, 3865355.630517, 4142768.000000, 1.000000, 2, 3.583953, 5198767.288554, 5198767.288554
Z3, 38, 5, 4K, 42888.000000, 0.003815, 11241939.711664, 14296000.000000, 1.000000, 2, 3.583953, 6674084.104784, 6674084.104784
Z1, 0, 6, 4K, 44392.000000, 0.049196, 902349.784535, 905952.000000, 1.119714, 2, 4.464239, 6798518.556132, 6798518.556132
Z2, 0, 6, 4K, 6624.000000, 0.035101, 188712.572291, 189256.000000, 1.119714, 2, 4.464239, 6655791.113683, 6655791.113683
Z2, 1, 6, 4K, 12000.000000, 0.005683, 2111560.795355, 2400000.000000, 1.119714, 2, 4.464239, 7040360.758296, 7040360.758296
Z2, 2, 6, 4K, 11456.000000, 0.015417, 743075.825388, 763728.000000, 1.119714, 2, 4.464239, 6766663.764303, 6766663.764303
Z2, 3, 6, 4K, 32384.000000, 0.013016, 2488014.751076, 2491072.000000, 1.119714, 2, 4.464239, 7115651.549440, 7115651.549440
Z2, 4, 6, 4K, 89424.000000, 0.028083, 3184275.184275, 3193712.000000, 1.119714, 2, 4.464239, 7254903.636080, 7254903.636080
Z2, 5, 6, 4K, 37976.000000, 0.010785, 3521186.833565, 3797600.000000, 1.119714, 2, 4.464239, 7322285.965938, 7322285.965938
Z2, 6, 6, 4K, 23176.000000, 0.012465, 1859286.000802, 1931328.000000, 1.119714, 2, 4.464239, 6989905.799386, 6989905.799386
Z2, 7, 6, 4K, 20712.000000, 0.025528, 811344.406142, 828480.000000, 1.119714, 2, 4.464239, 6780317.480454, 6780317.480454
Z3, 0, 6, 4K, 12312.000000, 0.047594, 258688.069925, 261952.000000, 1.119714, 2, 4.464239, 6669786.213210, 6669786.213210
Z3, 1, 6, 4K, 11800.000000, 0.000859, 13736903.376019, 11800000.000000, 1.119714, 2, 4.464239, 9365429.274429, 9365429.274429
Z3, 2, 6, 4K, 11672.000000, 0.000824, 14165048.543689, 11672000.000000, 1.119714, 2, 4.464239, 9451058.307963, 9451058.307963
Z3, 3, 6, 4K, 11856.000000, 0.011631, 1019344.854269, 1077816.000000, 1.119714, 2, 4.464239, 6821917.570079, 6821917.570079
Z3, 4, 6, 4K, 11392.000000, 0.000863, 13200463.499421, 11392000.000000, 1.119714, 2, 4.464239, 9258141.299109, 9258141.299109
Z3, 5, 6, 4K, 11608.000000, 0.003083, 3765163.801492, 3869328.000000, 1.119714, 2, 4.464239, 7371081.359523, 7371081.359523
Z3, 6, 6, 4K, 11808.000000, 0.000987, 11963525.835866, 11808000.000000, 1.119714, 2, 4.464239, 9010753.766398, 9010753.766398
Z3, 7, 6, 4K, 11616.000000, 0.002625, 4425142.857143, 5808000.000000, 1.119714, 2, 4.464239, 7503077.170654, 7503077.170654
Z3, 8, 6, 4K, 11320.000000, 0.004910, 2305498.981670, 2830000.000000, 1.119714, 2, 4.464239, 7079148.395559, 7079148.395559
Z3, 9, 6, 4K, 11672.000000, 0.000896, 13026785.714286, 11672000.000000, 1.119714, 2, 4.464239, 9223405.742082, 9223405.742082
Z3, 10, 6, 4K, 36784.000000, 0.024847, 1480420.171449, 1532664.000000, 1.119714, 2, 4.464239, 6914132.633515, 6914132.633515
Z3, 11, 6, 4K, 30472.000000, 0.012969, 2349602.899221, 2539328.000000, 1.119714, 2, 4.464239, 7087969.179069, 7087969.179069
Z3, 12, 6, 4K, 27608.000000, 0.022235, 1241646.053519, 1254904.000000, 1.119714, 2, 4.464239, 6866377.809929, 6866377.809929
Z3, 13, 6, 4K, 24088.000000, 0.005337, 4513397.039535, 4817600.000000, 1.119714, 2, 4.464239, 7520728.007132, 7520728.007132
Z3, 14, 6, 4K, 38328.000000, 0.013675, 2802778.793419, 2948304.000000, 1.119714, 2, 4.464239, 7178604.357909, 7178604.357909
Z3, 15, 6, 4K, 32072.000000, 0.000934, 34338329.764454, 32072000.000000, 1.119714, 2, 4.464239, 13485714.552116, 13485714.552116
Z3, 16, 6, 4K, 42136.000000, 0.009579, 4398789.017643, 4681776.000000, 1.119714, 2, 4.464239, 7497806.402754, 7497806.402754
Z3, 17, 6, 4K, 36072.000000, 0.004620, 7807792.207792, 9018000.000000, 1.119714, 2, 4.464239, 8179607.040784, 8179607.040784
Z3, 18, 6, 4K, 27192.000000, 0.021520, 1263568.773234, 1294856.000000, 1.119714, 2, 4.464239, 6870762.353872, 6870762.353872
Z3, 19, 6, 4K, 23688.000000, 0.025959, 912515.890443, 947520.000000, 1.119714, 2, 4.464239, 6800551.777314, 6800551.777314
Z3, 20, 6, 4K, 30448.000000, 0.021069, 1445156.390906, 1449904.000000, 1.119714, 2, 4.464239, 6907079.877406, 6907079.877406
Z3, 21, 6, 4K, 86000.000000, 0.018745, 4587890.104028, 4777776.000000, 1.119714, 2, 4.464239, 7535626.620031, 7535626.620031
Z3, 22, 6, 4K, 62728.000000, 0.019485, 3219296.895047, 3301472.000000, 1.119714, 2, 4.464239, 7261907.978235, 7261907.978235
Z3, 23, 6, 4K, 65864.000000, 0.022245, 2960845.133738, 2993816.000000, 1.119714, 2, 4.464239, 7210217.625973, 7210217.625973
Z3, 24, 6, 4K, 82512.000000, 0.002967, 27809908.998989, 41256000.000000, 1.119714, 2, 4.464239, 12180030.399023, 12180030.399023
Z3, 25, 6, 4K, 102240.000000, 0.009589, 10662217.123788, 11360000.000000, 1.119714, 2, 4.464239, 8750492.023983, 8750492.023983
Z3, 26, 6, 4K, 69304.000000, 0.009999, 6931093.109311, 7700440.000000, 1.119714, 2, 4.464239, 8004267.221087, 8004267.221087
Z3, 27, 6, 4K, 73800.000000, 0.021126, 3493325.759727, 3514280.000000, 1.119714, 2, 4.464239, 7316713.751171, 7316713.751171
Z3, 28, 6, 4K, 59424.000000, 0.014952, 3974317.817014, 4244568.000000, 1.119714, 2, 4.464239, 7412912.162628, 7412912.162628
Z3, 29, 6, 4K, 38896.000000, 0.015972, 2435261.707989, 2593064.000000, 1.119714, 2, 4.464239, 7105100.940823, 7105100.940823
Z3, 30, 6, 4K, 30224.000000, 0.020976, 1440884.820748, 1511200.000000, 1.119714, 2, 4.464239, 6906225.563375, 6906225.563375
Z3, 31, 6, 4K, 34568.000000, 0.018535, 1865012.139196, 1920440.000000, 1.119714, 2, 4.464239, 6991051.027064, 6991051.027064
Z3, 32, 6, 4K, 62896.000000, 0.011533, 5453568.022197, 5717816.000000, 1.119714, 2, 4.464239, 7708762.203665, 7708762.203665
Z3, 33, 6, 4K, 50288.000000, 0.011507, 4370209.437734, 4571632.000000, 1.119714, 2, 4.464239, 7492090.486772, 7492090.486772
Z3, 34, 6, 4K, 37280.000000, 0.005031, 7410057.642616, 7456000.000000, 1.119714, 2, 4.464239, 8100060.127748, 8100060.127748
Z3, 35, 6, 4K, 26840.000000, 0.015657, 1714249.217602, 1789328.000000, 1.119714, 2, 4.464239, 6960898.442746, 6960898.442746
Z3, 36, 6, 4K, 30408.000000, 0.013835, 2197903.867004, 2339072.000000, 1.119714, 2, 4.464239, 7057629.372626, 7057629.372626
Z3, 37, 6, 4K, 24136.000000, 0.026098, 924821.825427, 928304.000000, 1.119714, 2, 4.464239, 6803012.964311, 6803012.964311
Z3, 38, 6, 4K, 21376.000000, 0.022375, 955351.955307, 971632.000000, 1.119714, 2, 4.464239, 6809118.990287, 6809118.990287
Z1, 0, 7, 4K, 33008.000000, 0.262157, 125909.283368, 125984.000000, 1.399799, 2, 5.184154, 5037098.049757, 5037098.049757
Z2, 0, 7, 4K, 11888.000000, 0.043425, 273759.355210, 276464.000000, 1.399799, 2, 5.184154, 5066668.064126, 5066668.064126
Z2, 1, 7, 4K, 40440.000000, 0.021231, 1904761.904762, 1925712.000000, 1.399799, 2, 5.184154, 5392868.574036, 5392868.574036
Z2, 2, 7, 4K, 30824.000000, 0.021982, 1402238.194887, 1467808.000000, 1.399799, 2, 5.184154, 5292363.832061, 5292363.832061
Z2, 3, 7, 4K, 76304.000000, 0.028154, 2710236.556084, 2725136.000000, 1.399799, 2, 5.184154, 5553963.504301, 5553963.504301
Z2, 4, 7, 4K, 40368.000000, 0.001540, 26212987.012987, 40368000.000000, 1.399799, 2, 5.184154, 10254513.595681, 10254513.595681
Z2, 5, 7, 4K, 46048.000000, 0.021660, 2125946.445060, 2192760.000000, 1.399799, 2, 5.184154, 5437105.482096, 5437105.482096
Z2, 6, 7, 4K, 66864.000000, 0.024093, 2775245.922052, 2786000.000000, 1.399799, 2, 5.184154, 5566965.377494, 5566965.377494
Z2, 7, 7, 4K, 21440.000000, 0.024662, 869353.661504, 893328.000000, 1.399799, 2, 5.184154, 5185786.925384, 5185786.925384
Z3, 0, 7, 4K, 6624.000000, 0.079836, 82970.088682, 83848.000000, 1.399799, 2, 5.184154, 5028510.210820, 5028510.210820
Z3, 1, 7, 4K, 12288.000000, 0.000997, 12324974.924774, 12288000.000000, 1.399799, 2, 5.184154, 7476911.178039, 7476911.178039
Z3, 2, 7, 4K, 12288.000000, 0.000881, 13947786.606129, 12288000.000000, 1.399799, 2, 5.184154, 7801473.514310, 7801473.514310
Z3, 3, 7, 4K, 12304.000000, 0.000913, 13476451.259584, 12304000.000000, 1.399799, 2, 5.184154, 7707206.445000, 7707206.445000
Z3, 4, 7, 4K, 11832.000000, 0.002786, 4246949.030869, 5916000.000000, 1.399799, 2, 5.184154, 5861305.999257, 5861305.999257
Z3, 5, 7, 4K, 12664.000000, 0.020710, 611492.032834, 633200.000000, 1.399799, 2, 5.184154, 5134214.599651, 5134214.599651
Z3, 6, 7, 4K, 11360.000000, 0.000966, 11759834.368530, 11360000.000000, 1.399799, 2, 5.184154, 7363883.066790, 7363883.066790
Z3, 7, 7, 4K, 11624.000000, 0.010252, 1133827.545845, 1162400.000000, 1.399799, 2, 5.184154, 5238681.702253, 5238681.702253
Z3, 8, 7, 4K, 12008.000000, 0.005996, 2002668.445630, 2401600.000000, 1.399799, 2, 5.184154, 5412449.882210, 5412449.882210
Z3, 9, 7, 4K, 11744.000000, 0.001232, 9532467.532468, 11744000.000000, 1.399799, 2, 5.184154, 6918409.699577, 6918409.699577
Z3, 10, 7, 4K, 11584.000000, 0.000927, 12496224.379720, 11584000.000000, 1.399799, 2, 5.184154, 7511161.069028, 7511161.069028
Z3, 11, 7, 4K, 11528.000000, 0.000988, 11668016.194332, 11528000.000000, 1.399799, 2, 5.184154, 7345519.431950, 7345519.431950
Z3, 12, 7, 4K, 32448.000000, 0.020648, 1571483.920961, 1622400.000000, 1.399799, 2, 5.184154, 5326212.977276, 5326212.977276
Z3, 13, 7, 4K, 29808.000000, 0.028927, 1030455.975386, 1064568.000000, 1.399799, 2, 5.184154, 5218007.388161, 5218007.388161
Z3, 14, 7, 4K, 26008.000000, 0.000921, 28238870.792617, 26008000.000000, 1.399799, 2, 5.184154, 10659690.351607, 10659690.351607
Z3, 15, 7, 4K, 43712.000000, 0.006213, 7035570.577821, 7285328.000000, 1.399799, 2, 5.184154, 6419030.308648, 6419030.308648
Z3, 16, 7, 4K, 42976.000000, 0.024450, 1757709.611452, 1790664.000000, 1.399799, 2, 5.184154, 5363458.115374, 5363458.115374
Z3, 17, 7, 4K, 80888.000000, 0.022188, 3645574.184244, 3676720.000000, 1.399799, 2, 5.184154, 5741031.029932, 5741031.029932
Z3, 18, 7, 4K, 51248.000000, 0.007955, 6442237.586424, 7321136.000000, 1.399799, 2, 5.184154, 6300363.710368, 6300363.710368
Z3, 19, 7, 4K, 29472.000000, 0.020910, 1409469.153515, 1473600.000000, 1.399799, 2, 5.184154, 5293810.023787, 5293810.023787
Z3, 20, 7, 4K, 23856.000000, 0.025845, 923041.207197, 954240.000000, 1.399799, 2, 5.184154, 5196524.434523, 5196524.434523
Z3, 21, 7, 4K, 78816.000000, 0.010353, 7612865.835990, 7881600.000000, 1.399799, 2, 5.184154, 6534489.360282, 6534489.360282
Z3, 22, 7, 4K, 66288.000000, 0.011457, 5785807.803090, 6026176.000000, 1.399799, 2, 5.184154, 6169077.753702, 6169077.753702
Z3, 23, 7, 4K, 69920.000000, 0.052495, 1331936.374893, 1344608.000000, 1.399799, 2, 5.184154, 5278303.468062, 5278303.468062
Z3, 24, 7, 4K, 81944.000000, 0.001717, 47725101.921957, 81944000.000000, 1.399799, 2, 5.184154, 14556936.577475, 14556936.577475
Z3, 25, 7, 4K, 102376.000000, 0.034641, 2955341.935856, 3011056.000000, 1.399799, 2, 5.184154, 5602984.580255, 5602984.580255
Z3, 26, 7, 4K, 76792.000000, 0.019096, 4021365.731043, 4041680.000000, 1.399799, 2, 5.184154, 5816189.339292, 5816189.339292
Z3, 27, 7, 4K, 81072.000000, 0.014543, 5574640.720622, 5790856.000000, 1.399799, 2, 5.184154, 6126844.337208, 6126844.337208
Z3, 28, 7, 4K, 62656.000000, 0.015088, 4152704.135737, 4177064.000000, 1.399799, 2, 5.184154, 5842457.020231, 5842457.020231
Z3, 29, 7, 4K, 41248.000000, 0.021855, 1887348.432853, 1964184.000000, 1.399799, 2, 5.184154, 5389385.879654, 5389385.879654
Z3, 30, 7, 4K, 51888.000000, 0.015460, 3356274.256145, 3459200.000000, 1.399799, 2, 5.184154, 5683171.044313, 5683171.044313
Z3, 31, 7, 4K, 60864.000000, 0.019080, 3189937.106918, 3203368.000000, 1.399799, 2, 5.184154, 5649903.614467, 5649903.614467
Z3, 32, 7, 4K, 30224.000000, 0.015647, 1931616.284272, 2014928.000000, 1.399799, 2, 5.184154, 5398239.449938, 5398239.449938
Z3, 33, 7, 4K, 29312.000000, 0.018986, 1543874.433793, 1628440.000000, 1.399799, 2, 5.184154, 5320691.079842, 5320691.079842
Z3, 34, 7, 4K, 25728.000000, 0.023822, 1080010.074721, 1118608.000000, 1.399799, 2, 5.184154, 5227918.208028, 5227918.208028
Z3, 35, 7, 4K, 27640.000000, 0.009619, 2873479.571681, 3071104.000000, 1.399799, 2, 5.184154, 5586612.107420, 5586612.107420
Z3, 36, 7, 4K, 32608.000000, 0.023871, 1366008.964853, 1417736.000000, 1.399799, 2, 5.184154, 5285117.986054, 5285117.986054
Z3, 37, 7, 4K, 25080.000000, 0.009148, 2741582.859641, 2786664.000000, 1.399799, 2, 5.184154, 5560232.765012, 5560232.765012
Z3, 38, 7, 4K, 21912.000000, 0.008467, 2587929.609071, 2739000.000000, 1.399799, 2, 5.184154, 5529502.114898, 5529502.114898
Z1, 0, 8, 4K, 99296.000000, 0.033291, 2982667.988345, 3008968.000000, 1.333618, 2, 6.250335, 3651908.155407, 3651908.155407
Z2, 0, 8, 4K, 6624.000000, 0.062451, 106067.156651, 106832.000000, 1.333618, 2, 6.250335, 3076587.989068, 3076587.989068
Z2, 1, 8, 4K, 12736.000000, 0.000887, 14358511.837655, 12736000.000000, 1.333618, 2, 6.250335, 5927076.925269, 5927076.925269
Z2, 2, 8, 4K, 12272.000000, 0.017135, 716194.922673, 721880.000000, 1.333618, 2, 6.250335, 3198613.542272, 3198613.542272
Z2, 3, 8, 4K, 46672.000000, 0.020793, 2244601.548598, 2333600.000000, 1.333618, 2, 6.250335, 3504294.867457, 3504294.867457
Z2, 4, 8, 4K, 116120.000000, 0.017517, 6628988.982132, 6830584.000000, 1.333618, 2, 6.250335, 4381172.354164, 4381172.354164
Z2, 5, 8, 4K, 109880.000000, 0.001885, 58291777.188329, 109880000.000000, 1.333618, 2, 6.250335, 14713729.995404, 14713729.995404
Z2, 6, 8, 4K, 81552.000000, 0.011982, 6806209.313971, 7413816.000000, 1.333618, 2, 6.250335, 4416616.420532, 4416616.420532
Z2, 7, 8, 4K, 48376.000000, 0.021575, 2242224.797219, 2303616.000000, 1.333618, 2, 6.250335, 3503819.517182, 3503819.517182
Z3, 0, 8, 4K, 13168.000000, 0.045952, 286559.888579, 292616.000000, 1.333618, 2, 6.250335, 3112686.535454, 3112686.535454
Z3, 1, 8, 4K, 12440.000000, 0.000929, 13390742.734123, 12440000.000000, 1.333618, 2, 6.250335, 5733523.104562, 5733523.104562
Z3, 2, 8, 4K, 12288.000000, 0.012694, 968016.385694, 1024000.000000, 1.333618, 2, 6.250335, 3248977.834877, 3248977.834877
Z3, 3, 8, 4K, 13040.000000, 0.000946, 13784355.179704, 13040000.000000, 1.333618, 2, 6.250335, 5812245.593679, 5812245.593679
Z3, 4, 8, 4K, 11984.000000, 0.000845, 14182248.520710, 11984000.000000, 1.333618, 2, 6.250335, 5891824.261880, 5891824.261880
Z3, 5, 8, 4K, 12736.000000, 0.002431, 5238996.297820, 6368000.000000, 1.333618, 2, 6.250335, 4103173.817302, 4103173.817302
Z3, 6, 8, 4K, 12728.000000, 0.000917, 13880043.620502, 12728000.000000, 1.333618, 2, 6.250335, 5831383.281838, 5831383.281838
Z3, 7, 8, 4K, 13416.000000, 0.001117, 12010743.061773, 13416000.000000, 1.333618, 2, 6.250335, 5457523.170092, 5457523.170092
Z3, 8, 8, 4K, 12296.000000, 0.007900, 1556455.696203, 1756568.000000, 1.333618, 2, 6.250335, 3366665.696978, 3366665.696978
Z3, 9, 8, 4K, 12368.000000, 0.004165, 2969507.803121, 3092000.000000, 1.333618, 2, 6.250335, 3649276.118362, 3649276.118362
Z3, 10, 8, 4K, 47728.000000, 0.004254, 11219558.063000, 11932000.000000, 1.333618, 2, 6.250335, 5299286.170338, 5299286.170338
Z3, 11, 8, 4K, 36848.000000, 0.016738, 2201457.760784, 2303000.000000, 1.333618, 2, 6.250335, 3495666.109895, 3495666.109895
Z3, 12, 8, 4K, 37200.000000, 0.021910, 1697854.860794, 1771424.000000, 1.333618, 2, 6.250335, 3394945.529897, 3394945.529897
Z3, 13, 8, 4K, 36304.000000, 0.015234, 2383090.455560, 2420264.000000, 1.333618, 2, 6.250335, 3531992.648850, 3531992.648850
Z3, 14, 8, 4K, 72440.000000, 0.023673, 3060026.190174, 3149560.000000, 1.333618, 2, 6.250335, 3667379.795773, 3667379.795773
Z3, 15, 8, 4K, 94656.000000, 0.019609, 4827171.196899, 4981888.000000, 1.333618, 2, 6.250335, 4020808.797118, 4020808.797118
Z3, 16, 8, 4K, 126944.000000, 0.006086, 20858363.457115, 21157328.000000, 1.333618, 2, 6.250335, 7227047.249161, 7227047.249161
Z3, 17, 8, 4K, 91896.000000, 0.014945, 6148946.135831, 6564000.000000, 1.333618, 2, 6.250335, 4285163.784904, 4285163.784904
Z3, 18, 8, 4K, 51968.000000, 0.016986, 3059460.732368, 3248000.000000, 1.333618, 2, 6.250335, 3667266.704211, 3667266.704211
Z3, 19, 8, 4K, 33024.000000, 0.021328, 1548387.096774, 1572568.000000, 1.333618, 2, 6.250335, 3365051.977093, 3365051.977093
Z3, 20, 8, 4K, 47048.000000, 0.019242, 2445068.080241, 2476208.000000, 1.333618, 2, 6.250335, 3544388.173786, 3544388.173786
Z3, 21, 8, 4K, 183840.000000, 0.009671, 19009409.575018, 20426664.000000, 1.333618, 2, 6.250335, 6857256.472741, 6857256.472741
Z3, 22, 8, 4K, 154184.000000, 0.011184, 13786123.032904, 14016720.000000, 1.333618, 2, 6.250335, 5812599.164319, 5812599.164319
Z3, 23, 8, 4K, 155104.000000, 0.041259, 3759276.763858, 3783024.000000, 1.333618, 2, 6.250335, 3807229.910509, 3807229.910509
Z3, 24, 8, 4K, 164936.000000, 0.032033, 5148940.155465, 5154248.000000, 1.333618, 2, 6.250335, 4085162.588831, 4085162.588831
Z3, 25, 8, 4K, 148008.000000, 0.039292, 3766873.663850, 3795072.000000, 1.333618, 2, 6.250335, 3808749.290508, 3808749.290508
Z3, 26, 8, 4K, 158128.000000, 0.062387, 2534630.612147, 2550448.000000, 1.333618, 2, 6.250335, 3562300.680167, 3562300.680167
Z3, 27, 8, 4K, 212408.000000, 0.058950, 3603189.143342, 3662200.000000, 1.333618, 2, 6.250335, 3776012.386406, 3776012.386406
Z3, 28, 8, 4K, 148464.000000, 0.050720, 2927129.337539, 2969280.000000, 1.333618, 2, 6.250335, 3640800.425246, 3640800.425246
Z3, 29, 8, 4K, 105600.000000, 0.043116, 2449206.790982, 2455808.000000, 1.333618, 2, 6.250335, 3545215.915934, 3545215.915934
Z3, 30, 8, 4K, 74800.000000, 0.025038, 2987459.062225, 2992000.000000, 1.333618, 2, 6.250335, 3652866.370183, 3652866.370183
Z3, 31, 8, 4K, 60904.000000, 0.009438, 6453062.089426, 6767104.000000, 1.333618, 2, 6.250335, 4345986.975623, 4345986.975623
Z3, 32, 8, 4K, 56704.000000, 0.011226, 5051131.302334, 5154904.000000, 1.333618, 2, 6.250335, 4065600.818205, 4065600.818205
Z3, 33, 8, 4K, 77872.000000, 0.020887, 3728252.022789, 3893600.000000, 1.333618, 2, 6.250335, 3801024.962296, 3801024.962296
Z3, 34, 8, 4K, 87632.000000, 0.020691, 4235271.374027, 4381600.000000, 1.333618, 2, 6.250335, 3902428.832543, 3902428.832543
Z3, 35, 8, 4K, 57472.000000, 0.034980, 1642995.997713, 1690352.000000, 1.333618, 2, 6.250335, 3383973.757280, 3383973.757280
Z3, 36, 8, 4K, 71616.000000, 0.036309, 1972403.536313, 1989328.000000, 1.333618, 2, 6.250335, 3449855.265000, 3449855.265000
Z3, 37, 8, 4K, 59800.000000, 0.024400, 2450819.672131, 2491664.000000, 1.333618, 2, 6.250335, 3545538.492164, 3545538.492164
Z3, 38, 8, 4K, 54240.000000, 0.027304, 1986522.121301, 2008888.000000, 1.333618, 2, 6.250335, 3452678.981998, 3452678.981998
Z1, 0, 9, 4K, 65080.000000, 0.022843, 2849012.826687, 2958176.000000, 1.322651, 2, 7.261302, 3924151.244806, 3924151.244806
Z2, 0, 9, 4K, 6624.000000, 0.032397, 204463.376239, 207000.000000, 1.322651, 2, 7.261302, 3395241.354716, 3395241.354716
Z2, 1, 9, 4K, 12720.000000, 0.024563, 517852.053902, 530000.000000, 1.322651, 2, 7.261302, 3457919.090249, 3457919.090249
Z2, 2, 9, 4K, 12808.000000, 0.010115, 1266238.260010, 1280800.000000, 1.322651, 2, 7.261302, 3607596.331471, 3607596.331471
Z2, 3, 9, 4K, 11704.000000, 0.000915, 12791256.830601, 11704000.000000, 1.322651, 2, 7.261302, 5912600.045589, 5912600.045589
Z2, 4, 9, 4K, 46808.000000, 0.021825, 2144696.449026, 2228952.000000, 1.322651, 2, 7.261302, 3783287.969274, 3783287.969274
Z2, 5, 9, 4K, 62864.000000, 0.001456, 43175824.175824, 62864000.000000, 1.322651, 2, 7.261302, 11989513.514633, 11989513.514633
Z2, 6, 9, 4K, 144400.000000, 0.010703, 13491544.426796, 14440000.000000, 1.322651, 2, 7.261302, 6052657.564828, 6052657.564828
Z2, 7, 9, 4K, 143784.000000, 0.007267, 19785881.381588, 20540568.000000, 1.322651, 2, 7.261302, 7311524.955786, 7311524.955786
Z3, 0, 9, 4K, 13352.000000, 0.045079, 296191.131125, 296704.000000, 1.322651, 2, 7.261302, 3413586.905694, 3413586.905694
Z3, 1, 9, 4K, 19152.000000, 0.000840, 22800000.000000, 19152000.000000, 1.322651, 2, 7.261302, 7914348.679469, 7914348.679469
Z3, 2, 9, 4K, 15048.000000, 0.019504, 771534.044299, 792000.000000, 1.322651, 2, 7.261302, 3508655.488328, 3508655.488328
Z3, 3, 9, 4K, 13656.000000, 0.001070, 12762616.822430, 13656000.000000, 1.322651, 2, 7.261302, 5906872.043955, 5906872.043955
Z3, 4, 9, 4K, 15568.000000, 0.000779, 19984595.635430, 15568000.000000, 1.322651, 2, 7.261302, 7351267.806555, 7351267.806555
Z3, 5, 9, 4K, 19992.000000, 0.024645, 811199.026172, 833000.000000, 1.322651, 2, 7.261302, 3516588.484703, 3516588.484703
Z3, 6, 9, 4K, 43816.000000, 0.014897, 2941263.341612, 3129712.000000, 1.322651, 2, 7.261302, 3942601.347791, 3942601.347791
Z3, 7, 9, 4K, 32640.000000, 0.020030, 1629555.666500, 1632000.000000, 1.322651, 2, 7.261302, 3680259.812769, 3680259.812769
Z3, 8, 9, 4K, 13112.000000, 0.005857, 2238688.748506, 2622400.000000, 1.322651, 2, 7.261302, 3802086.429170, 3802086.429170
Z3, 9, 9, 4K, 56456.000000, 0.014736, 3831161.780673, 4032568.000000, 1.322651, 2, 7.261302, 4120581.035603, 4120581.035603
Z3, 10, 9, 4K, 42936.000000, 0.040302, 1065356.557987, 1073400.000000, 1.322651, 2, 7.261302, 3567419.991066, 3567419.991066
Z3, 11, 9, 4K, 49664.000000, 0.003792, 13097046.413502, 16554664.000000, 1.322651, 2, 7.261302, 5973757.962169, 5973757.962169
Z3, 12, 9, 4K, 55832.000000, 0.020929, 2667685.985953, 2791600.000000, 1.322651, 2, 7.261302, 3887885.876659, 3887885.876659
Z3, 13, 9, 4K, 101440.000000, 0.013841, 7328950.220360, 7803072.000000, 1.322651, 2, 7.261302, 4820138.723541, 4820138.723541
Z3, 14, 9, 4K, 127064.000000, 0.024323, 5224026.641450, 5294328.000000, 1.322651, 2, 7.261302, 4399154.007759, 4399154.007759
Z3, 15, 9, 4K, 186256.000000, 0.029129, 6394177.623674, 6422616.000000, 1.322651, 2, 7.261302, 4633184.204203, 4633184.204203
Z3, 16, 9, 4K, 117264.000000, 0.014691, 7982029.814172, 8376000.000000, 1.322651, 2, 7.261302, 4950754.642303, 4950754.642303
Z3, 17, 9, 4K, 90064.000000, 0.033621, 2678801.939264, 2729208.000000, 1.322651, 2, 7.261302, 3890109.067321, 3890109.067321
Z3, 18, 9, 4K, 158280.000000, 0.024548, 6447775.786215, 6595000.000000, 1.322651, 2, 7.261302, 4643903.836712, 4643903.836712
Z3, 19, 9, 4K, 210712.000000, 0.020814, 10123570.673585, 10535600.000000, 1.322651, 2, 7.261302, 5379062.814186, 5379062.814186
Z3, 20, 9, 4K, 212696.000000, 0.072611, 2929253.143463, 2954104.000000, 1.322651, 2, 7.261302, 3940199.308161, 3940199.308161
Z3, 21, 9, 4K, 204264.000000, 0.025866, 7897007.654836, 8170560.000000, 1.322651, 2, 7.261302, 4933750.210436, 4933750.210436
Z3, 22, 9, 4K, 225960.000000, 0.078759, 2869005.446997, 2896920.000000, 1.322651, 2, 7.261302, 3928149.768868, 3928149.768868
Z3, 23, 9, 4K, 199056.000000, 0.045929, 4333993.772997, 4423464.000000, 1.322651, 2, 7.261302, 4221147.434068, 4221147.434068
Z3, 24, 9, 4K, 204104.000000, 0.105983, 1925818.291613, 1943840.000000, 1.322651, 2, 7.261302, 3739512.337791, 3739512.337791
Z3, 25, 9, 4K, 264656.000000, 0.053676, 4930620.761607, 4993504.000000, 1.322651, 2, 7.261302, 4340472.831790, 4340472.831790
Z3, 26, 9, 4K, 229440.000000, 0.055896, 4104765.993989, 4171632.000000, 1.322651, 2, 7.261302, 4175301.878266, 4175301.878266
Z3, 27, 9, 4K, 143136.000000, 0.053121, 2694527.587960, 2700672.000000, 1.322651, 2, 7.261302, 3893254.197061, 3893254.197061
Z3, 28, 9, 4K, 59784.000000, 0.044111, 1355308.199769, 1358720.000000, 1.322651, 2, 7.261302, 3625410.319422, 3625410.319422
Z3, 29, 9, 4K, 71424.000000, 0.005745, 12432375.979112, 14284800.000000, 1.322651, 2, 7.261302, 5840823.875291, 5840823.875291
Z3, 30, 9, 4K, 71768.000000, 0.023369, 3071077.067910, 3120344.000000, 1.322651, 2, 7.261302, 3968564.093051, 3968564.093051
Z3, 31, 9, 4K, 78016.000000, 0.027310, 2856682.533870, 2889480.000000, 1.322651, 2, 7.261302, 3925685.186243, 3925685.186243
Z3, 32, 9, 4K, 85112.000000, 0.023674, 3595167.694517, 3700520.000000, 1.322651, 2, 7.261302, 4073382.218372, 4073382.218372
Z3, 33, 9, 4K, 105792.000000, 0.054981, 1924155.617395, 1959104.000000, 1.322651, 2, 7.261302, 3739179.802948, 3739179.802948
Z3, 34, 9, 4K, 59104.000000, 0.006959, 8493174.306653, 9850664.000000, 1.322651, 2, 7.261302, 5052983.540799, 5052983.540799
Z3, 35, 9, 4K, 89744.000000, 0.027863, 3220902.271830, 3323848.000000, 1.322651, 2, 7.261302, 3998529.133835, 3998529.133835
Z3, 36, 9, 4K, 82576.000000, 0.034775, 2374579.439252, 2428704.000000, 1.322651, 2, 7.261302, 3829264.567319, 3829264.567319
Z3, 37, 9, 4K, 72616.000000, 0.039558, 1835684.311644, 1861944.000000, 1.322651, 2, 7.261302, 3721485.541797, 3721485.541797
Z3, 38, 9, 4K, 59624.000000, 0.011842, 5034960.310758, 5420360.000000, 1.322651, 2, 7.261302, 4361340.741620, 4361340.741620
Z1, 0, 10, 4K, 99416.000000, 0.044691, 2224519.478195, 2259448.000000, 1.018171, 2, 8.565782, 2557856.694926, 2557856.694926
Z2, 0, 10, 4K, 6624.000000, 0.043840, 151094.890511, 154040.000000, 1.018171, 2, 8.565782, 2143171.777390, 2143171.777390
Z2, 1, 10, 4K, 11896.000000, 0.001506, 7899070.385126, 11896000.000000, 1.018171, 2, 8.565782, 3692766.876313, 3692766.876313
Z2, 2, 10, 4K, 11408.000000, 0.000910, 12536263.736264, 11408000.000000, 1.018171, 2, 8.565782, 4620205.546540, 4620205.546540
Z2, 3, 10, 4K, 11528.000000, 0.001097, 10508659.981768, 11528000.000000, 1.018171, 2, 8.565782, 4214684.795641, 4214684.795641
Z2, 4, 10, 4K, 96624.000000, 0.012125, 7968989.690722, 8052000.000000, 1.018171, 2, 8.565782, 3706750.737432, 3706750.737432
Z2, 5, 10, 4K, 91896.000000, 0.022701, 4048103.607771, 4177088.000000, 1.018171, 2, 8.565782, 2922573.520842, 2922573.520842
Z2, 6, 10, 4K, 172656.000000, 0.025800, 6692093.023256, 6906240.000000, 1.018171, 2, 8.565782, 3451371.403939, 3451371.403939
Z2, 7, 10, 4K, 150256.000000, 0.030680, 4897522.816167, 5008528.000000, 1.018171, 2, 8.565782, 3092457.362521, 3092457.362521
Z3, 0, 10, 4K, 21424.000000, 0.022110, 968973.315242, 973816.000000, 1.018171, 2, 8.565782, 2306747.462336, 2306747.462336
Z3, 1, 10, 4K, 61888.000000, 0.020373, 3037746.036421, 3094400.000000, 1.018171, 2, 8.565782, 2720502.006572, 2720502.006572
Z3, 2, 10, 4K, 32688.000000, 0.010623, 3077096.865292, 3268800.000000, 1.018171, 2, 8.565782, 2728372.172346, 2728372.172346
Z3, 3, 10, 4K, 21168.000000, 0.000887, 23864712.514092, 21168000.000000, 1.018171, 2, 8.565782, 6885895.302106, 6885895.302106
Z3, 4, 10, 4K, 28472.000000, 0.000949, 30002107.481560, 28472000.000000, 1.018171, 2, 8.565782, 8113374.295599, 8113374.295599
Z3, 5, 10, 4K, 45352.000000, 0.020967, 2163018.076024, 2267600.000000, 1.018171, 2, 8.565782, 2545556.414492, 2545556.414492
Z3, 6, 10, 4K, 72936.000000, 0.003756, 19418530.351438, 24312000.000000, 1.018171, 2, 8.565782, 5996658.869575, 5996658.869575
Z3, 7, 10, 4K, 27848.000000, 0.010861, 2564036.460731, 2784800.000000, 1.018171, 2, 8.565782, 2625760.091434, 2625760.091434
Z3, 8, 10, 4K, 13192.000000, 0.010162, 1298169.651643, 1319200.000000, 1.018171, 2, 8.565782, 2372586.729616, 2372586.729616
Z3, 9, 10, 4K, 75360.000000, 0.018580, 4055974.165770, 4186664.000000, 1.018171, 2, 8.565782, 2924147.632441, 2924147.632441
Z3, 10, 10, 4K, 100176.000000, 0.009883, 10136193.463523, 11130664.000000, 1.018171, 2, 8.565782, 4140191.491992, 4140191.491992
Z3, 11, 10, 4K, 71264.000000, 0.002719, 26209635.895550, 35632000.000000, 1.018171, 2, 8.565782, 7354879.978397, 7354879.978397
Z3, 12, 10, 4K, 87864.000000, 0.019694, 4461460.343252, 4624416.000000, 1.018171, 2, 8.565782, 3005244.867938, 3005244.867938
Z3, 13, 10, 4K, 125616.000000, 0.030860, 4070511.989631, 4187200.000000, 1.018171, 2, 8.565782, 2927055.197214, 2927055.197214
Z3, 14, 10, 4K, 148008.000000, 0.031353, 4720696.584059, 4774448.000000, 1.018171, 2, 8.565782, 3057092.116099, 3057092.116099
Z3, 15, 10, 4K, 196960.000000, 0.036689, 5368366.540380, 5471104.000000, 1.018171, 2, 8.565782, 3186626.107363, 3186626.107363
Z3, 16, 10, 4K, 128568.000000, 0.032869, 3911527.579178, 4017744.000000, 1.018171, 2, 8.565782, 2895258.315123, 2895258.315123
Z3, 17, 10, 4K, 101392.000000, 0.025691, 3946596.084232, 4055680.000000, 1.018171, 2, 8.565782, 2902272.016134, 2902272.016134
Z3, 18, 10, 4K, 176696.000000, 0.029353, 6019691.343304, 6092960.000000, 1.018171, 2, 8.565782, 3316891.067948, 3316891.067948
Z3, 19, 10, 4K, 235888.000000, 0.016939, 13925733.514375, 14743000.000000, 1.018171, 2, 8.565782, 4898099.502162, 4898099.502162
Z3, 20, 10, 4K, 238056.000000, 0.022453, 10602413.931323, 10820720.000000, 1.018171, 2, 8.565782, 4233435.585552, 4233435.585552
Z3, 21, 10, 4K, 231240.000000, 0.033004, 7006423.463823, 7007272.000000, 1.018171, 2, 8.565782, 3514237.492052, 3514237.492052
Z3, 22, 10, 4K, 299680.000000, 0.030406, 9855949.483655, 9989328.000000, 1.018171, 2, 8.565782, 4084142.696018, 4084142.696018
Z3, 23, 10, 4K, 228120.000000, 0.036490, 6251575.774185, 6336664.000000, 1.018171, 2, 8.565782, 3363267.954124, 3363267.954124
Z3, 24, 10, 4K, 227320.000000, 0.018492, 12292883.409042, 12628888.000000, 1.018171, 2, 8.565782, 4571529.481096, 4571529.481096
Z3, 25, 10, 4K, 304072.000000, 0.031892, 9534428.696852, 9808768.000000, 1.018171, 2, 8.565782, 4019838.538658, 4019838.538658
Z3, 26, 10, 4K, 353400.000000, 0.064228, 5502273.151896, 5521872.000000, 1.018171, 2, 8.565782, 3213407.429667, 3213407.429667
Z3, 27, 10, 4K, 171632.000000, 0.070946, 2419192.061568, 2451880.000000, 1.018171, 2, 8.565782, 2596791.211601, 2596791.211601
Z3, 28, 10, 4K, 75936.000000, 0.036312, 2091209.517515, 2109328.000000, 1.018171, 2, 8.565782, 2531194.702790, 2531194.702790
Z3, 29, 10, 4K, 98848.000000, 0.018965, 5212127.603480, 5491552.000000, 1.018171, 2, 8.565782, 3155378.319983, 3155378.319983
Z3, 30, 10, 4K, 91496.000000, 0.035143, 2603534.131975, 2614168.000000, 1.018171, 2, 8.565782, 2633659.625682, 2633659.625682
Z3, 31, 10, 4K, 97576.000000, 0.040292, 2421721.433535, 2439400.000000, 1.018171, 2, 8.565782, 2597297.085994, 2597297.085994
Z3, 32, 10, 4K, 97704.000000, 0.015822, 6175199.089875, 6513600.000000, 1.018171, 2, 8.565782, 3347992.617262, 3347992.617262
Z3, 33, 10, 4K, 88320.000000, 0.017505, 5045415.595544, 5195288.000000, 1.018171, 2, 8.565782, 3122035.918396, 3122035.918396
Z3, 34, 10, 4K, 87440.000000, 0.014879, 5876739.028160, 6245712.000000, 1.018171, 2, 8.565782, 3288300.604919, 3288300.604919
Z3, 35, 10, 4K, 104440.000000, 0.041522, 2515293.097635, 2547312.000000, 1.018171, 2, 8.565782, 2616011.418814, 2616011.418814
Z3, 36, 10, 4K, 121960.000000, 0.046344, 2631624.374245, 2651304.000000, 1.018171, 2, 8.565782, 2639277.674136, 2639277.674136
Z3, 37, 10, 4K, 101328.000000, 0.034903, 2903131.535971, 2980232.000000, 1.018171, 2, 8.565782, 2693579.106482, 2693579.106482
Z3, 38, 10, 4K, 96152.000000, 0.049050, 1960285.423038, 1962280.000000, 1.018171, 2, 8.565782, 2505009.883895, 2505009.883895
Z1, 0, 11, 4K, 89648.000000, 0.053751, 1667838.737884, 1691464.000000, 1.000000, 2, 9.769771, 2647507.240410, 2647507.240410
Z2, 0, 11, 4K, 6624.000000, 0.038961, 170016.170016, 174312.000000, 1.000000, 2, 9.769771, 2347942.726837, 2347942.726837
Z2, 1, 11, 4K, 21080.000000, 0.002038, 10343473.994112, 10540000.000000, 1.000000, 2, 9.769771, 4382634.291656, 4382634.291656
Z2, 2, 11, 4K, 15416.000000, 0.003592, 4291759.465479, 5138664.000000, 1.000000, 2, 9.769771, 3172291.385929, 3172291.385929
Z2, 3, 11, 4K, 20560.000000, 0.000947, 21710665.258712, 20560000.000000, 1.000000, 2, 9.769771, 6656072.544576, 6656072.544576
Z2, 4, 11, 4K, 90224.000000, 0.001197, 75375104.427736, 90224000.000000, 1.000000, 2, 9.769771, 17388960.378381, 17388960.378381
Z2, 5, 11, 4K, 106528.000000, 0.001476, 72173441.734417, 106528000.000000, 1.000000, 2, 9.769771, 16748627.839717, 16748627.839717
Z2, 6, 11, 4K, 265808.000000, 0.010142, 26208637.349635, 26580800.000000, 1.000000, 2, 9.769771, 7555666.962761, 7555666.962761
Z2, 7, 11, 4K, 144872.000000, 0.008058, 17978654.753040, 18109000.000000, 1.000000, 2, 9.769771, 5909670.443442, 5909670.443442
Z3, 0, 11, 4K, 30984.000000, 0.050255, 616535.668093, 619680.000000, 1.000000, 2, 9.769771, 2437246.626452, 2437246.626452
Z3, 1, 11, 4K, 34936.000000, 0.005555, 6289108.910891, 6987200.000000, 1.000000, 2, 9.769771, 3571761.275012, 3571761.275012
Z3, 2, 11, 4K, 27632.000000, 0.040027, 690334.024533, 690800.000000, 1.000000, 2, 9.769771, 2452006.297740, 2452006.297740
Z3, 3, 11, 4K, 23520.000000, 0.001028, 22879377.431907, 23520000.000000, 1.000000, 2, 9.769771, 6889814.979215, 6889814.979215
Z3, 4, 11, 4K, 31368.000000, 0.001087, 28857405.703772, 31368000.000000, 1.000000, 2, 9.769771, 8085420.633588, 8085420.633588
Z3, 5, 11, 4K, 54312.000000, 0.024192, 2245039.682540, 2263000.000000, 1.000000, 2, 9.769771, 2762947.429341, 2762947.429341
Z3, 6, 11, 4K, 40752.000000, 0.019746, 2063810.391978, 2144840.000000, 1.000000, 2, 9.769771, 2726701.571229, 2726701.571229
Z3, 7, 11, 4K, 38360.000000, 0.008608, 4456319.702602, 4795000.000000, 1.000000, 2, 9.769771, 3205203.433354, 3205203.433354
Z3, 8, 11, 4K, 36560.000000, 0.019951, 1832489.599519, 1924208.000000, 1.000000, 2, 9.769771, 2680437.412737, 2680437.412737
Z3, 9, 11, 4K, 91920.000000, 0.019559, 4699626.770285, 4837888.000000, 1.000000, 2, 9.769771, 3253864.846890, 3253864.846890
Z3, 10, 11, 4K, 138720.000000, 0.002970, 46707070.707071, 69360000.000000, 1.000000, 2, 9.769771, 11655353.634248, 11655353.634248
Z3, 11, 11, 4K, 120856.000000, 0.050730, 2382337.867140, 2417120.000000, 1.000000, 2, 9.769771, 2790407.066261, 2790407.066261
Z3, 12, 11, 4K, 114584.000000, 0.014521, 7890916.603540, 8184568.000000, 1.000000, 2, 9.769771, 3892122.813541, 3892122.813541
Z3, 13, 11, 4K, 144272.000000, 0.003395, 42495434.462445, 48090664.000000, 1.000000, 2, 9.769771, 10813026.385322, 10813026.385322
Z3, 14, 11, 4K, 138616.000000, 0.015727, 8813886.946016, 9241064.000000, 1.000000, 2, 9.769771, 4076716.882037, 4076716.882037
Z3, 15, 11, 4K, 211528.000000, 0.033610, 6293603.094317, 6409936.000000, 1.000000, 2, 9.769771, 3572660.111697, 3572660.111697
Z3, 16, 11, 4K, 135616.000000, 0.015819, 8572981.857260, 9041064.000000, 1.000000, 2, 9.769771, 4028535.864286, 4028535.864286
Z3, 17, 11, 4K, 99488.000000, 0.041486, 2398110.205853, 2426536.000000, 1.000000, 2, 9.769771, 2793561.534004, 2793561.534004
Z3, 18, 11, 4K, 207096.000000, 0.025059, 8264336.166647, 8283840.000000, 1.000000, 2, 9.769771, 3966806.726163, 3966806.726163
Z3, 19, 11, 4K, 254456.000000, 0.050190, 5069854.552700, 5089120.000000, 1.000000, 2, 9.769771, 3327910.403373, 3327910.403373
Z3, 20, 11, 4K, 295200.000000, 0.067439, 4377289.105710, 4405968.000000, 1.000000, 2, 9.769771, 3189397.313976, 3189397.313976
Z3, 21, 11, 4K, 337696.000000, 0.084668, 3988472.622478, 4020184.000000, 1.000000, 2, 9.769771, 3111634.017329, 3111634.017329
Z3, 22, 11, 4K, 372720.000000, 0.073065, 5101211.250257, 5105752.000000, 1.000000, 2, 9.769771, 3334181.742885, 3334181.742885
Z3, 23, 11, 4K, 225672.000000, 0.018875, 11956132.450331, 12537328.000000, 1.000000, 2, 9.769771, 4705165.982900, 4705165.982900
Z3, 24, 11, 4K, 265312.000000, 0.055329, 4795170.706140, 4823848.000000, 1.000000, 2, 9.769771, 3272973.634061, 3272973.634061
Z3, 25, 11, 4K, 373248.000000, 0.146714, 2544051.692408, 2556488.000000, 1.000000, 2, 9.769771, 2822749.831315, 2822749.831315
Z3, 26, 11, 4K, 513952.000000, 0.089599, 5736135.447940, 5774736.000000, 1.000000, 2, 9.769771, 3461166.582422, 3461166.582422
Z3, 27, 11, 4K, 187144.000000, 0.024519, 7632611.444186, 7797664.000000, 1.000000, 2, 9.769771, 3840461.781671, 3840461.781671
Z3, 28, 11, 4K, 96736.000000, 0.031562, 3064951.523985, 3120512.000000, 1.000000, 2, 9.769771, 2926929.797630, 2926929.797630
Z3, 29, 11, 4K, 102392.000000, 0.018934, 5407837.752192, 5688440.000000, 1.000000, 2, 9.769771, 3395507.043272, 3395507.043272
Z3, 30, 11, 4K, 91552.000000, 0.027524, 3326260.717919, 3390808.000000, 1.000000, 2, 9.769771, 2979191.636417, 2979191.636417
Z3, 31, 11, 4K, 101968.000000, 0.005277, 19323100.246352, 20393600.000000, 1.000000, 2, 9.769771, 6178559.542104, 6178559.542104
Z3, 32, 11, 4K, 107392.000000, 0.020599, 5213456.963930, 5369600.000000, 1.000000, 2, 9.769771, 3356630.885620, 3356630.885620
Z3, 33, 11, 4K, 80560.000000, 0.017347, 4644030.668127, 4738816.000000, 1.000000, 2, 9.769771, 3242745.626459, 3242745.626459
Z3, 34, 11, 4K, 93112.000000, 0.011221, 8298012.654844, 8464720.000000, 1.000000, 2, 9.769771, 3973542.023802, 3973542.023802
Z3, 35, 11, 4K, 90024.000000, 0.014334, 6280452.071997, 6430280.000000, 1.000000, 2, 9.769771, 3570029.907233, 3570029.907233
Z3, 36, 11, 4K, 76112.000000, 0.020920, 3638240.917782, 3805600.000000, 1.000000, 2, 9.769771, 3041587.676390, 3041587.676390
Z3, 37, 11, 4K, 104384.000000, 0.029272, 3566001.639792, 3599448.000000, 1.000000, 2, 9.769771, 3027139.820792, 3027139.820792
Z3, 38, 11, 4K, 148752.000000, 0.023267, 6393260.841535, 6467472.000000, 1.000000, 2, 9.769771, 3592591.661141, 3592591.661141
Z1, 0, 12, 4K, 115864.000000, 0.040762, 2842451.302684, 2896600.000000, 1.000000, 2, 11.120713, 3643495.999863, 3643495.999863
Z2, 0, 12, 4K, 6624.000000, 0.046709, 141814.211394, 144000.000000, 1.000000, 2, 11.120713, 3103368.581605, 3103368.581605
Z2, 1, 12, 4K, 11424.000000, 0.000937, 12192102.454642, 11424000.000000, 1.000000, 2, 11.120713, 5513426.230255, 5513426.230255
Z2, 2, 12, 4K, 11144.000000, 0.014193, 785175.790883, 796000.000000, 1.000000, 2, 11.120713, 3232040.897503, 3232040.897503
Z2, 3, 12, 4K, 12184.000000, 0.006425, 1896342.412451, 2030664.000000, 1.000000, 2, 11.120713, 3454274.221817, 3454274.221817
Z2, 4, 12, 4K, 141952.000000, 0.014934, 9505289.942413, 10139424.000000, 1.000000, 2, 11.120713, 4976063.727809, 4976063.727809
Z2, 5, 12, 4K, 104480.000000, 0.002327, 44899011.602922, 52240000.000000, 1.000000, 2, 11.120713, 12054808.059911, 12054808.059911
Z2, 6, 12, 4K, 439328.000000, 0.087860, 5000318.688823, 5049744.000000, 1.000000, 2, 11.120713, 4075069.477091, 4075069.477091
Z2, 7, 12, 4K, 256424.000000, 0.049811, 5147939.210215, 5233136.000000, 1.000000, 2, 11.120713, 4104593.581369, 4104593.581369
Z3, 0, 12, 4K, 20480.000000, 0.068331, 299717.551331, 301176.000000, 1.000000, 2, 11.120713, 3134949.249593, 3134949.249593
Z3, 1, 12, 4K, 19496.000000, 0.023574, 827012.810724, 847648.000000, 1.000000, 2, 11.120713, 3240408.301471, 3240408.301471
Z3, 2, 12, 4K, 41600.000000, 0.001051, 39581351.094196, 41600000.000000, 1.000000, 2, 11.120713, 10991275.958166, 10991275.958166
Z3, 3, 12, 4K, 26232.000000, 0.010235, 2562970.200293, 2623200.000000, 1.000000, 2, 11.120713, 3587599.779385, 3587599.779385
Z3, 4, 12, 4K, 35912.000000, 0.017563, 2044753.174287, 2112464.000000, 1.000000, 2, 11.120713, 3483956.374184, 3483956.374184
Z3, 5, 12, 4K, 31912.000000, 0.004446, 7177687.809267, 7978000.000000, 1.000000, 2, 11.120713, 4510543.301180, 4510543.301180
Z3, 6, 12, 4K, 19240.000000, 0.001992, 9658634.538153, 19240000.000000, 1.000000, 2, 11.120713, 5006732.646957, 5006732.646957
Z3, 7, 12, 4K, 15136.000000, 0.000901, 16799112.097669, 15136000.000000, 1.000000, 2, 11.120713, 6434828.158860, 6434828.158860
Z3, 8, 12, 4K, 11880.000000, 0.000770, 15428571.428571, 11880000.000000, 1.000000, 2, 11.120713, 6160720.025041, 6160720.025041
Z3, 9, 12, 4K, 110704.000000, 0.013233, 8365752.285952, 8515688.000000, 1.000000, 2, 11.120713, 4748156.196517, 4748156.196517
Z3, 10, 12, 4K, 129784.000000, 0.009583, 13543149.326933, 14420440.000000, 1.000000, 2, 11.120713, 5783635.604713, 5783635.604713
Z3, 11, 12, 4K, 166568.000000, 0.006748, 24684054.534677, 27761328.000000, 1.000000, 2, 11.120713, 8011816.646262, 8011816.646262
Z3, 12, 12, 4K, 122960.000000, 0.007159, 17175583.182009, 17565712.000000, 1.000000, 2, 11.120713, 6510122.375728, 6510122.375728
Z3, 13, 12, 4K, 171640.000000, 0.042692, 4020425.372435, 4086664.000000, 1.000000, 2, 11.120713, 3879090.813813, 3879090.813813
Z3, 14, 12, 4K, 164560.000000, 0.040744, 4038876.889849, 4114000.000000, 1.000000, 2, 11.120713, 3882781.117296, 3882781.117296
Z3, 15, 12, 4K, 200832.000000, 0.055036, 3649102.405698, 3651488.000000, 1.000000, 2, 11.120713, 3804826.220466, 3804826.220466
Z3, 16, 12, 4K, 163440.000000, 0.022922, 7130267.864933, 7429088.000000, 1.000000, 2, 11.120713, 4501059.312313, 4501059.312313
Z3, 17, 12, 4K, 195408.000000, 0.052058, 3753659.379922, 3757840.000000, 1.000000, 2, 11.120713, 3825737.615311, 3825737.615311
Z3, 18, 12, 4K, 214760.000000, 0.027829, 7717129.612994, 7954072.000000, 1.000000, 2, 11.120713, 4618431.661925, 4618431.661925
Z3, 19, 12, 4K, 248576.000000, 0.058157, 4274223.223344, 4285792.000000, 1.000000, 2, 11.120713, 3929850.383995, 3929850.383995
Z3, 20, 12, 4K, 345040.000000, 0.060701, 5684255.613581, 5750664.000000, 1.000000, 2, 11.120713, 4211856.862043, 4211856.862043
Z3, 21, 12, 4K, 295296.000000, 0.139999, 2109272.209087, 2124424.000000, 1.000000, 2, 11.120713, 3496860.181144, 3496860.181144
Z3, 22, 12, 4K, 385520.000000, 0.138361, 2786334.299405, 2793616.000000, 1.000000, 2, 11.120713, 3632272.599207, 3632272.599207
Z3, 23, 12, 4K, 219952.000000, 0.101967, 2157090.038934, 2177736.000000, 1.000000, 2, 11.120713, 3506423.747113, 3506423.747113
Z3, 24, 12, 4K, 323240.000000, 0.063526, 5088310.298146, 5130792.000000, 1.000000, 2, 11.120713, 4092667.798956, 4092667.798956
Z3, 25, 12, 4K, 481656.000000, 0.125795, 3828896.220041, 3853248.000000, 1.000000, 2, 11.120713, 3840784.983335, 3840784.983335
Z3, 26, 12, 4K, 552784.000000, 0.186618, 2962115.122871, 2971952.000000, 1.000000, 2, 11.120713, 3667428.763901, 3667428.763901
Z3, 27, 12, 4K, 177168.000000, 0.056135, 3156105.816336, 3163712.000000, 1.000000, 2, 11.120713, 3706226.902594, 3706226.902594
Z3, 28, 12, 4K, 80536.000000, 0.027759, 2901257.249901, 2982808.000000, 1.000000, 2, 11.120713, 3655257.189307, 3655257.189307
Z3, 29, 12, 4K, 78928.000000, 0.026588, 2968557.243869, 3035688.000000, 1.000000, 2, 11.120713, 3668717.188100, 3668717.188100
Z3, 30, 12, 4K, 90936.000000, 0.013220, 6878668.683812, 6995072.000000, 1.000000, 2, 11.120713, 4450739.476089, 4450739.476089
Z3, 31, 12, 4K, 108688.000000, 0.024261, 4479947.240427, 4528664.000000, 1.000000, 2, 11.120713, 3970995.187412, 3970995.187412
Z3, 32, 12, 4K, 106656.000000, 0.048100, 2217380.457380, 2222000.000000, 1.000000, 2, 11.120713, 3518481.830803, 3518481.830803
Z3, 33, 12, 4K, 105120.000000, 0.020772, 5060658.578856, 5256000.000000, 1.000000, 2, 11.120713, 4087137.455098, 4087137.455098
Z3, 34, 12, 4K, 114168.000000, 0.037244, 3065406.508431, 3085616.000000, 1.000000, 2, 11.120713, 3688087.041013, 3688087.041013
Z3, 35, 12, 4K, 172408.000000, 0.056003, 3078549.363427, 3078712.000000, 1.000000, 2, 11.120713, 3690715.612012, 3690715.612012
Z3, 36, 12, 4K, 121920.000000, 0.060845, 2003780.096968, 2032000.000000, 1.000000, 2, 11.120713, 3475761.758720, 3475761.758720
Z3, 37, 12, 4K, 90808.000000, 0.025635, 3542344.450946, 3632320.000000, 1.000000, 2, 11.120713, 3783474.629516, 3783474.629516
Z3, 38, 12, 4K, 97728.000000, 0.012142, 8048756.382803, 8144000.000000, 1.000000, 2, 11.120713, 4684757.015887, 4684757.015887
Z1, 0, 13, 4K, 231376.000000, 0.049517, 4672657.875073, 4721952.000000, 1.000000, 2, 13.082536, 5221984.166642, 5221984.166642
Z2, 0, 13, 4K, 6624.000000, 0.027228, 243278.977523, 245328.000000, 1.000000, 2, 13.082536, 4336108.387132, 4336108.387132
Z2, 1, 13, 4K, 14096.000000, 0.004926, 2861550.954121, 3524000.000000, 1.000000, 2, 13.082536, 4859762.782451, 4859762.782451
Z2, 2, 13, 4K, 12072.000000, 0.002842, 4247712.878255, 6036000.000000, 1.000000, 2, 13.082536, 5136995.167278, 5136995.167278
Z2, 3, 13, 4K, 11568.000000, 0.014332, 807144.850684, 826280.000000, 1.000000, 2, 13.082536, 4448881.561764, 4448881.561764
Z2, 4, 13, 4K, 265632.000000, 0.053940, 4924582.869855, 5011920.000000, 1.000000, 2, 13.082536, 5272369.165598, 5272369.165598
Z2, 5, 13, 4K, 183344.000000, 0.022669, 8087873.307160, 8333816.000000, 1.000000, 2, 13.082536, 5905027.253059, 5905027.253059
Z2, 6, 13, 4K, 344104.000000, 0.021503, 16002604.287774, 16385904.000000, 1.000000, 2, 13.082536, 7487973.449182, 7487973.449182
Z2, 7, 13, 4K, 316392.000000, 0.050269, 6293978.396228, 6327840.000000, 1.000000, 2, 13.082536, 5546248.270873, 5546248.270873
Z3, 0, 13, 4K, 18240.000000, 0.035218, 517916.974275, 521136.000000, 1.000000, 2, 13.082536, 4391035.986482, 4391035.986482
Z3, 1, 13, 4K, 19120.000000, 0.005399, 3541396.554918, 3824000.000000, 1.000000, 2, 13.082536, 4995731.902610, 4995731.902610
Z3, 2, 13, 4K, 17576.000000, 0.007485, 2348162.992652, 2510856.000000, 1.000000, 2, 13.082536, 4757085.190157, 4757085.190157
Z3, 3, 13, 4K, 13752.000000, 0.000970, 14177319.587629, 13752000.000000, 1.000000, 2, 13.082536, 7122916.509153, 7122916.509153
Z3, 4, 13, 4K, 20424.000000, 0.001057, 19322611.163671, 20424000.000000, 1.000000, 2, 13.082536, 8151974.824361, 8151974.824361
Z3, 5, 13, 4K, 31888.000000, 0.001067, 29885660.731022, 31888000.000000, 1.000000, 2, 13.082536, 10264584.737831, 10264584.737831
Z3, 6, 13, 4K, 34824.000000, 0.001127, 30899733.806566, 34824000.000000, 1.000000, 2, 13.082536, 10467399.352940, 10467399.352940
Z3, 7, 13, 4K, 27304.000000, 0.000927, 29454153.182309, 27304000.000000, 1.000000, 2, 13.082536, 10178283.228089, 10178283.228089
Z3, 8, 13, 4K, 24832.000000, 0.000960, 25866666.666667, 24832000.000000, 1.000000, 2, 13.082536, 9460785.924960, 9460785.924960
Z3, 9, 13, 4K, 102416.000000, 0.001334, 76773613.193403, 102416000.000000, 1.000000, 2, 13.082536, 19642175.230308, 19642175.230308
Z3, 10, 13, 4K, 123344.000000, 0.019678, 6268116.678524, 6491784.000000, 1.000000, 2, 13.082536, 5541075.927332, 5541075.927332
Z3, 11, 13, 4K, 125056.000000, 0.018442, 6781043.270795, 6947552.000000, 1.000000, 2, 13.082536, 5643661.245786, 5643661.245786
Z3, 12, 13, 4K, 117608.000000, 0.017731, 6632902.825560, 6918112.000000, 1.000000, 2, 13.082536, 5614033.156739, 5614033.156739
Z3, 13, 13, 4K, 166128.000000, 0.016676, 9962101.223315, 10383000.000000, 1.000000, 2, 13.082536, 6279872.836290, 6279872.836290
Z3, 14, 13, 4K, 184040.000000, 0.039934, 4608604.196925, 4718968.000000, 1.000000, 2, 13.082536, 5209173.431012, 5209173.431012
Z3, 15, 13, 4K, 326472.000000, 0.066001, 4946470.508023, 4946544.000000, 1.000000, 2, 13.082536, 5276746.693231, 5276746.693231
Z3, 16, 13, 4K, 315832.000000, 0.045586, 6928267.450533, 7018488.000000, 1.000000, 2, 13.082536, 5673106.081734, 5673106.081734
Z3, 17, 13, 4K, 278216.000000, 0.084768, 3282087.580219, 3312088.000000, 1.000000, 2, 13.082536, 4943870.107671, 4943870.107671
Z3, 18, 13, 4K, 213632.000000, 0.074147, 2881195.463067, 2886912.000000, 1.000000, 2, 13.082536, 4863691.684240, 4863691.684240
Z3, 19, 13, 4K, 248704.000000, 0.070116, 3547036.339780, 3552912.000000, 1.000000, 2, 13.082536, 4996859.859583, 4996859.859583
Z3, 20, 13, 4K, 291920.000000, 0.232896, 1253435.009618, 1258272.000000, 1.000000, 2, 13.082536, 4538139.593551, 4538139.593551
Z3, 21, 13, 4K, 272896.000000, 0.092665, 2944973.830465, 2966256.000000, 1.000000, 2, 13.082536, 4876447.357720, 4876447.357720
Z3, 22, 13, 4K, 353984.000000, 0.071470, 4952903.316077, 4985688.000000, 1.000000, 2, 13.082536, 5278033.254842, 5278033.254842
Z3, 23, 13, 4K, 187896.000000, 0.063515, 2958293.316539, 2982472.000000, 1.000000, 2, 13.082536, 4879111.254935, 4879111.254935
Z3, 24, 13, 4K, 267712.000000, 0.069758, 3837724.705410, 3879880.000000, 1.000000, 2, 13.082536, 5054997.532709, 5054997.532709
Z3, 25, 13, 4K, 360608.000000, 0.160789, 2242740.485979, 2253800.000000, 1.000000, 2, 13.082536, 4736000.688823, 4736000.688823
Z3, 26, 13, 4K, 316984.000000, 0.083752, 3784793.198968, 3819080.000000, 1.000000, 2, 13.082536, 5044411.231421, 5044411.231421
Z3, 27, 13, 4K, 217208.000000, 0.027917, 7780492.173228, 8044736.000000, 1.000000, 2, 13.082536, 5843551.026273, 5843551.026273
Z3, 28, 13, 4K, 94808.000000, 0.022785, 4160983.102919, 4309448.000000, 1.000000, 2, 13.082536, 5119649.212211, 5119649.212211
Z3, 29, 13, 4K, 89856.000000, 0.001714, 52424737.456243, 89856000.000000, 1.000000, 2, 13.082536, 14772400.082875, 14772400.082875
Z3, 30, 13, 4K, 76680.000000, 0.025518, 3004937.691042, 3067200.000000, 1.000000, 2, 13.082536, 4888440.129835, 4888440.129835
Z3, 31, 13, 4K, 75464.000000, 0.015606, 4835576.060490, 5030928.000000, 1.000000, 2, 13.082536, 5254567.803725, 5254567.803725
Z3, 32, 13, 4K, 75568.000000, 0.012202, 6193083.101131, 6297328.000000, 1.000000, 2, 13.082536, 5526069.211853, 5526069.211853
Z3, 33, 13, 4K, 53048.000000, 0.002459, 21572997.153314, 26524000.000000, 1.000000, 2, 13.082536, 8602052.022290, 8602052.022290
Z3, 34, 13, 4K, 71632.000000, 0.011335, 6319541.243935, 6512000.000000, 1.000000, 2, 13.082536, 5551360.840414, 5551360.840414
Z3, 35, 13, 4K, 124120.000000, 0.022329, 5558690.492185, 5641816.000000, 1.000000, 2, 13.082536, 5399190.690064, 5399190.690064
Z3, 36, 13, 4K, 159576.000000, 0.025895, 6162425.178606, 6383040.000000, 1.000000, 2, 13.082536, 5519937.627348, 5519937.627348
Z3, 37, 13, 4K, 162672.000000, 0.015544, 10465259.907360, 10844800.000000, 1.000000, 2, 13.082536, 6380504.573099, 6380504.573099
Z3, 38, 13, 4K, 176832.000000, 0.026254, 6735430.791498, 6801224.000000, 1.000000, 2, 13.082536, 5634538.749927, 5634538.749927
Z1, 0, 14, 4K, 310648.000000, 0.066681, 4658718.375549, 4706784.000000, 1.000000, 2, 14.829876, 5559290.362885, 5559290.362885
Z2, 0, 14, 4K, 6624.000000, 0.070002, 94625.867832, 94624.000000, 1.000000, 2, 14.829876, 4646471.861341, 4646471.861341
Z2, 1, 14, 4K, 65528.000000, 0.022774, 2877316.237815, 2978544.000000, 1.000000, 2, 14.829876, 5203009.935338, 5203009.935338
Z2, 2, 14, 4K, 36464.000000, 0.019273, 1891973.226794, 1919152.000000, 1.000000, 2, 14.829876, 5005941.333134, 5005941.333134
Z2, 3, 14, 4K, 26120.000000, 0.000959, 27236704.900938, 26120000.000000, 1.000000, 2, 14.829876, 10074887.667963, 10074887.667963
Z2, 4, 14, 4K, 276584.000000, 0.059549, 4644645.585988, 4687864.000000, 1.000000, 2, 14.829876, 5556475.804973, 5556475.804973
Z2, 5, 14, 4K, 275832.000000, 0.046697, 5906846.264214, 5996344.000000, 1.000000, 2, 14.829876, 5808915.940618, 5808915.940618
Z2, 6, 14, 4K, 392736.000000, 0.101954, 3852090.158307, 3888472.000000, 1.000000, 2, 14.829876, 5397964.719436, 5397964.719436
Z2, 7, 14, 4K, 324128.000000, 0.078939, 4106056.575330, 4155480.000000, 1.000000, 2, 14.829876, 5448758.002841, 5448758.002841
Z3, 0, 14, 4K, 19944.000000, 0.045486, 438464.582509, 443200.000000, 1.000000, 2, 14.829876, 4715239.604277, 4715239.604277
Z3, 1, 14, 4K, 27688.000000, 0.010423, 2656432.888804, 2768800.000000, 1.000000, 2, 14.829876, 5158833.265536, 5158833.265536
Z3, 2, 14, 4K, 29160.000000, 0.021861, 1333882.256072, 1388568.000000, 1.000000, 2, 14.829876, 4894323.138989, 4894323.138989
Z3, 3, 14, 4K, 17040.000000, 0.004631, 3679550.852948, 4260000.000000, 1.000000, 2, 14.829876, 5363456.858364, 5363456.858364
Z3, 4, 14, 4K, 29288.000000, 0.016436, 1781942.078365, 1830496.000000, 1.000000, 2, 14.829876, 4983935.103448, 4983935.103448
Z3, 5, 14, 4K, 29392.000000, 0.004950, 5937777.777778, 7348000.000000, 1.000000, 2, 14.829876, 5815102.243331, 5815102.243331
Z3, 6, 14, 4K, 19864.000000, 0.001024, 19398437.500000, 19864000.000000, 1.000000, 2, 14.829876, 8507234.187775, 8507234.187775
Z3, 7, 14, 4K, 46568.000000, 0.026036, 1788600.399447, 1791072.000000, 1.000000, 2, 14.829876, 4985266.767664, 4985266.767664
Z3, 8, 14, 4K, 77848.000000, 0.004871, 15981933.894478, 19462000.000000, 1.000000, 2, 14.829876, 7823933.466670, 7823933.466670
Z3, 9, 14, 4K, 121432.000000, 0.013874, 8752486.665706, 9340920.000000, 1.000000, 2, 14.829876, 6378044.020916, 6378044.020916
Z3, 10, 14, 4K, 178104.000000, 0.045756, 3892473.118280, 3957864.000000, 1.000000, 2, 14.829876, 5406041.311431, 5406041.311431
Z3, 11, 14, 4K, 144672.000000, 0.062881, 2300726.769612, 2333416.000000, 1.000000, 2, 14.829876, 5087692.041697, 5087692.041697
Z3, 12, 14, 4K, 153792.000000, 0.032577, 4720876.692145, 4806000.000000, 1.000000, 2, 14.829876, 5571722.026204, 5571722.026204
Z3, 13, 14, 4K, 193616.000000, 0.043359, 4465416.637838, 4502696.000000, 1.000000, 2, 14.829876, 5520630.015342, 5520630.015342
Z3, 14, 14, 4K, 215184.000000, 0.014706, 14632394.940840, 15370280.000000, 1.000000, 2, 14.829876, 7554025.675943, 7554025.675943
Z3, 15, 14, 4K, 391928.000000, 0.068421, 5728182.867833, 5763640.000000, 1.000000, 2, 14.829876, 5773183.261342, 5773183.261342
Z3, 16, 14, 4K, 320024.000000, 0.081129, 3944631.389515, 3950912.000000, 1.000000, 2, 14.829876, 5416472.965678, 5416472.965678
Z3, 17, 14, 4K, 268840.000000, 0.112439, 2390985.334270, 2400352.000000, 1.000000, 2, 14.829876, 5105743.754629, 5105743.754629
Z3, 18, 14, 4K, 163384.000000, 0.074420, 2195431.335662, 2207888.000000, 1.000000, 2, 14.829876, 5066632.954907, 5066632.954907
Z3, 19, 14, 4K, 193688.000000, 0.036264, 5341054.489301, 5380216.000000, 1.000000, 2, 14.829876, 5695757.585635, 5695757.585635
Z3, 20, 14, 4K, 225432.000000, 0.066081, 3411449.584601, 3415632.000000, 1.000000, 2, 14.829876, 5309836.604695, 5309836.604695
Z3, 21, 14, 4K, 248896.000000, 0.070710, 3519954.744732, 3555656.000000, 1.000000, 2, 14.829876, 5331537.636721, 5331537.636721
Z3, 22, 14, 4K, 266808.000000, 0.059836, 4458987.900261, 4522168.000000, 1.000000, 2, 14.829876, 5519344.267827, 5519344.267827
Z3, 23, 14, 4K, 164848.000000, 0.053787, 3064829.791585, 3110336.000000, 1.000000, 2, 14.829876, 5240512.646092, 5240512.646092
Z3, 24, 14, 4K, 188952.000000, 0.056740, 3330137.469158, 3374136.000000, 1.000000, 2, 14.829876, 5293574.181606, 5293574.181606
Z3, 25, 14, 4K, 335320.000000, 0.074403, 4506807.521202, 4531344.000000, 1.000000, 2, 14.829876, 5528908.192015, 5528908.192015
Z3, 26, 14, 4K, 365224.000000, 0.076650, 4764827.136334, 4805576.000000, 1.000000, 2, 14.829876, 5580512.115042, 5580512.115042
Z3, 27, 14, 4K, 211048.000000, 0.057912, 3644287.885067, 3702592.000000, 1.000000, 2, 14.829876, 5356404.264788, 5356404.264788
Z3, 28, 14, 4K, 37424.000000, 0.011781, 3176640.353111, 3402176.000000, 1.000000, 2, 14.829876, 5262874.758397, 5262874.758397
Z3, 29, 14, 4K, 36240.000000, 0.022040, 1644283.121597, 1647272.000000, 1.000000, 2, 14.829876, 4956403.312094, 4956403.312094
Z3, 30, 14, 4K, 32904.000000, 0.010538, 3122414.120326, 3290400.000000, 1.000000, 2, 14.829876, 5252029.511840, 5252029.511840
Z3, 31, 14, 4K, 33208.000000, 0.025522, 1301151.947340, 1328320.000000, 1.000000, 2, 14.829876, 4887777.077243, 4887777.077243
Z3, 32, 14, 4K, 27104.000000, 0.020239, 1339196.600623, 1355200.000000, 1.000000, 2, 14.829876, 4895386.007899, 4895386.007899
Z3, 33, 14, 4K, 27712.000000, 0.033975, 815658.572480, 839752.000000, 1.000000, 2, 14.829876, 4790678.402271, 4790678.402271
Z3, 34, 14, 4K, 69480.000000, 0.009861, 7045938.545786, 7720000.000000, 1.000000, 2, 14.829876, 6036734.396932, 6036734.396932
Z3, 35, 14, 4K, 104904.000000, 0.025375, 4134147.783251, 4196160.000000, 1.000000, 2, 14.829876, 5454376.244425, 5454376.244425
Z3, 36, 14, 4K, 111104.000000, 0.022166, 5012361.274023, 5050176.000000, 1.000000, 2, 14.829876, 5630018.942580, 5630018.942580
Z3, 37, 14, 4K, 102528.000000, 0.050658, 2023925.145091, 2050560.000000, 1.000000, 2, 14.829876, 5032331.716793, 5032331.716793
Z3, 38, 14, 4K, 101856.000000, 0.026638, 3823710.488775, 3917536.000000, 1.000000, 2, 14.829876, 5392288.785530, 5392288.785530
Z1, 0, 15, 4K, 97816.000000, 0.039518, 2475226.479073, 2508096.000000, 1.000000, 2, 16.800706, 5495276.996737, 5495276.996737
Z2, 0, 15, 4K, 6624.000000, 0.053273, 124340.660372, 124976.000000, 1.000000, 2, 16.800706, 5025099.832997, 5025099.832997
Z2, 1, 15, 4K, 92296.000000, 0.007302, 12639824.705560, 13185136.000000, 1.000000, 2, 16.800706, 7528196.642035, 7528196.642035
Z2, 2, 15, 4K, 40600.000000, 0.017012, 2386550.670115, 2388232.000000, 1.000000, 2, 16.800706, 5477541.834946, 5477541.834946
Z2, 3, 15, 4K, 232152.000000, 0.028223, 8225631.577083, 8291136.000000, 1.000000, 2, 16.800706, 6645358.016339, 6645358.016339
Z2, 4, 15, 4K, 278440.000000, 0.063413, 4390897.765442, 4419680.000000, 1.000000, 2, 16.800706, 5878411.254011, 5878411.254011
Z2, 5, 15, 4K, 207528.000000, 0.028295, 7334440.713907, 7411712.000000, 1.000000, 2, 16.800706, 6467119.843704, 6467119.843704
Z2, 6, 15, 4K, 78136.000000, 0.021438, 3644742.979756, 3720760.000000, 1.000000, 2, 16.800706, 5729180.296874, 5729180.296874
Z2, 7, 15, 4K, 85200.000000, 0.019640, 4338085.539715, 4484208.000000, 1.000000, 2, 16.800706, 5867848.808865, 5867848.808865
Z3, 0, 15, 4K, 12608.000000, 0.080694, 156244.578283, 157600.000000, 1.000000, 2, 16.800706, 5031480.616579, 5031480.616579
Z3, 1, 15, 4K, 14232.000000, 0.021560, 660111.317254, 677712.000000, 1.000000, 2, 16.800706, 5132253.964373, 5132253.964373
Z3, 2, 15, 4K, 18288.000000, 0.000720, 25400000.000000, 18288000.000000, 1.000000, 2, 16.800706, 10080231.700923, 10080231.700923
Z3, 3, 15, 4K, 17960.000000, 0.000768, 23385416.666667, 17960000.000000, 1.000000, 2, 16.800706, 9677315.034256, 9677315.034256
Z3, 4, 15, 4K, 30136.000000, 0.006631, 4544714.221083, 5022664.000000, 1.000000, 2, 16.800706, 5909174.545139, 5909174.545139
Z3, 5, 15, 4K, 38832.000000, 0.001020, 38070588.235294, 38832000.000000, 1.000000, 2, 16.800706, 12614349.347981, 12614349.347981
Z3, 6, 15, 4K, 80120.000000, 0.022012, 3639832.818463, 3641816.000000, 1.000000, 2, 16.800706, 5728198.264615, 5728198.264615
Z3, 7, 15, 4K, 115624.000000, 0.016261, 7110509.808745, 7226496.000000, 1.000000, 2, 16.800706, 6422333.662671, 6422333.662671
Z3, 8, 15, 4K, 91976.000000, 0.002100, 43798095.238095, 45988000.000000, 1.000000, 2, 16.800706, 13759850.748542, 13759850.748542
Z3, 9, 15, 4K, 131496.000000, 0.029653, 4434492.294203, 4534344.000000, 1.000000, 2, 16.800706, 5887130.159763, 5887130.159763
Z3, 10, 15, 4K, 151608.000000, 0.034631, 4377811.787127, 4459056.000000, 1.000000, 2, 16.800706, 5875794.058348, 5875794.058348
Z3, 11, 15, 4K, 133200.000000, 0.014101, 9446138.571733, 9514280.000000, 1.000000, 2, 16.800706, 6889459.415269, 6889459.415269
Z3, 12, 15, 4K, 197848.000000, 0.035139, 5630439.113236, 5652800.000000, 1.000000, 2, 16.800706, 6126319.523570, 6126319.523570
Z3, 13, 15, 4K, 216432.000000, 0.046347, 4669816.816622, 4705040.000000, 1.000000, 2, 16.800706, 5934195.064247, 5934195.064247
Z3, 14, 15, 4K, 250032.000000, 0.032177, 7770519.315039, 7813496.000000, 1.000000, 2, 16.800706, 6554335.563930, 6554335.563930
Z3, 15, 15, 4K, 238656.000000, 0.056224, 4244735.344337, 4261712.000000, 1.000000, 2, 16.800706, 5849178.769790, 5849178.769790
Z3, 16, 15, 4K, 165160.000000, 0.012096, 13654100.529101, 13763328.000000, 1.000000, 2, 16.800706, 7731051.806743, 7731051.806743
Z3, 17, 15, 4K, 167848.000000, 0.027382, 6129866.335549, 6216592.000000, 1.000000, 2, 16.800706, 6226204.968032, 6226204.968032
Z3, 18, 15, 4K, 255400.000000, 0.071336, 3580239.991028, 3597176.000000, 1.000000, 2, 16.800706, 5716279.699128, 5716279.699128
Z3, 19, 15, 4K, 132104.000000, 0.023092, 5720769.097523, 5743648.000000, 1.000000, 2, 16.800706, 6144385.520427, 6144385.520427
Z3, 20, 15, 4K, 143824.000000, 0.032993, 4359227.714970, 4494496.000000, 1.000000, 2, 16.800706, 5872077.243916, 5872077.243916
Z3, 21, 15, 4K, 175072.000000, 0.040242, 4350479.598430, 4376800.000000, 1.000000, 2, 16.800706, 5870327.620608, 5870327.620608
Z3, 22, 15, 4K, 170296.000000, 0.036043, 4724800.932220, 4730440.000000, 1.000000, 2, 16.800706, 5945191.887366, 5945191.887366
Z3, 23, 15, 4K, 193376.000000, 0.051981, 3720128.508493, 3791680.000000, 1.000000, 2, 16.800706, 5744257.402621, 5744257.402621
Z3, 24, 15, 4K, 150872.000000, 0.025516, 5912839.002979, 6034880.000000, 1.000000, 2, 16.800706, 6182799.501518, 6182799.501518
Z3, 25, 15, 4K, 172416.000000, 0.018924, 9110970.196576, 9578664.000000, 1.000000, 2, 16.800706, 6822425.740238, 6822425.740238
Z3, 26, 15, 4K, 210512.000000, 0.050069, 4204437.875731, 4210240.000000, 1.000000, 2, 16.800706, 5841119.276069, 5841119.276069
Z3, 27, 15, 4K, 202256.000000, 0.059191, 3417005.963744, 3428064.000000, 1.000000, 2, 16.800706, 5683632.893671, 5683632.893671
Z3, 28, 15, 4K, 249784.000000, 0.044946, 5557424.464913, 5676904.000000, 1.000000, 2, 16.800706, 6111716.593905, 6111716.593905
Z3, 29, 15, 4K, 288648.000000, 0.074491, 3874937.911963, 3900648.000000, 1.000000, 2, 16.800706, 5775219.283315, 5775219.283315
Z3, 30, 15, 4K, 46288.000000, 0.013740, 3368850.072780, 3560608.000000, 1.000000, 2, 16.800706, 5674001.715479, 5674001.715479
Z3, 31, 15, 4K, 38120.000000, 0.000822, 46374695.863747, 38120000.000000, 1.000000, 2, 16.800706, 14275170.873672, 14275170.873672
Z3, 32, 15, 4K, 29864.000000, 0.025114, 1189137.532850, 1194560.000000, 1.000000, 2, 16.800706, 5238059.207493, 5238059.207493
Z3, 33, 15, 4K, 29864.000000, 0.007143, 4180876.382472, 4266280.000000, 1.000000, 2, 16.800706, 5836406.977417, 5836406.977417
Z3, 34, 15, 4K, 42832.000000, 0.022238, 1926072.488533, 1946904.000000, 1.000000, 2, 16.800706, 5385446.198629, 5385446.198629
Z3, 35, 15, 4K, 53400.000000, 0.019042, 2804327.276547, 2810520.000000, 1.000000, 2, 16.800706, 5561097.156232, 5561097.156232
Z3, 36, 15, 4K, 54248.000000, 0.027152, 1997937.536830, 2009184.000000, 1.000000, 2, 16.800706, 5399819.208288, 5399819.208288
Z3, 37, 15, 4K, 56416.000000, 0.013681, 4123675.169944, 4339688.000000, 1.000000, 2, 16.800706, 5824966.734911, 5824966.734911
Z3, 38, 15, 4K, 63392.000000, 0.001504, 42148936.170213, 63392000.000000, 1.000000, 2, 16.800706, 13430018.934965, 13430018.934965
