Zone, Tile_no, Seg_no, Reso, Seg_d_size, Seg_d_time, Bitrate, Bitrate1, Buf_lev, Buf_limit, Elapsed, Ref_vp, Local_avg
Z1, 0, 1, 720, 9960.000000, 0.233772, 42605.615728, 42744.000000, 1.000000, 2, 0.000060, 42605.615728, 42605.615728
Z2, 0, 1, 720, 8952.000000, 0.208843, 42864.735711, 43032.000000, 1.000000, 2, 0.000060, 21432.367855, 21432.367855
Z2, 1, 1, 720, 5424.000000, 0.042254, 128366.545179, 129136.000000, 1.000000, 2, 0.000060, 42788.848393, 42788.848393
Z2, 2, 1, 720, 7080.000000, 0.045924, 154167.755422, 157328.000000, 1.000000, 2, 0.000060, 38541.938856, 38541.938856
Z2, 3, 1, 720, 18976.000000, 0.046053, 412046.989338, 412520.000000, 1.000000, 2, 0.000060, 82409.397868, 82409.397868
Z2, 4, 1, 720, 8720.000000, 0.073955, 117909.539585, 119448.000000, 1.000000, 2, 0.000060, 23581.907917, 23581.907917
Z2, 5, 1, 720, 8336.000000, 0.075251, 110775.936532, 111144.000000, 1.000000, 2, 0.000060, 22155.187306, 22155.187306
Z2, 6, 1, 720, 6376.000000, 0.056465, 112919.507660, 113856.000000, 1.000000, 2, 0.000060, 22583.901532, 22583.901532
Z2, 7, 1, 720, 6872.000000, 0.069711, 98578.416606, 99592.000000, 1.000000, 2, 0.000060, 19715.683321, 19715.683321
Z3, 0, 1, 720, 7080.000000, 0.176562, 40099.228600, 40224.000000, 1.000000, 2, 0.000060, 8019.845720, 8019.845720
Z3, 1, 1, 720, 7080.000000, 0.321204, 22042.066724, 22056.000000, 1.000000, 2, 0.000060, 4408.413345, 4408.413345
Z3, 2, 1, 720, 5664.000000, 0.062745, 90270.141047, 91352.000000, 1.000000, 2, 0.000060, 18054.028209, 18054.028209
Z3, 3, 1, 720, 7080.000000, 0.055967, 126503.117909, 128720.000000, 1.000000, 2, 0.000060, 25300.623582, 25300.623582
Z3, 4, 1, 720, 7080.000000, 0.044771, 158138.080454, 160904.000000, 1.000000, 2, 0.000060, 31627.616091, 31627.616091
Z3, 5, 1, 720, 5664.000000, 0.062212, 91043.528580, 91352.000000, 1.000000, 2, 0.000060, 18208.705716, 18208.705716
Z3, 6, 1, 720, 7080.000000, 0.029030, 243885.635549, 244136.000000, 1.000000, 2, 0.000060, 48777.127110, 48777.127110
Z3, 7, 1, 720, 7080.000000, 0.028394, 249348.453899, 252856.000000, 1.000000, 2, 0.000060, 49869.690780, 49869.690780
Z3, 8, 1, 720, 5664.000000, 0.043352, 130651.411700, 131720.000000, 1.000000, 2, 0.000060, 26130.282340, 26130.282340
Z3, 9, 1, 720, 7080.000000, 0.032744, 216222.819448, 221248.000000, 1.000000, 2, 0.000060, 43244.563890, 43244.563890
Z3, 10, 1, 720, 12904.000000, 0.050618, 254929.076613, 258080.000000, 1.000000, 2, 0.000060, 50985.815323, 50985.815323
Z3, 11, 1, 720, 17344.000000, 0.065695, 264007.915366, 266824.000000, 1.000000, 2, 0.000060, 52801.583073, 52801.583073
Z3, 12, 1, 720, 16912.000000, 0.046059, 367181.224082, 367648.000000, 1.000000, 2, 0.000060, 73436.244816, 73436.244816
Z3, 13, 1, 720, 13240.000000, 0.033433, 396015.912422, 401208.000000, 1.000000, 2, 0.000060, 79203.182484, 79203.182484
Z3, 14, 1, 720, 28328.000000, 0.070714, 400599.598382, 404680.000000, 1.000000, 2, 0.000060, 80119.919676, 80119.919676
Z3, 15, 1, 720, 30528.000000, 0.047375, 644390.501319, 649528.000000, 1.000000, 2, 0.000060, 128878.100264, 128878.100264
Z3, 16, 1, 720, 16360.000000, 0.032705, 500229.322734, 511248.000000, 1.000000, 2, 0.000060, 100045.864547, 100045.864547
Z3, 17, 1, 720, 33216.000000, 0.055053, 603345.866710, 603920.000000, 1.000000, 2, 0.000060, 120669.173342, 120669.173342
Z3, 18, 1, 720, 28000.000000, 0.072273, 387419.921686, 388888.000000, 1.000000, 2, 0.000060, 77483.984337, 77483.984337
Z3, 19, 1, 720, 15744.000000, 0.193268, 81462.011300, 81568.000000, 1.000000, 2, 0.000060, 16292.402260, 16292.402260
Z3, 20, 1, 720, 16024.000000, 0.029131, 550066.939000, 552544.000000, 1.000000, 2, 0.000060, 110013.387800, 110013.387800
Z3, 21, 1, 720, 11576.000000, 0.034072, 339751.115285, 340464.000000, 1.000000, 2, 0.000060, 67950.223057, 67950.223057
Z3, 22, 1, 720, 10816.000000, 0.026284, 411505.098159, 416000.000000, 1.000000, 2, 0.000060, 82301.019632, 82301.019632
Z3, 23, 1, 720, 13224.000000, 0.046183, 286339.129117, 287472.000000, 1.000000, 2, 0.000060, 57267.825823, 57267.825823
Z3, 24, 1, 720, 17528.000000, 0.054303, 322781.430124, 324592.000000, 1.000000, 2, 0.000060, 64556.286025, 64556.286025
Z3, 25, 1, 720, 23824.000000, 0.066152, 360140.282985, 360968.000000, 1.000000, 2, 0.000060, 72028.056597, 72028.056597
Z3, 26, 1, 720, 11024.000000, 0.027412, 402159.638115, 408296.000000, 1.000000, 2, 0.000060, 80431.927623, 80431.927623
Z3, 27, 1, 720, 15112.000000, 0.032275, 468226.181255, 472248.000000, 1.000000, 2, 0.000060, 93645.236251, 93645.236251
Z3, 28, 1, 720, 24552.000000, 0.059138, 415164.530420, 416128.000000, 1.000000, 2, 0.000060, 83032.906084, 83032.906084
Z3, 29, 1, 720, 10824.000000, 0.075285, 143773.660092, 144320.000000, 1.000000, 2, 0.000060, 28754.732018, 28754.732018
Z3, 30, 1, 720, 6872.000000, 0.068504, 100315.310055, 101056.000000, 1.000000, 2, 0.000060, 20063.062011, 20063.062011
Z3, 31, 1, 720, 6872.000000, 0.040353, 170297.127847, 171800.000000, 1.000000, 2, 0.000060, 34059.425569, 34059.425569
Z3, 32, 1, 720, 6376.000000, 0.066051, 96531.468108, 96600.000000, 1.000000, 2, 0.000060, 19306.293622, 19306.293622
Z3, 33, 1, 720, 6872.000000, 0.063910, 107526.208731, 109072.000000, 1.000000, 2, 0.000060, 21505.241746, 21505.241746
Z3, 34, 1, 720, 6872.000000, 0.070321, 97723.297450, 98168.000000, 1.000000, 2, 0.000060, 19544.659490, 19544.659490
Z3, 35, 1, 720, 6376.000000, 0.033823, 188510.776690, 193208.000000, 1.000000, 2, 0.000060, 37702.155338, 37702.155338
Z3, 36, 1, 720, 6872.000000, 0.043020, 159739.655974, 159808.000000, 1.000000, 2, 0.000060, 31947.931195, 31947.931195
Z3, 37, 1, 720, 6872.000000, 0.068057, 100974.183405, 101056.000000, 1.000000, 2, 0.000060, 20194.836681, 20194.836681
Z3, 38, 1, 720, 6376.000000, 0.049363, 129165.569354, 130120.000000, 1.000000, 2, 0.000060, 25833.113871, 25833.113871
Z1, 0, 2, 720, 7080.000000, 0.182668, 38758.841176, 38896.000000, 1.000000, 2, 3.336225, 33584.882106, 33584.882106
Z2, 0, 2, 720, 6624.000000, 0.504861, 13120.443053, 13136.000000, 1.000000, 2, 3.336225, 28457.202481, 28457.202481
Z2, 1, 2, 720, 5424.000000, 0.055525, 97685.727150, 98616.000000, 1.000000, 2, 3.336225, 45370.259301, 45370.259301
Z2, 2, 2, 720, 7080.000000, 0.049511, 142998.525580, 144488.000000, 1.000000, 2, 3.336225, 54432.818987, 54432.818987
Z2, 3, 2, 720, 12648.000000, 0.042965, 294379.145816, 301136.000000, 1.000000, 2, 3.336225, 84708.943034, 84708.943034
Z2, 4, 2, 720, 15344.000000, 0.066543, 230587.740258, 232480.000000, 1.000000, 2, 3.336225, 71950.661922, 71950.661922
Z2, 5, 2, 720, 18392.000000, 0.210198, 87498.453839, 87576.000000, 1.000000, 2, 3.336225, 43332.804638, 43332.804638
Z2, 6, 2, 720, 9160.000000, 0.065281, 140316.477995, 140920.000000, 1.000000, 2, 3.336225, 53896.409470, 53896.409470
Z2, 7, 2, 720, 8048.000000, 0.040684, 197817.323764, 201200.000000, 1.000000, 2, 3.336225, 65396.578623, 65396.578623
Z3, 0, 2, 720, 7080.000000, 0.143007, 49508.066039, 49504.000000, 1.000000, 2, 3.336225, 35734.727078, 35734.727078
Z3, 1, 2, 720, 7080.000000, 0.073574, 96229.646342, 96984.000000, 1.000000, 2, 3.336225, 45079.043139, 45079.043139
Z3, 2, 2, 720, 5664.000000, 0.062886, 90067.741628, 91352.000000, 1.000000, 2, 3.336225, 43846.662196, 43846.662196
Z3, 3, 2, 720, 7080.000000, 0.042664, 165947.871742, 168568.000000, 1.000000, 2, 3.336225, 59022.688219, 59022.688219
Z3, 4, 2, 720, 7080.000000, 0.278235, 25446.115694, 25464.000000, 1.000000, 2, 3.336225, 30922.337009, 30922.337009
Z3, 5, 2, 720, 5664.000000, 0.035357, 160194.586645, 161824.000000, 1.000000, 2, 3.336225, 57872.031200, 57872.031200
Z3, 6, 2, 720, 7080.000000, 0.026633, 265835.617467, 272304.000000, 1.000000, 2, 3.336225, 79000.237364, 79000.237364
Z3, 7, 2, 720, 7080.000000, 0.044564, 158872.632618, 160904.000000, 1.000000, 2, 3.336225, 57607.640394, 57607.640394
Z3, 8, 2, 720, 5664.000000, 0.054240, 104424.778761, 104888.000000, 1.000000, 2, 3.336225, 46718.069623, 46718.069623
Z3, 9, 2, 720, 17112.000000, 0.053299, 321056.680238, 322864.000000, 1.000000, 2, 3.336225, 90044.449918, 90044.449918
Z3, 10, 2, 720, 15320.000000, 0.049186, 311470.743708, 312648.000000, 1.000000, 2, 3.336225, 88127.262612, 88127.262612
Z3, 11, 2, 720, 10704.000000, 0.029889, 358125.062732, 369096.000000, 1.000000, 2, 3.336225, 97458.126417, 97458.126417
Z3, 12, 2, 720, 18776.000000, 0.058097, 323183.641152, 323720.000000, 1.000000, 2, 3.336225, 90469.842101, 90469.842101
Z3, 13, 2, 720, 21848.000000, 0.055578, 393105.185505, 397232.000000, 1.000000, 2, 3.336225, 104454.150972, 104454.150972
Z3, 14, 2, 720, 12752.000000, 0.033932, 375810.444418, 386424.000000, 1.000000, 2, 3.336225, 100995.202754, 100995.202754
Z3, 15, 2, 720, 21856.000000, 0.039245, 556911.708498, 560408.000000, 1.000000, 2, 3.336225, 137215.455570, 137215.455570
Z3, 16, 2, 720, 16880.000000, 0.045132, 374014.003368, 375104.000000, 1.000000, 2, 3.336225, 100635.914544, 100635.914544
Z3, 17, 2, 720, 12128.000000, 0.073077, 165961.930566, 166136.000000, 1.000000, 2, 3.336225, 59025.499984, 59025.499984
Z3, 18, 2, 720, 11592.000000, 0.072188, 160580.705935, 161000.000000, 1.000000, 2, 3.336225, 57949.255058, 57949.255058
Z3, 19, 2, 720, 9952.000000, 0.069875, 142425.760286, 144224.000000, 1.000000, 2, 3.336225, 54318.265928, 54318.265928
Z3, 20, 2, 720, 11064.000000, 0.066059, 167486.640730, 167632.000000, 1.000000, 2, 3.336225, 59330.442017, 59330.442017
Z3, 21, 2, 720, 14728.000000, 0.029171, 504884.988516, 507856.000000, 1.000000, 2, 3.336225, 126810.111574, 126810.111574
Z3, 22, 2, 720, 16264.000000, 0.036274, 448365.220268, 451776.000000, 1.000000, 2, 3.336225, 115506.157924, 115506.157924
Z3, 23, 2, 720, 9504.000000, 0.072598, 130912.697319, 132000.000000, 1.000000, 2, 3.336225, 52015.653335, 52015.653335
Z3, 24, 2, 720, 12688.000000, 0.048940, 259256.232121, 264328.000000, 1.000000, 2, 3.336225, 77684.360295, 77684.360295
Z3, 25, 2, 720, 17320.000000, 0.036288, 477292.768959, 481104.000000, 1.000000, 2, 3.336225, 121291.667663, 121291.667663
Z3, 26, 2, 720, 10632.000000, 0.075335, 141129.621026, 141760.000000, 1.000000, 2, 3.336225, 54059.038076, 54059.038076
Z3, 27, 2, 720, 9320.000000, 0.074316, 125410.409602, 125944.000000, 1.000000, 2, 3.336225, 50915.195791, 50915.195791
Z3, 28, 2, 720, 6376.000000, 0.056265, 113320.892207, 113856.000000, 1.000000, 2, 3.336225, 48497.292312, 48497.292312
Z3, 29, 2, 720, 6872.000000, 0.074978, 91653.551709, 92864.000000, 1.000000, 2, 3.336225, 44163.824212, 44163.824212
Z3, 30, 2, 720, 6872.000000, 0.028437, 241656.996167, 245424.000000, 1.000000, 2, 3.336225, 74164.513104, 74164.513104
Z3, 31, 2, 720, 6376.000000, 0.028730, 221928.297946, 227712.000000, 1.000000, 2, 3.336225, 70218.773460, 70218.773460
Z3, 32, 2, 720, 6872.000000, 0.055289, 124292.354718, 124944.000000, 1.000000, 2, 3.336225, 50691.584814, 50691.584814
Z3, 33, 2, 720, 6872.000000, 0.049489, 138859.140415, 140240.000000, 1.000000, 2, 3.336225, 53604.941954, 53604.941954
Z3, 34, 2, 720, 6376.000000, 0.045850, 139062.159215, 141688.000000, 1.000000, 2, 3.336225, 53645.545714, 53645.545714
Z3, 35, 2, 720, 6872.000000, 0.048571, 141483.601326, 143160.000000, 1.000000, 2, 3.336225, 54129.834136, 54129.834136
Z3, 36, 2, 720, 6872.000000, 0.028626, 240061.482568, 245424.000000, 1.000000, 2, 3.336225, 73845.410384, 73845.410384
Z3, 37, 2, 720, 6376.000000, 0.305362, 20880.135708, 20904.000000, 1.000000, 2, 3.336225, 30009.141012, 30009.141012
Z3, 38, 2, 720, 6872.000000, 0.035000, 196342.857143, 196336.000000, 1.000000, 2, 3.336225, 65101.685299, 65101.685299
Z1, 0, 3, 720, 15304.000000, 0.194920, 78514.262261, 78880.000000, 1.000000, 2, 7.097716, 80804.537752, 80804.537752
Z2, 0, 3, 720, 6624.000000, 0.202050, 32783.964365, 32792.000000, 1.000000, 2, 7.097716, 71658.478172, 71658.478172
Z2, 1, 3, 720, 5664.000000, 0.059997, 94404.720236, 96000.000000, 1.000000, 2, 7.097716, 83982.629346, 83982.629346
Z2, 2, 3, 720, 7080.000000, 0.045179, 156709.975874, 157328.000000, 1.000000, 2, 7.097716, 96443.680474, 96443.680474
Z2, 3, 3, 720, 7080.000000, 0.058671, 120672.904842, 122064.000000, 1.000000, 2, 7.097716, 89236.266268, 89236.266268
Z2, 4, 3, 720, 12544.000000, 0.208940, 60036.374079, 60304.000000, 1.000000, 2, 7.097716, 77108.960115, 77108.960115
Z2, 5, 3, 720, 18632.000000, 0.048224, 386363.636364, 388160.000000, 1.000000, 2, 7.097716, 142374.412572, 142374.412572
Z2, 6, 3, 720, 10240.000000, 0.037360, 274089.935760, 276752.000000, 1.000000, 2, 7.097716, 119919.672451, 119919.672451
Z2, 7, 3, 720, 8424.000000, 0.039372, 213959.158793, 216000.000000, 1.000000, 2, 7.097716, 107893.517058, 107893.517058
Z3, 0, 3, 720, 5424.000000, 0.209106, 25938.997446, 25952.000000, 1.000000, 2, 7.097716, 70289.484789, 70289.484789
Z3, 1, 3, 720, 7080.000000, 0.047893, 147829.536676, 150632.000000, 1.000000, 2, 7.097716, 94667.592634, 94667.592634
Z3, 2, 3, 720, 7080.000000, 0.039875, 177554.858934, 181536.000000, 1.000000, 2, 7.097716, 100612.657086, 100612.657086
Z3, 3, 3, 720, 5664.000000, 0.047715, 118704.809808, 120504.000000, 1.000000, 2, 7.097716, 88842.647261, 88842.647261
Z3, 4, 3, 720, 7080.000000, 0.033309, 212555.165271, 214544.000000, 1.000000, 2, 7.097716, 107612.718353, 107612.718353
Z3, 5, 3, 720, 7080.000000, 0.045077, 157064.578388, 157328.000000, 1.000000, 2, 7.097716, 96514.600977, 96514.600977
Z3, 6, 3, 720, 5664.000000, 0.042944, 131892.697466, 134856.000000, 1.000000, 2, 7.097716, 91480.224793, 91480.224793
Z3, 7, 3, 720, 7080.000000, 0.059307, 119378.825434, 120000.000000, 1.000000, 2, 7.097716, 88977.450386, 88977.450386
Z3, 8, 3, 720, 7080.000000, 0.060802, 116443.538042, 118000.000000, 1.000000, 2, 7.097716, 88390.392908, 88390.392908
Z3, 9, 3, 720, 14120.000000, 0.034938, 404144.484515, 415288.000000, 1.000000, 2, 7.097716, 145930.582202, 145930.582202
Z3, 10, 3, 720, 17536.000000, 0.053426, 328229.700895, 330864.000000, 1.000000, 2, 7.097716, 130747.625478, 130747.625478
Z3, 11, 3, 720, 16008.000000, 0.036129, 443078.967035, 444664.000000, 1.000000, 2, 7.097716, 153717.478706, 153717.478706
Z3, 12, 3, 720, 10896.000000, 0.031106, 350286.118434, 351480.000000, 1.000000, 2, 7.097716, 135158.908986, 135158.908986
Z3, 13, 3, 720, 19720.000000, 0.067103, 293876.577798, 294328.000000, 1.000000, 2, 7.097716, 123877.000859, 123877.000859
Z3, 14, 3, 720, 20104.000000, 0.035875, 560390.243902, 574400.000000, 1.000000, 2, 7.097716, 177179.734080, 177179.734080
Z3, 15, 3, 720, 12504.000000, 0.387860, 32238.436549, 32304.000000, 1.000000, 2, 7.097716, 71549.372609, 71549.372609
Z3, 16, 3, 720, 23072.000000, 0.114448, 201593.736894, 202384.000000, 1.000000, 2, 7.097716, 105420.432678, 105420.432678
Z3, 17, 3, 720, 18112.000000, 0.045044, 402095.728621, 402488.000000, 1.000000, 2, 7.097716, 145520.831023, 145520.831023
Z3, 18, 3, 720, 9664.000000, 0.029836, 323904.008580, 333240.000000, 1.000000, 2, 7.097716, 129882.487015, 129882.487015
Z3, 19, 3, 720, 12280.000000, 0.056221, 218423.720674, 219280.000000, 1.000000, 2, 7.097716, 108786.429434, 108786.429434
Z3, 20, 3, 720, 10368.000000, 0.069093, 150058.616647, 150256.000000, 1.000000, 2, 7.097716, 95113.408629, 95113.408629
Z3, 21, 3, 720, 10520.000000, 0.041411, 254038.781966, 256584.000000, 1.000000, 2, 7.097716, 115909.441693, 115909.441693
Z3, 22, 3, 720, 15288.000000, 0.033674, 454000.118786, 463272.000000, 1.000000, 2, 7.097716, 155901.709056, 155901.709056
Z3, 23, 3, 720, 16344.000000, 0.066948, 244129.772361, 247632.000000, 1.000000, 2, 7.097716, 113927.639771, 113927.639771
Z3, 24, 3, 720, 9016.000000, 0.045538, 197988.493127, 200352.000000, 1.000000, 2, 7.097716, 104699.383925, 104699.383925
Z3, 25, 3, 720, 13800.000000, 0.071320, 193494.111049, 194360.000000, 1.000000, 2, 7.097716, 103800.507509, 103800.507509
Z3, 26, 3, 720, 17664.000000, 0.046228, 382106.082893, 384000.000000, 1.000000, 2, 7.097716, 141522.901878, 141522.901878
Z3, 27, 3, 720, 9896.000000, 0.189391, 52251.690946, 52352.000000, 1.000000, 2, 7.097716, 75552.023489, 75552.023489
Z3, 28, 3, 720, 6376.000000, 0.053421, 119353.812171, 120296.000000, 1.000000, 2, 7.097716, 88972.447734, 88972.447734
Z3, 29, 3, 720, 6872.000000, 0.067289, 102126.647743, 102560.000000, 1.000000, 2, 7.097716, 85527.014848, 85527.014848
Z3, 30, 3, 720, 6872.000000, 0.066550, 103260.706236, 104120.000000, 1.000000, 2, 7.097716, 85753.826546, 85753.826546
Z3, 31, 3, 720, 6376.000000, 0.043589, 146275.436463, 148272.000000, 1.000000, 2, 7.097716, 94356.772592, 94356.772592
Z3, 32, 3, 720, 6872.000000, 0.031539, 217888.962871, 221672.000000, 1.000000, 2, 7.097716, 108679.477874, 108679.477874
Z3, 33, 3, 720, 6872.000000, 0.030013, 228967.447439, 229064.000000, 1.000000, 2, 7.097716, 110895.174787, 110895.174787
Z3, 34, 3, 720, 6376.000000, 0.052930, 120460.986208, 122608.000000, 1.000000, 2, 7.097716, 89193.882541, 89193.882541
Z3, 35, 3, 720, 6872.000000, 0.066913, 102700.521573, 104120.000000, 1.000000, 2, 7.097716, 85641.789614, 85641.789614
Z3, 36, 3, 720, 6872.000000, 0.325587, 21106.493810, 21144.000000, 1.000000, 2, 7.097716, 69322.984061, 69322.984061
Z3, 37, 3, 720, 6376.000000, 0.069049, 92340.222161, 92400.000000, 1.000000, 2, 7.097716, 83569.729731, 83569.729731
Z3, 38, 3, 720, 6872.000000, 0.070590, 97350.899561, 98168.000000, 1.000000, 2, 7.097716, 84571.865211, 84571.865211
Z1, 0, 4, 720, 22592.000000, 0.143281, 157676.174789, 157984.000000, 1.000000, 2, 10.918572, 116107.100169, 116107.100169
Z2, 0, 4, 720, 6624.000000, 0.221832, 29860.434924, 29968.000000, 1.000000, 2, 10.918572, 90543.952196, 90543.952196
Z2, 1, 4, 720, 6648.000000, 0.053126, 125136.468019, 125432.000000, 1.000000, 2, 10.918572, 109599.158815, 109599.158815
Z2, 2, 4, 720, 7200.000000, 0.060794, 118432.740073, 120000.000000, 1.000000, 2, 10.918572, 108258.413226, 108258.413226
Z2, 3, 4, 720, 7296.000000, 0.060009, 121581.762736, 121600.000000, 1.000000, 2, 10.918572, 108888.217759, 108888.217759
Z2, 4, 4, 720, 17272.000000, 0.074711, 231184.162975, 233400.000000, 1.000000, 2, 10.918572, 130808.697806, 130808.697806
Z2, 5, 4, 720, 26240.000000, 0.043212, 607238.729982, 610232.000000, 1.000000, 2, 10.918572, 206019.611208, 206019.611208
Z2, 6, 4, 720, 12720.000000, 0.062753, 202699.472535, 205160.000000, 1.000000, 2, 10.918572, 125111.759718, 125111.759718
Z2, 7, 4, 720, 11496.000000, 0.042891, 268028.257676, 273712.000000, 1.000000, 2, 10.918572, 138177.516747, 138177.516747
Z3, 0, 4, 720, 6448.000000, 0.210978, 30562.428310, 30704.000000, 1.000000, 2, 10.918572, 90684.350873, 90684.350873
Z3, 1, 4, 720, 7448.000000, 0.053743, 138585.490203, 140528.000000, 1.000000, 2, 10.918572, 112288.963252, 112288.963252
Z3, 2, 4, 720, 7424.000000, 0.038249, 194096.577688, 195368.000000, 1.000000, 2, 10.918572, 123391.180749, 123391.180749
Z3, 3, 4, 720, 6648.000000, 0.054050, 122997.224792, 123104.000000, 1.000000, 2, 10.918572, 109171.310170, 109171.310170
Z3, 4, 4, 720, 7224.000000, 0.071303, 101314.110206, 101744.000000, 1.000000, 2, 10.918572, 104834.687253, 104834.687253
Z3, 5, 4, 720, 7240.000000, 0.045991, 157422.104325, 160888.000000, 1.000000, 2, 10.918572, 116056.286076, 116056.286076
Z3, 6, 4, 720, 6648.000000, 0.047801, 139076.588356, 141440.000000, 1.000000, 2, 10.918572, 112387.182883, 112387.182883
Z3, 7, 4, 720, 7232.000000, 0.074723, 96784.122693, 97728.000000, 1.000000, 2, 10.918572, 103928.689750, 103928.689750
Z3, 8, 4, 720, 7296.000000, 0.068008, 107281.496295, 107288.000000, 1.000000, 2, 10.918572, 106028.164470, 106028.164470
Z3, 9, 4, 720, 16456.000000, 0.038063, 432335.864225, 433048.000000, 1.000000, 2, 10.918572, 171039.038056, 171039.038056
Z3, 10, 4, 720, 25392.000000, 0.063223, 401625.990541, 403040.000000, 1.000000, 2, 10.918572, 164897.063320, 164897.063320
Z3, 11, 4, 720, 21592.000000, 0.046520, 464144.453998, 469384.000000, 1.000000, 2, 10.918572, 177400.756011, 177400.756011
Z3, 12, 4, 720, 13528.000000, 0.075143, 180030.075988, 180368.000000, 1.000000, 2, 10.918572, 120577.880409, 120577.880409
Z3, 13, 4, 720, 29512.000000, 0.065976, 447314.174851, 454024.000000, 1.000000, 2, 10.918572, 174034.700182, 174034.700182
Z3, 14, 4, 720, 29688.000000, 0.071512, 415147.108178, 418136.000000, 1.000000, 2, 10.918572, 167601.286847, 167601.286847
Z3, 15, 4, 720, 16760.000000, 0.026762, 626261.116508, 644608.000000, 1.000000, 2, 10.918572, 209824.088513, 209824.088513
Z3, 16, 4, 720, 33128.000000, 0.072528, 456761.526583, 460104.000000, 1.000000, 2, 10.918572, 175924.170528, 175924.170528
Z3, 17, 4, 720, 26248.000000, 0.072754, 360777.414300, 364552.000000, 1.000000, 2, 10.918572, 156727.348072, 156727.348072
Z3, 18, 4, 720, 14624.000000, 0.058513, 249927.366568, 252136.000000, 1.000000, 2, 10.918572, 134557.338525, 134557.338525
Z3, 19, 4, 720, 26816.000000, 0.071696, 374023.655434, 377688.000000, 1.000000, 2, 10.918572, 159376.596298, 159376.596298
Z3, 20, 4, 720, 23128.000000, 0.068728, 336514.957514, 340112.000000, 1.000000, 2, 10.918572, 151874.856714, 151874.856714
Z3, 21, 4, 720, 19440.000000, 0.037357, 520384.399176, 525400.000000, 1.000000, 2, 10.918572, 188648.745047, 188648.745047
Z3, 22, 4, 720, 29088.000000, 0.072427, 401618.181065, 404000.000000, 1.000000, 2, 10.918572, 164895.501424, 164895.501424
Z3, 23, 4, 720, 29840.000000, 0.071335, 418307.983458, 420280.000000, 1.000000, 2, 10.918572, 168233.461903, 168233.461903
Z3, 24, 4, 720, 17200.000000, 0.054880, 313411.078717, 318512.000000, 1.000000, 2, 10.918572, 147254.080955, 147254.080955
Z3, 25, 4, 720, 25664.000000, 0.067545, 379954.104671, 383040.000000, 1.000000, 2, 10.918572, 160562.686146, 160562.686146
Z3, 26, 4, 720, 26808.000000, 0.069013, 388448.553171, 388520.000000, 1.000000, 2, 10.918572, 162261.575846, 162261.575846
Z3, 27, 4, 720, 17472.000000, 0.056463, 309441.581212, 312000.000000, 1.000000, 2, 10.918572, 146460.181454, 146460.181454
Z3, 28, 4, 720, 6448.000000, 0.069771, 92416.620086, 93448.000000, 1.000000, 2, 10.918572, 103055.189229, 103055.189229
Z3, 29, 4, 720, 7200.000000, 0.033796, 213042.963664, 218176.000000, 1.000000, 2, 10.918572, 127180.457944, 127180.457944
Z3, 30, 4, 720, 7520.000000, 0.047175, 159406.465289, 160000.000000, 1.000000, 2, 10.918572, 116453.158269, 116453.158269
Z3, 31, 4, 720, 6728.000000, 0.066530, 101127.310988, 101936.000000, 1.000000, 2, 10.918572, 104797.327409, 104797.327409
Z3, 32, 4, 720, 7224.000000, 0.319130, 22636.543102, 22640.000000, 1.000000, 2, 10.918572, 89099.173832, 89099.173832
Z3, 33, 4, 720, 7256.000000, 0.031615, 229511.307923, 234064.000000, 1.000000, 2, 10.918572, 130474.126796, 130474.126796
Z3, 34, 4, 720, 6544.000000, 0.046981, 139290.351419, 142256.000000, 1.000000, 2, 10.918572, 112429.935495, 112429.935495
Z3, 35, 4, 720, 12272.000000, 0.041160, 298153.547133, 299312.000000, 1.000000, 2, 10.918572, 144202.574638, 144202.574638
Z3, 36, 4, 720, 8544.000000, 0.056341, 151648.000568, 152568.000000, 1.000000, 2, 10.918572, 114901.465325, 114901.465325
Z3, 37, 4, 720, 6424.000000, 0.553884, 11598.096352, 11616.000000, 1.000000, 2, 10.918572, 86891.484482, 86891.484482
Z3, 38, 4, 720, 6872.000000, 0.070774, 97097.804278, 98168.000000, 1.000000, 2, 10.918572, 103991.426067, 103991.426067
Z1, 0, 5, 720, 20272.000000, 0.197303, 102745.523383, 102896.000000, 1.000000, 2, 14.850425, 124540.530744, 124540.530744
Z2, 0, 5, 720, 6624.000000, 0.201716, 32838.247834, 32952.000000, 1.000000, 2, 14.850425, 110559.075634, 110559.075634
Z2, 1, 5, 720, 7616.000000, 0.034233, 222475.389244, 224000.000000, 1.000000, 2, 14.850425, 148486.503916, 148486.503916
Z2, 2, 5, 720, 8792.000000, 0.065540, 134147.085749, 135256.000000, 1.000000, 2, 14.850425, 130820.843217, 130820.843217
Z2, 3, 5, 720, 8816.000000, 0.027404, 321704.860604, 326512.000000, 1.000000, 2, 14.850425, 168332.398188, 168332.398188
Z2, 4, 5, 720, 14976.000000, 0.061807, 242302.651803, 245504.000000, 1.000000, 2, 14.850425, 152451.956428, 152451.956428
Z2, 5, 5, 720, 25312.000000, 0.051657, 490001.355092, 496312.000000, 1.000000, 2, 14.850425, 201991.697086, 201991.697086
Z2, 6, 5, 720, 13208.000000, 0.051076, 258595.034850, 258976.000000, 1.000000, 2, 14.850425, 155710.433037, 155710.433037
Z2, 7, 5, 720, 16320.000000, 0.030511, 534889.056406, 544000.000000, 1.000000, 2, 14.850425, 210969.237348, 210969.237348
Z3, 0, 5, 720, 7712.000000, 0.188442, 40925.059169, 41016.000000, 1.000000, 2, 14.850425, 112176.437901, 112176.437901
Z3, 1, 5, 720, 9624.000000, 0.057779, 166565.707264, 168840.000000, 1.000000, 2, 14.850425, 137304.567520, 137304.567520
Z3, 2, 5, 720, 9096.000000, 0.029526, 308067.465962, 313648.000000, 1.000000, 2, 14.850425, 165604.919260, 165604.919260
Z3, 3, 5, 720, 7632.000000, 0.043321, 176173.218531, 177488.000000, 1.000000, 2, 14.850425, 139226.069773, 139226.069773
Z3, 4, 5, 720, 8304.000000, 0.029024, 286108.048512, 286344.000000, 1.000000, 2, 14.850425, 161213.035769, 161213.035769
Z3, 5, 5, 720, 8504.000000, 0.040122, 211953.541698, 212600.000000, 1.000000, 2, 14.850425, 146382.134407, 146382.134407
Z3, 6, 5, 720, 7384.000000, 0.055729, 132498.340182, 134248.000000, 1.000000, 2, 14.850425, 130491.094104, 130491.094104
Z3, 7, 5, 720, 8968.000000, 0.033070, 271182.340490, 271752.000000, 1.000000, 2, 14.850425, 158227.894165, 158227.894165
Z3, 8, 5, 720, 8912.000000, 0.060442, 147447.139406, 148528.000000, 1.000000, 2, 14.850425, 133480.853948, 133480.853948
Z3, 9, 5, 720, 16688.000000, 0.058842, 283606.947419, 287720.000000, 1.000000, 2, 14.850425, 160712.815551, 160712.815551
Z3, 10, 5, 720, 23832.000000, 0.066780, 356873.315364, 361088.000000, 1.000000, 2, 14.850425, 175366.089140, 175366.089140
Z3, 11, 5, 720, 21144.000000, 0.047275, 447255.420412, 449872.000000, 1.000000, 2, 14.850425, 193442.510150, 193442.510150
Z3, 12, 5, 720, 14272.000000, 0.033388, 427458.967294, 432480.000000, 1.000000, 2, 14.850425, 189483.219526, 189483.219526
Z3, 13, 5, 720, 27640.000000, 0.050759, 544533.974271, 552800.000000, 1.000000, 2, 14.850425, 212898.220921, 212898.220921
Z3, 14, 5, 720, 33288.000000, 0.063087, 527652.289695, 528376.000000, 1.000000, 2, 14.850425, 209521.884006, 209521.884006
Z3, 15, 5, 720, 17576.000000, 0.030132, 583300.146024, 585864.000000, 1.000000, 2, 14.850425, 220651.455272, 220651.455272
Z3, 16, 5, 720, 34872.000000, 0.055106, 632816.753167, 634032.000000, 1.000000, 2, 14.850425, 230554.776700, 230554.776700
Z3, 17, 5, 720, 27336.000000, 0.063831, 428255.863139, 433904.000000, 1.000000, 2, 14.850425, 189642.598695, 189642.598695
Z3, 18, 5, 720, 18312.000000, 0.072335, 253155.457248, 254328.000000, 1.000000, 2, 14.850425, 154622.517517, 154622.517517
Z3, 19, 5, 720, 41432.000000, 0.043939, 942943.626391, 963528.000000, 1.000000, 2, 14.850425, 292580.151345, 292580.151345
Z3, 20, 5, 720, 36760.000000, 0.068454, 537002.950887, 540584.000000, 1.000000, 2, 14.850425, 211392.016244, 211392.016244
Z3, 21, 5, 720, 21272.000000, 0.065889, 322845.998573, 327256.000000, 1.000000, 2, 14.850425, 168560.625782, 168560.625782
Z3, 22, 5, 720, 43464.000000, 0.067427, 644608.242989, 648712.000000, 1.000000, 2, 14.850425, 232913.074665, 232913.074665
Z3, 23, 5, 720, 42000.000000, 0.044721, 939156.101161, 954544.000000, 1.000000, 2, 14.850425, 291822.646299, 291822.646299
Z3, 24, 5, 720, 20304.000000, 0.063420, 320151.371807, 322280.000000, 1.000000, 2, 14.850425, 168021.700429, 168021.700429
Z3, 25, 5, 720, 32736.000000, 0.063651, 514304.567092, 519616.000000, 1.000000, 2, 14.850425, 206852.339486, 206852.339486
Z3, 26, 5, 720, 34608.000000, 0.274004, 126304.725478, 126304.000000, 1.000000, 2, 14.850425, 129252.371163, 129252.371163
Z3, 27, 5, 720, 21272.000000, 0.051496, 413080.627622, 417096.000000, 1.000000, 2, 14.850425, 186607.551591, 186607.551591
Z3, 28, 5, 720, 8752.000000, 0.058039, 150795.154982, 150896.000000, 1.000000, 2, 14.850425, 134150.457064, 134150.457064
Z3, 29, 5, 720, 12760.000000, 0.060348, 211440.312852, 212664.000000, 1.000000, 2, 14.850425, 146279.488638, 146279.488638
Z3, 30, 5, 720, 15440.000000, 0.062303, 247821.132209, 249032.000000, 1.000000, 2, 14.850425, 153555.652509, 153555.652509
Z3, 31, 5, 720, 10000.000000, 0.075195, 132987.565663, 133328.000000, 1.000000, 2, 14.850425, 130588.939200, 130588.939200
Z3, 32, 5, 720, 15200.000000, 0.042534, 357361.169888, 361904.000000, 1.000000, 2, 14.850425, 175463.660045, 175463.660045
Z3, 33, 5, 720, 18352.000000, 0.061090, 300409.232280, 300848.000000, 1.000000, 2, 14.850425, 164073.272523, 164073.272523
Z3, 34, 5, 720, 11224.000000, 0.069167, 162273.916752, 162664.000000, 1.000000, 2, 14.850425, 136446.209418, 136446.209418
Z3, 35, 5, 720, 23240.000000, 0.060994, 381021.084041, 387328.000000, 1.000000, 2, 14.850425, 180195.642875, 180195.642875
Z3, 36, 5, 720, 16824.000000, 0.073772, 228054.004229, 230464.000000, 1.000000, 2, 14.850425, 149602.226913, 149602.226913
Z3, 37, 5, 720, 9680.000000, 0.035903, 269615.352478, 276568.000000, 1.000000, 2, 14.850425, 157914.496563, 157914.496563
Z3, 38, 5, 720, 12888.000000, 0.027244, 473058.288063, 477328.000000, 1.000000, 2, 14.850425, 198603.083680, 198603.083680
Z1, 0, 6, 720, 14912.000000, 0.184777, 80702.684858, 81040.000000, 1.000000, 2, 18.027344, 188910.506781, 188910.506781
Z2, 0, 6, 720, 6624.000000, 0.180610, 36675.710094, 36800.000000, 1.000000, 2, 18.027344, 180105.111828, 180105.111828
Z2, 1, 6, 720, 6768.000000, 0.062862, 107664.407750, 109160.000000, 1.000000, 2, 18.027344, 194302.851359, 194302.851359
Z2, 2, 6, 720, 7488.000000, 0.066360, 112839.059675, 113448.000000, 1.000000, 2, 18.027344, 195337.781744, 195337.781744
Z2, 3, 6, 720, 7752.000000, 0.069558, 111446.562581, 112344.000000, 1.000000, 2, 18.027344, 195059.282325, 195059.282325
Z2, 4, 6, 720, 10768.000000, 0.239212, 45014.464157, 45048.000000, 1.000000, 2, 18.027344, 181772.862641, 181772.862641
Z2, 5, 6, 720, 17456.000000, 0.064447, 270858.224588, 272744.000000, 1.000000, 2, 18.027344, 226941.614727, 226941.614727
Z2, 6, 6, 720, 9568.000000, 0.067474, 141802.768474, 142800.000000, 1.000000, 2, 18.027344, 201130.523504, 201130.523504
Z2, 7, 6, 720, 12800.000000, 0.049327, 259492.772721, 261224.000000, 1.000000, 2, 18.027344, 224668.524353, 224668.524353
Z3, 0, 6, 720, 6760.000000, 0.176186, 38368.542336, 38408.000000, 1.000000, 2, 18.027344, 180443.678276, 180443.678276
Z3, 1, 6, 720, 8320.000000, 0.030263, 274923.173512, 277328.000000, 1.000000, 2, 18.027344, 227754.604512, 227754.604512
Z3, 2, 6, 720, 7800.000000, 0.071652, 108859.487523, 109856.000000, 1.000000, 2, 18.027344, 194541.867314, 194541.867314
Z3, 3, 6, 720, 6928.000000, 0.052366, 132299.583699, 133224.000000, 1.000000, 2, 18.027344, 199229.886549, 199229.886549
Z3, 4, 6, 720, 7472.000000, 0.059156, 126310.095341, 126640.000000, 1.000000, 2, 18.027344, 198031.988877, 198031.988877
Z3, 5, 6, 720, 7416.000000, 0.056282, 131765.040333, 132424.000000, 1.000000, 2, 18.027344, 199122.977876, 199122.977876
Z3, 6, 6, 720, 6760.000000, 0.032725, 206569.900688, 211248.000000, 1.000000, 2, 18.027344, 214083.949947, 214083.949947
Z3, 7, 6, 720, 7600.000000, 0.068344, 111202.153810, 111760.000000, 1.000000, 2, 18.027344, 195010.400571, 195010.400571
Z3, 8, 6, 720, 7600.000000, 0.038697, 196397.653565, 200000.000000, 1.000000, 2, 18.027344, 212049.500522, 212049.500522
Z3, 9, 6, 720, 12912.000000, 0.030734, 420121.038589, 430400.000000, 1.000000, 2, 18.027344, 256794.177527, 256794.177527
Z3, 10, 6, 720, 17552.000000, 0.043771, 400996.093304, 408184.000000, 1.000000, 2, 18.027344, 252969.188470, 252969.188470
Z3, 11, 6, 720, 14968.000000, 0.026078, 573970.396503, 575688.000000, 1.000000, 2, 18.027344, 287564.049110, 287564.049110
Z3, 12, 6, 720, 10336.000000, 0.061117, 169118.248605, 169440.000000, 1.000000, 2, 18.027344, 206593.619530, 206593.619530
Z3, 13, 6, 720, 18344.000000, 0.062128, 295261.395828, 295864.000000, 1.000000, 2, 18.027344, 231822.248975, 231822.248975
Z3, 14, 6, 720, 20456.000000, 0.060025, 340791.336943, 340928.000000, 1.000000, 2, 18.027344, 240928.237198, 240928.237198
Z3, 15, 6, 720, 12480.000000, 0.054540, 228822.882288, 231104.000000, 1.000000, 2, 18.027344, 218534.546267, 218534.546267
Z3, 16, 6, 720, 18912.000000, 0.052306, 361564.638856, 363688.000000, 1.000000, 2, 18.027344, 245082.897580, 245082.897580
Z3, 17, 6, 720, 16112.000000, 0.045903, 351001.023898, 358040.000000, 1.000000, 2, 18.027344, 242970.174589, 242970.174589
Z3, 18, 6, 720, 16088.000000, 0.047990, 335236.507606, 342296.000000, 1.000000, 2, 18.027344, 239817.271330, 239817.271330
Z3, 19, 6, 720, 31984.000000, 0.070575, 453191.640099, 456912.000000, 1.000000, 2, 18.027344, 263408.297829, 263408.297829
Z3, 20, 6, 720, 21472.000000, 0.149633, 143497.757848, 144104.000000, 1.000000, 2, 18.027344, 201469.521379, 201469.521379
Z3, 21, 6, 720, 19320.000000, 0.075162, 257044.783268, 257600.000000, 1.000000, 2, 18.027344, 224178.926463, 224178.926463
Z3, 22, 6, 720, 33040.000000, 0.060318, 547763.520011, 550664.000000, 1.000000, 2, 18.027344, 282322.673811, 282322.673811
Z3, 23, 6, 720, 26472.000000, 0.071500, 370237.762238, 372840.000000, 1.000000, 2, 18.027344, 246817.522257, 246817.522257
Z3, 24, 6, 720, 12984.000000, 0.062447, 207920.316428, 209416.000000, 1.000000, 2, 18.027344, 214354.033095, 214354.033095
Z3, 25, 6, 720, 21128.000000, 0.074176, 284836.065574, 285512.000000, 1.000000, 2, 18.027344, 229737.182924, 229737.182924
Z3, 26, 6, 720, 21576.000000, 0.057583, 374693.920081, 378520.000000, 1.000000, 2, 18.027344, 247708.753825, 247708.753825
Z3, 27, 6, 720, 14376.000000, 0.063916, 224920.207773, 228184.000000, 1.000000, 2, 18.027344, 217754.011364, 217754.011364
Z3, 28, 6, 720, 7048.000000, 0.061874, 113908.911659, 115536.000000, 1.000000, 2, 18.027344, 195551.752141, 195551.752141
Z3, 29, 6, 720, 8656.000000, 0.061693, 140307.652408, 141896.000000, 1.000000, 2, 18.027344, 200831.500291, 200831.500291
Z3, 30, 6, 720, 9488.000000, 0.038921, 243775.853652, 249680.000000, 1.000000, 2, 18.027344, 221525.140540, 221525.140540
Z3, 31, 6, 720, 8424.000000, 0.038841, 216884.220283, 221680.000000, 1.000000, 2, 18.027344, 216146.813866, 216146.813866
Z3, 32, 6, 720, 9328.000000, 0.042155, 221278.614636, 222088.000000, 1.000000, 2, 18.027344, 217025.692736, 217025.692736
Z3, 33, 6, 720, 8680.000000, 0.060672, 143064.345992, 144664.000000, 1.000000, 2, 18.027344, 201382.839007, 201382.839007
Z3, 34, 6, 720, 7160.000000, 0.037959, 188624.568614, 193512.000000, 1.000000, 2, 18.027344, 210494.883532, 210494.883532
Z3, 35, 6, 720, 10360.000000, 0.042291, 244969.378828, 246664.000000, 1.000000, 2, 18.027344, 221763.845575, 221763.845575
Z3, 36, 6, 720, 9048.000000, 0.039412, 229574.748807, 232000.000000, 1.000000, 2, 18.027344, 218684.919571, 218684.919571
Z3, 37, 6, 720, 7176.000000, 0.042049, 170658.041808, 170856.000000, 1.000000, 2, 18.027344, 206901.578171, 206901.578171
Z3, 38, 6, 720, 8768.000000, 0.053590, 163612.614294, 165432.000000, 1.000000, 2, 18.027344, 205492.492668, 205492.492668
Z1, 0, 7, 720, 7408.000000, 0.196142, 37768.555434, 37792.000000, 1.000000, 2, 21.293770, 173777.632326, 173777.632326
Z2, 0, 7, 720, 6624.000000, 0.163994, 40391.721648, 40632.000000, 1.000000, 2, 21.293770, 174302.265569, 174302.265569
Z2, 1, 7, 720, 6792.000000, 0.028996, 234239.205408, 242568.000000, 1.000000, 2, 21.293770, 213071.762321, 213071.762321
Z2, 2, 7, 720, 7464.000000, 0.048631, 153482.346651, 155496.000000, 1.000000, 2, 21.293770, 196920.390570, 196920.390570
Z2, 3, 7, 720, 10144.000000, 0.044285, 229061.759061, 230544.000000, 1.000000, 2, 21.293770, 212036.273051, 212036.273051
Z2, 4, 7, 720, 14352.000000, 0.074742, 192020.550694, 193944.000000, 1.000000, 2, 21.293770, 204628.031378, 204628.031378
Z2, 5, 7, 720, 15008.000000, 0.061617, 243569.144879, 246032.000000, 1.000000, 2, 21.293770, 214937.750215, 214937.750215
Z2, 6, 7, 720, 7168.000000, 0.054796, 130812.468063, 132736.000000, 1.000000, 2, 21.293770, 192386.414852, 192386.414852
Z2, 7, 7, 720, 8160.000000, 0.062673, 130199.607486, 131608.000000, 1.000000, 2, 21.293770, 192263.842737, 192263.842737
Z3, 0, 7, 720, 6656.000000, 0.177583, 37481.065192, 37600.000000, 1.000000, 2, 21.293770, 173720.134278, 173720.134278
Z3, 1, 7, 720, 7664.000000, 0.295878, 25902.567950, 25976.000000, 1.000000, 2, 21.293770, 171404.434829, 171404.434829
Z3, 2, 7, 720, 7664.000000, 0.037417, 204826.683059, 207128.000000, 1.000000, 2, 21.293770, 207189.257851, 207189.257851
Z3, 3, 7, 720, 6920.000000, 0.047206, 146591.534974, 147232.000000, 1.000000, 2, 21.293770, 195542.228234, 195542.228234
Z3, 4, 7, 720, 7504.000000, 0.065004, 115439.049905, 115440.000000, 1.000000, 2, 21.293770, 189311.731220, 189311.731220
Z3, 5, 7, 720, 7480.000000, 0.048566, 154017.213689, 155832.000000, 1.000000, 2, 21.293770, 197027.363977, 197027.363977
Z3, 6, 7, 720, 6728.000000, 0.079031, 85131.151067, 85160.000000, 1.000000, 2, 21.293770, 183250.151453, 183250.151453
Z3, 7, 7, 720, 7632.000000, 0.038505, 198208.024932, 200840.000000, 1.000000, 2, 21.293770, 205865.526226, 205865.526226
Z3, 8, 7, 720, 7392.000000, 0.051758, 142818.501488, 144936.000000, 1.000000, 2, 21.293770, 194787.621537, 194787.621537
Z3, 9, 7, 720, 12800.000000, 0.061512, 208089.478476, 209832.000000, 1.000000, 2, 21.293770, 207841.816934, 207841.816934
Z3, 10, 7, 720, 16760.000000, 0.054853, 305543.908264, 310368.000000, 1.000000, 2, 21.293770, 227332.702892, 227332.702892
Z3, 11, 7, 720, 14104.000000, 0.214399, 65783.888917, 65904.000000, 1.000000, 2, 21.293770, 179380.699023, 179380.699023
Z3, 12, 7, 720, 9704.000000, 0.029018, 334413.122889, 334616.000000, 1.000000, 2, 21.293770, 233106.545817, 233106.545817
Z3, 13, 7, 720, 17248.000000, 0.068324, 252444.236286, 253640.000000, 1.000000, 2, 21.293770, 216712.768496, 216712.768496
Z3, 14, 7, 720, 21552.000000, 0.069750, 308989.247312, 312344.000000, 1.000000, 2, 21.293770, 228021.770702, 228021.770702
Z3, 15, 7, 720, 16688.000000, 0.071469, 233499.839091, 235040.000000, 1.000000, 2, 21.293770, 212923.889057, 212923.889057
Z3, 16, 7, 720, 23312.000000, 0.075414, 309120.322487, 310824.000000, 1.000000, 2, 21.293770, 228047.985737, 228047.985737
Z3, 17, 7, 720, 14952.000000, 0.044949, 332643.662818, 339816.000000, 1.000000, 2, 21.293770, 232752.653803, 232752.653803
Z3, 18, 7, 720, 16856.000000, 0.032228, 523023.457863, 526744.000000, 1.000000, 2, 21.293770, 270828.612812, 270828.612812
Z3, 19, 7, 720, 23928.000000, 0.047141, 507583.632082, 509104.000000, 1.000000, 2, 21.293770, 267740.647656, 267740.647656
Z3, 20, 7, 720, 29544.000000, 0.072232, 409015.394839, 410328.000000, 1.000000, 2, 21.293770, 248027.000207, 248027.000207
Z3, 21, 7, 720, 31920.000000, 0.038646, 825958.702065, 840000.000000, 1.000000, 2, 21.293770, 331415.661652, 331415.661652
Z3, 22, 7, 720, 15096.000000, 0.044602, 338460.158737, 343088.000000, 1.000000, 2, 21.293770, 233915.952987, 233915.952987
Z3, 23, 7, 720, 22296.000000, 0.073485, 303408.858951, 305424.000000, 1.000000, 2, 21.293770, 226905.693029, 226905.693029
Z3, 24, 7, 720, 24272.000000, 0.067237, 360991.715871, 362264.000000, 1.000000, 2, 21.293770, 238422.264413, 238422.264413
Z3, 25, 7, 720, 13368.000000, 0.037831, 353361.000238, 361296.000000, 1.000000, 2, 21.293770, 236896.121287, 236896.121287
Z3, 26, 7, 720, 21768.000000, 0.073166, 297515.239319, 298184.000000, 1.000000, 2, 21.293770, 225726.969103, 225726.969103
Z3, 27, 7, 720, 21680.000000, 0.048882, 443517.041038, 451664.000000, 1.000000, 2, 21.293770, 254927.329447, 254927.329447
Z3, 28, 7, 720, 9672.000000, 0.072473, 133456.597629, 134328.000000, 1.000000, 2, 21.293770, 192915.240765, 192915.240765
Z3, 29, 7, 720, 13368.000000, 0.057730, 231560.713667, 234520.000000, 1.000000, 2, 21.293770, 212536.063973, 212536.063973
Z3, 30, 7, 720, 13424.000000, 0.038032, 352965.923433, 353256.000000, 1.000000, 2, 21.293770, 236817.105926, 236817.105926
Z3, 31, 7, 720, 8064.000000, 0.026825, 300615.097856, 310152.000000, 1.000000, 2, 21.293770, 226346.940811, 226346.940811
Z3, 32, 7, 720, 9424.000000, 0.060339, 156184.225791, 157064.000000, 1.000000, 2, 21.293770, 197460.766397, 197460.766397
Z3, 33, 7, 720, 7368.000000, 0.065205, 112997.469519, 113352.000000, 1.000000, 2, 21.293770, 188823.415143, 188823.415143
Z3, 34, 7, 720, 8792.000000, 0.061753, 142373.649863, 144128.000000, 1.000000, 2, 21.293770, 194698.651212, 194698.651212
Z3, 35, 7, 720, 8568.000000, 0.029571, 289743.329613, 295448.000000, 1.000000, 2, 21.293770, 224172.587162, 224172.587162
Z3, 36, 7, 720, 7064.000000, 0.074950, 94249.499666, 95456.000000, 1.000000, 2, 21.293770, 185073.821173, 185073.821173
Z3, 37, 7, 720, 10104.000000, 0.033752, 299360.037924, 306176.000000, 1.000000, 2, 21.293770, 226095.928824, 226095.928824
Z3, 38, 7, 720, 8640.000000, 0.045874, 188341.980207, 192000.000000, 1.000000, 2, 21.293770, 203892.317281, 203892.317281
Z1, 0, 8, 720, 7744.000000, 0.176241, 43939.832389, 44000.000000, 1.000000, 2, 24.669166, 193210.103846, 193210.103846
Z2, 0, 8, 720, 6624.000000, 0.218950, 30253.482530, 30384.000000, 1.000000, 2, 24.669166, 190472.833874, 190472.833874
Z2, 1, 8, 720, 6968.000000, 0.072075, 96677.072494, 96776.000000, 1.000000, 2, 24.669166, 203757.551867, 203757.551867
Z2, 2, 8, 720, 7968.000000, 0.066983, 118955.555887, 120720.000000, 1.000000, 2, 24.669166, 208213.248546, 208213.248546
Z2, 3, 8, 720, 12752.000000, 0.074199, 171862.154476, 172320.000000, 1.000000, 2, 24.669166, 218794.568264, 218794.568264
Z2, 4, 8, 720, 18720.000000, 0.032756, 571498.351447, 585000.000000, 1.000000, 2, 24.669166, 298721.807658, 298721.807658
Z2, 5, 8, 720, 25648.000000, 0.414767, 61837.127833, 61944.000000, 1.000000, 2, 24.669166, 196789.562935, 196789.562935
Z2, 6, 8, 720, 9784.000000, 0.045905, 213135.823984, 217416.000000, 1.000000, 2, 24.669166, 227049.302165, 227049.302165
Z2, 7, 8, 720, 13192.000000, 0.027738, 475593.049247, 488592.000000, 1.000000, 2, 24.669166, 279540.747218, 279540.747218
Z3, 0, 8, 720, 6768.000000, 0.160088, 42276.747789, 42296.000000, 1.000000, 2, 24.669166, 192877.486926, 192877.486926
Z3, 1, 8, 720, 8032.000000, 0.320700, 25045.213595, 25096.000000, 1.000000, 2, 24.669166, 189431.180087, 189431.180087
Z3, 2, 8, 720, 7872.000000, 0.039942, 197085.774373, 201840.000000, 1.000000, 2, 24.669166, 223839.292243, 223839.292243
Z3, 3, 8, 720, 7024.000000, 0.045125, 155656.509695, 156088.000000, 1.000000, 2, 24.669166, 215553.439307, 215553.439307
Z3, 4, 8, 720, 7816.000000, 0.051517, 151716.908982, 153248.000000, 1.000000, 2, 24.669166, 214765.519165, 214765.519165
Z3, 5, 8, 720, 7936.000000, 0.043851, 180976.488564, 184552.000000, 1.000000, 2, 24.669166, 220617.435081, 220617.435081
Z3, 6, 8, 720, 6928.000000, 0.043897, 157823.997084, 161112.000000, 1.000000, 2, 24.669166, 215986.936785, 215986.936785
Z3, 7, 8, 720, 8048.000000, 0.050420, 159619.198731, 160960.000000, 1.000000, 2, 24.669166, 216345.977115, 216345.977115
Z3, 8, 8, 720, 7664.000000, 0.055285, 138627.114045, 139344.000000, 1.000000, 2, 24.669166, 212147.560178, 212147.560178
Z3, 9, 8, 720, 14248.000000, 0.061775, 230643.464185, 233568.000000, 1.000000, 2, 24.669166, 230550.830205, 230550.830205
Z3, 10, 8, 720, 19448.000000, 0.049353, 394059.125079, 396896.000000, 1.000000, 2, 24.669166, 263233.962384, 263233.962384
Z3, 11, 8, 720, 17344.000000, 0.032013, 541779.901915, 542000.000000, 1.000000, 2, 24.669166, 292778.117751, 292778.117751
Z3, 12, 8, 720, 11952.000000, 0.072063, 165854.876983, 166000.000000, 1.000000, 2, 24.669166, 217593.112765, 217593.112765
Z3, 13, 8, 720, 25224.000000, 0.048724, 517691.486742, 525496.000000, 1.000000, 2, 24.669166, 287960.434717, 287960.434717
Z3, 14, 8, 720, 35992.000000, 0.069006, 521577.833812, 521616.000000, 1.000000, 2, 24.669166, 288737.704131, 288737.704131
Z3, 15, 8, 720, 20016.000000, 0.053243, 375936.742858, 377656.000000, 1.000000, 2, 24.669166, 259609.485940, 259609.485940
Z3, 16, 8, 720, 36432.000000, 0.028822, 1264034.418153, 1301136.000000, 1.000000, 2, 24.669166, 437229.020999, 437229.020999
Z3, 17, 8, 720, 22472.000000, 0.057581, 390267.623001, 394240.000000, 1.000000, 2, 24.669166, 262475.661969, 262475.661969
Z3, 18, 8, 720, 21736.000000, 0.037523, 579271.380220, 587456.000000, 1.000000, 2, 24.669166, 300276.413412, 300276.413412
Z3, 19, 8, 720, 16848.000000, 0.039762, 423721.140788, 432000.000000, 1.000000, 2, 24.669166, 269166.365526, 269166.365526
Z3, 20, 8, 720, 47160.000000, 0.062236, 757760.781541, 760640.000000, 1.000000, 2, 24.669166, 335974.293677, 335974.293677
Z3, 21, 8, 720, 39472.000000, 0.045461, 868260.706980, 877152.000000, 1.000000, 2, 24.669166, 358074.278764, 358074.278764
Z3, 22, 8, 720, 26968.000000, 0.070908, 380323.799853, 385256.000000, 1.000000, 2, 24.669166, 260486.897339, 260486.897339
Z3, 23, 8, 720, 39776.000000, 0.066318, 599776.832836, 602664.000000, 1.000000, 2, 24.669166, 304377.503936, 304377.503936
Z3, 24, 8, 720, 34992.000000, 0.051383, 681003.444719, 686112.000000, 1.000000, 2, 24.669166, 320622.826312, 320622.826312
Z3, 25, 8, 720, 22464.000000, 0.048611, 462117.627697, 468000.000000, 1.000000, 2, 24.669166, 276845.662908, 276845.662908
Z3, 26, 8, 720, 43144.000000, 0.074854, 576375.344003, 583024.000000, 1.000000, 2, 24.669166, 299697.206169, 299697.206169
Z3, 27, 8, 720, 43672.000000, 0.052015, 839603.960396, 839840.000000, 1.000000, 2, 24.669166, 352342.929448, 352342.929448
Z3, 28, 8, 720, 18320.000000, 0.028128, 651308.304892, 654280.000000, 1.000000, 2, 24.669166, 314683.798347, 314683.798347
Z3, 29, 8, 720, 24560.000000, 0.052928, 464026.602177, 472304.000000, 1.000000, 2, 24.669166, 277227.457804, 277227.457804
Z3, 30, 8, 720, 19040.000000, 0.029944, 635853.593374, 656544.000000, 1.000000, 2, 24.669166, 311592.856043, 311592.856043
Z3, 31, 8, 720, 20160.000000, 0.042514, 474196.735193, 480000.000000, 1.000000, 2, 24.669166, 279261.484407, 279261.484407
Z3, 32, 8, 720, 16496.000000, 0.057187, 288457.166839, 289400.000000, 1.000000, 2, 24.669166, 242113.570736, 242113.570736
Z3, 33, 8, 720, 11624.000000, 0.068473, 169760.343493, 170936.000000, 1.000000, 2, 24.669166, 218374.206067, 218374.206067
Z3, 34, 8, 720, 21024.000000, 0.057337, 366674.224323, 368840.000000, 1.000000, 2, 24.669166, 257756.982233, 257756.982233
Z3, 35, 8, 720, 28496.000000, 0.063065, 451851.264568, 452312.000000, 1.000000, 2, 24.669166, 274792.390282, 274792.390282
Z3, 36, 8, 720, 12416.000000, 0.073036, 169998.356975, 170080.000000, 1.000000, 2, 24.669166, 218421.808763, 218421.808763
Z3, 37, 8, 720, 17312.000000, 0.063477, 272728.704885, 274792.000000, 1.000000, 2, 24.669166, 238967.878345, 238967.878345
Z3, 38, 8, 720, 14664.000000, 0.050817, 288564.850345, 293280.000000, 1.000000, 2, 24.669166, 242135.107438, 242135.107438
Z1, 0, 9, 720, 24464.000000, 0.181393, 134867.387385, 135160.000000, 1.000000, 2, 28.225422, 249689.024059, 249689.024059
Z2, 0, 9, 720, 6624.000000, 0.386715, 17128.893371, 17160.000000, 1.000000, 2, 28.225422, 226141.325256, 226141.325256
Z2, 1, 9, 720, 6776.000000, 0.042390, 159849.020996, 161328.000000, 1.000000, 2, 28.225422, 254685.350781, 254685.350781
Z2, 2, 9, 720, 7696.000000, 0.055108, 139653.044930, 139920.000000, 1.000000, 2, 28.225422, 250646.155568, 250646.155568
Z2, 3, 9, 720, 7496.000000, 0.030075, 249243.557772, 249864.000000, 1.000000, 2, 28.225422, 272564.258136, 272564.258136
Z2, 4, 9, 720, 16056.000000, 0.074097, 216688.934775, 216968.000000, 1.000000, 2, 28.225422, 266053.333537, 266053.333537
Z2, 5, 9, 720, 26344.000000, 0.058703, 448767.524658, 454200.000000, 1.000000, 2, 28.225422, 312469.051513, 312469.051513
Z2, 6, 9, 720, 23952.000000, 0.055145, 434345.815577, 435488.000000, 1.000000, 2, 28.225422, 309584.709697, 309584.709697
Z2, 7, 9, 720, 32816.000000, 0.064767, 506677.783439, 512744.000000, 1.000000, 2, 28.225422, 324051.103270, 324051.103270
Z3, 0, 9, 720, 6752.000000, 0.173340, 38952.347987, 39024.000000, 1.000000, 2, 28.225422, 230506.016179, 230506.016179
Z3, 1, 9, 720, 9824.000000, 0.046593, 210847.122958, 213560.000000, 1.000000, 2, 28.225422, 264884.971174, 264884.971174
Z3, 2, 9, 720, 8640.000000, 0.070587, 122402.142037, 123424.000000, 1.000000, 2, 28.225422, 247195.974989, 247195.974989
Z3, 3, 9, 720, 7248.000000, 0.069507, 104277.267038, 105040.000000, 1.000000, 2, 28.225422, 243570.999989, 243570.999989
Z3, 4, 9, 720, 8336.000000, 0.052459, 158905.049658, 160304.000000, 1.000000, 2, 28.225422, 254496.556513, 254496.556513
Z3, 5, 9, 720, 9640.000000, 0.031265, 308332.000640, 310960.000000, 1.000000, 2, 28.225422, 284381.946710, 284381.946710
Z3, 6, 9, 720, 10312.000000, 0.051577, 199934.079144, 202192.000000, 1.000000, 2, 28.225422, 262702.362411, 262702.362411
Z3, 7, 9, 720, 21208.000000, 0.351797, 60284.766499, 60416.000000, 1.000000, 2, 28.225422, 234772.499882, 234772.499882
Z3, 8, 9, 720, 8000.000000, 0.042140, 189843.379212, 190472.000000, 1.000000, 2, 28.225422, 260684.222424, 260684.222424
Z3, 9, 9, 720, 16880.000000, 0.074730, 225879.834069, 228104.000000, 1.000000, 2, 28.225422, 267891.513396, 267891.513396
Z3, 10, 9, 720, 23240.000000, 0.039227, 592449.078441, 595896.000000, 1.000000, 2, 28.225422, 341205.362270, 341205.362270
Z3, 11, 9, 720, 21680.000000, 0.067136, 322926.596759, 323576.000000, 1.000000, 2, 28.225422, 287300.865934, 287300.865934
Z3, 12, 9, 720, 16096.000000, 0.031424, 512219.959267, 519224.000000, 1.000000, 2, 28.225422, 325159.538435, 325159.538435
Z3, 13, 9, 720, 39872.000000, 0.056797, 702008.908921, 712000.000000, 1.000000, 2, 28.225422, 363117.328366, 363117.328366
Z3, 14, 9, 720, 46392.000000, 0.074791, 620288.537391, 626912.000000, 1.000000, 2, 28.225422, 346773.254060, 346773.254060
Z3, 15, 9, 720, 26168.000000, 0.059219, 441885.205762, 443520.000000, 1.000000, 2, 28.225422, 311092.587734, 311092.587734
Z3, 16, 9, 720, 48816.000000, 0.197639, 246995.785245, 247792.000000, 1.000000, 2, 28.225422, 272114.703631, 272114.703631
Z3, 17, 9, 720, 38664.000000, 0.049566, 780050.841303, 789056.000000, 1.000000, 2, 28.225422, 378725.714842, 378725.714842
Z3, 18, 9, 720, 19912.000000, 0.049459, 402596.089690, 406360.000000, 1.000000, 2, 28.225422, 303234.764520, 303234.764520
Z3, 19, 9, 720, 61688.000000, 0.081470, 757186.694489, 761576.000000, 1.000000, 2, 28.225422, 374152.885480, 374152.885480
Z3, 20, 9, 720, 59200.000000, 0.094961, 623413.822517, 629784.000000, 1.000000, 2, 28.225422, 347398.311085, 347398.311085
Z3, 21, 9, 720, 41064.000000, 0.064820, 633508.176489, 641624.000000, 1.000000, 2, 28.225422, 349417.181880, 349417.181880
Z3, 22, 9, 720, 55576.000000, 0.091731, 605858.433899, 610720.000000, 1.000000, 2, 28.225422, 343887.233362, 343887.233362
Z3, 23, 9, 720, 50200.000000, 0.055877, 898401.846914, 912720.000000, 1.000000, 2, 28.225422, 402395.915965, 402395.915965
Z3, 24, 9, 720, 30056.000000, 0.057476, 522931.310460, 527296.000000, 1.000000, 2, 28.225422, 327301.808674, 327301.808674
Z3, 25, 9, 720, 59504.000000, 0.118957, 500214.363173, 504264.000000, 1.000000, 2, 28.225422, 322758.419216, 322758.419216
Z3, 26, 9, 720, 65232.000000, 0.092750, 703309.973046, 709040.000000, 1.000000, 2, 28.225422, 363377.541191, 363377.541191
Z3, 27, 9, 720, 36648.000000, 0.057813, 633905.868922, 642944.000000, 1.000000, 2, 28.225422, 349496.720366, 349496.720366
Z3, 28, 9, 720, 8856.000000, 0.037966, 233261.339093, 239344.000000, 1.000000, 2, 28.225422, 269367.814400, 269367.814400
Z3, 29, 9, 720, 14088.000000, 0.044143, 319144.598238, 320176.000000, 1.000000, 2, 28.225422, 286544.466229, 286544.466229
Z3, 30, 9, 720, 15104.000000, 0.040346, 374361.770684, 377600.000000, 1.000000, 2, 28.225422, 297587.900719, 297587.900719
Z3, 31, 9, 720, 11784.000000, 0.058670, 200852.224305, 203168.000000, 1.000000, 2, 28.225422, 262885.991443, 262885.991443
Z3, 32, 9, 720, 18496.000000, 0.029499, 627004.305231, 637792.000000, 1.000000, 2, 28.225422, 348116.407628, 348116.407628
Z3, 33, 9, 720, 22376.000000, 0.067262, 332669.263477, 333968.000000, 1.000000, 2, 28.225422, 289249.399277, 289249.399277
Z3, 34, 9, 720, 8792.000000, 0.065670, 133881.528856, 135256.000000, 1.000000, 2, 28.225422, 249491.852353, 249491.852353
Z3, 35, 9, 720, 19464.000000, 0.056777, 342814.872219, 347568.000000, 1.000000, 2, 28.225422, 291278.521026, 291278.521026
Z3, 36, 9, 720, 20360.000000, 0.039330, 517670.989067, 522048.000000, 1.000000, 2, 28.225422, 326249.744395, 326249.744395
Z3, 37, 9, 720, 11344.000000, 0.057583, 197002.587569, 199016.000000, 1.000000, 2, 28.225422, 262116.064096, 262116.064096
Z3, 38, 9, 720, 15808.000000, 0.062727, 252012.689910, 254960.000000, 1.000000, 2, 28.225422, 273118.084564, 273118.084564
Z1, 0, 10, 720, 35840.000000, 0.156497, 229013.974709, 229736.000000, 1.000000, 2, 32.046806, 224309.221893, 224309.221893
Z2, 0, 10, 720, 6624.000000, 0.200631, 33015.835040, 33120.000000, 1.000000, 2, 32.046806, 185109.593959, 185109.593959
Z2, 1, 10, 720, 7008.000000, 0.039898, 175647.902150, 179688.000000, 1.000000, 2, 32.046806, 213636.007381, 213636.007381
Z2, 2, 10, 720, 7480.000000, 0.070311, 106384.491758, 106856.000000, 1.000000, 2, 32.046806, 199783.325303, 199783.325303
Z2, 3, 10, 720, 7832.000000, 0.029962, 261397.770509, 270064.000000, 1.000000, 2, 32.046806, 230785.981053, 230785.981053
Z2, 4, 10, 720, 29728.000000, 0.059200, 502162.162162, 503864.000000, 1.000000, 2, 32.046806, 278938.859384, 278938.859384
Z2, 5, 10, 720, 35136.000000, 0.059185, 593663.935119, 595520.000000, 1.000000, 2, 32.046806, 297239.213975, 297239.213975
Z2, 6, 10, 720, 23040.000000, 0.035782, 643899.167179, 658280.000000, 1.000000, 2, 32.046806, 307286.260387, 307286.260387
Z2, 7, 10, 720, 35840.000000, 0.071057, 504383.804551, 504784.000000, 1.000000, 2, 32.046806, 279383.187861, 279383.187861
Z3, 0, 10, 720, 6840.000000, 0.197743, 34590.352124, 34720.000000, 1.000000, 2, 32.046806, 185424.497376, 185424.497376
Z3, 1, 10, 720, 22064.000000, 0.075626, 291751.514030, 294184.000000, 1.000000, 2, 32.046806, 236856.729757, 236856.729757
Z3, 2, 10, 720, 15312.000000, 0.066587, 229954.795981, 232000.000000, 1.000000, 2, 32.046806, 224497.386147, 224497.386147
Z3, 3, 10, 720, 7752.000000, 0.062304, 124422.187982, 125032.000000, 1.000000, 2, 32.046806, 203390.864547, 203390.864547
Z3, 4, 10, 720, 11432.000000, 0.070681, 161740.778993, 163312.000000, 1.000000, 2, 32.046806, 210854.582750, 210854.582750
Z3, 5, 10, 720, 17232.000000, 0.049522, 347966.560317, 351672.000000, 1.000000, 2, 32.046806, 248099.739015, 248099.739015
Z3, 6, 10, 720, 23328.000000, 0.067700, 344579.025111, 348176.000000, 1.000000, 2, 32.046806, 247422.231973, 247422.231973
Z3, 7, 10, 720, 18496.000000, 0.065385, 282878.336010, 284552.000000, 1.000000, 2, 32.046806, 235082.094153, 235082.094153
Z3, 8, 10, 720, 7968.000000, 0.037481, 212587.711107, 215344.000000, 1.000000, 2, 32.046806, 221023.969173, 221023.969173
Z3, 9, 10, 720, 19568.000000, 0.044582, 438921.537840, 444720.000000, 1.000000, 2, 32.046806, 266290.734519, 266290.734519
Z3, 10, 10, 720, 36064.000000, 0.060537, 595734.839850, 601064.000000, 1.000000, 2, 32.046806, 297653.394921, 297653.394921
Z3, 11, 10, 720, 29248.000000, 0.074903, 390478.352002, 395240.000000, 1.000000, 2, 32.046806, 256602.097352, 256602.097352
Z3, 12, 10, 720, 24216.000000, 0.063865, 379174.821890, 384376.000000, 1.000000, 2, 32.046806, 254341.391329, 254341.391329
Z3, 13, 10, 720, 54424.000000, 0.053952, 1008748.517200, 1026864.000000, 1.000000, 2, 32.046806, 380256.130391, 380256.130391
Z3, 14, 10, 720, 56832.000000, 0.071318, 796881.572675, 800448.000000, 1.000000, 2, 32.046806, 337882.741486, 337882.741486
Z3, 15, 10, 720, 29576.000000, 0.032183, 918994.500202, 924248.000000, 1.000000, 2, 32.046806, 362305.326992, 362305.326992
Z3, 16, 10, 720, 52328.000000, 0.074890, 698731.472827, 707128.000000, 1.000000, 2, 32.046806, 318252.721517, 318252.721517
Z3, 17, 10, 720, 52840.000000, 0.036648, 1441824.929055, 1467776.000000, 1.000000, 2, 32.046806, 466871.412762, 466871.412762
Z3, 18, 10, 720, 23160.000000, 0.075715, 305883.906756, 308800.000000, 1.000000, 2, 32.046806, 239683.208302, 239683.208302
Z3, 19, 10, 720, 77048.000000, 0.064050, 1202935.206870, 1203872.000000, 1.000000, 2, 32.046806, 419093.468325, 419093.468325
Z3, 20, 10, 720, 68968.000000, 0.061559, 1120356.081158, 1130616.000000, 1.000000, 2, 32.046806, 402577.643183, 402577.643183
Z3, 21, 10, 720, 52224.000000, 0.069067, 756135.346837, 756864.000000, 1.000000, 2, 32.046806, 329733.496319, 329733.496319
Z3, 22, 10, 720, 76384.000000, 0.064726, 1180113.092111, 1193496.000000, 1.000000, 2, 32.046806, 414529.045373, 414529.045373
Z3, 23, 10, 720, 57512.000000, 0.060299, 953780.328032, 958528.000000, 1.000000, 2, 32.046806, 369262.492558, 369262.492558
Z3, 24, 10, 720, 35600.000000, 0.031873, 1116932.827158, 1148384.000000, 1.000000, 2, 32.046806, 401892.992383, 401892.992383
Z3, 25, 10, 720, 72816.000000, 0.075187, 968465.293202, 970880.000000, 1.000000, 2, 32.046806, 372199.485592, 372199.485592
Z3, 26, 10, 720, 93600.000000, 0.061607, 1519307.870859, 1534424.000000, 1.000000, 2, 32.046806, 482368.001123, 482368.001123
Z3, 27, 10, 720, 43888.000000, 0.061011, 719345.691761, 719472.000000, 1.000000, 2, 32.046806, 322375.565303, 322375.565303
Z3, 28, 10, 720, 13072.000000, 0.051107, 255777.095114, 256312.000000, 1.000000, 2, 32.046806, 229661.845974, 229661.845974
Z3, 29, 10, 720, 20608.000000, 0.054952, 375018.197700, 381624.000000, 1.000000, 2, 32.046806, 253510.066491, 253510.066491
Z3, 30, 10, 720, 22584.000000, 0.061975, 364405.002017, 370224.000000, 1.000000, 2, 32.046806, 251387.427355, 251387.427355
Z3, 31, 10, 720, 14712.000000, 0.032159, 457476.911596, 459744.000000, 1.000000, 2, 32.046806, 270001.809270, 270001.809270
Z3, 32, 10, 720, 20512.000000, 0.058327, 351672.467296, 353648.000000, 1.000000, 2, 32.046806, 248840.920410, 248840.920410
Z3, 33, 10, 720, 17992.000000, 0.026628, 675679.735617, 692000.000000, 1.000000, 2, 32.046806, 313642.374075, 313642.374075
Z3, 34, 10, 720, 11464.000000, 0.056470, 203010.448026, 204712.000000, 1.000000, 2, 32.046806, 219108.516556, 219108.516556
Z3, 35, 10, 720, 22376.000000, 0.170690, 131091.452341, 131616.000000, 1.000000, 2, 32.046806, 204724.717419, 204724.717419
Z3, 36, 10, 720, 29088.000000, 0.029007, 1002792.429414, 1003032.000000, 1.000000, 2, 32.046806, 379064.912834, 379064.912834
Z3, 37, 10, 720, 17936.000000, 0.068572, 261564.486963, 263760.000000, 1.000000, 2, 32.046806, 230819.324344, 230819.324344
Z3, 38, 10, 720, 24920.000000, 0.065947, 377879.206029, 383384.000000, 1.000000, 2, 32.046806, 254082.268157, 254082.268157
