Zone, Tile_no, Seg_no, Reso, Seg_d_size, Seg_d_time, Bitrate, Bitrate1, Buf_lev, Buf_limit, Elapsed, Ref_vp, Local_avg
Z1, 0, 1, 720, 9960.000000, 0.472369, 21085.210926, 21096.000000, 1.000000, 2, 0.000061, 21085.210926, 21085.210926
Z2, 0, 1, 720, 8952.000000, 0.474675, 18859.219466, 18880.000000, 1.000000, 2, 0.000061, 9429.609733, 9429.609733
Z2, 1, 1, 720, 5424.000000, 0.150824, 35962.446295, 36160.000000, 1.000000, 2, 0.000061, 11987.482098, 11987.482098
Z2, 2, 1, 720, 7080.000000, 0.150817, 46944.309992, 47200.000000, 1.000000, 2, 0.000061, 11736.077498, 11736.077498
Z2, 3, 1, 720, 18976.000000, 0.150881, 125767.989343, 126504.000000, 1.000000, 2, 0.000061, 25153.597869, 25153.597869
Z2, 4, 1, 720, 8720.000000, 0.150776, 57834.138059, 58128.000000, 1.000000, 2, 0.000061, 11566.827612, 11566.827612
Z2, 5, 1, 720, 8336.000000, 0.150920, 55234.561357, 55568.000000, 1.000000, 2, 0.000061, 11046.912271, 11046.912271
Z2, 6, 1, 720, 6376.000000, 0.150858, 42264.911374, 42504.000000, 1.000000, 2, 0.000061, 8452.982275, 8452.982275
Z2, 7, 1, 720, 6872.000000, 0.150875, 45547.638774, 45808.000000, 1.000000, 2, 0.000061, 9109.527755, 9109.527755
Z3, 0, 1, 720, 7080.000000, 0.472811, 14974.270903, 15000.000000, 1.000000, 2, 0.000061, 2994.854181, 2994.854181
Z3, 1, 1, 720, 7080.000000, 0.150974, 46895.491939, 47200.000000, 1.000000, 2, 0.000061, 9379.098388, 9379.098388
Z3, 2, 1, 720, 5664.000000, 0.150921, 37529.568450, 37760.000000, 1.000000, 2, 0.000061, 7505.913690, 7505.913690
Z3, 3, 1, 720, 7080.000000, 0.150933, 46908.230804, 47200.000000, 1.000000, 2, 0.000061, 9381.646161, 9381.646161
Z3, 4, 1, 720, 7080.000000, 0.150966, 46897.977028, 47200.000000, 1.000000, 2, 0.000061, 9379.595406, 9379.595406
Z3, 5, 1, 720, 5664.000000, 0.150942, 37524.347100, 37760.000000, 1.000000, 2, 0.000061, 7504.869420, 7504.869420
Z3, 6, 1, 720, 7080.000000, 0.150950, 46902.947996, 47200.000000, 1.000000, 2, 0.000061, 9380.589599, 9380.589599
Z3, 7, 1, 720, 7080.000000, 0.150895, 46920.043739, 47200.000000, 1.000000, 2, 0.000061, 9384.008748, 9384.008748
Z3, 8, 1, 720, 5664.000000, 0.150940, 37524.844309, 37760.000000, 1.000000, 2, 0.000061, 7504.968862, 7504.968862
Z3, 9, 1, 720, 7080.000000, 0.150976, 46894.870708, 47200.000000, 1.000000, 2, 0.000061, 9378.974142, 9378.974142
Z3, 10, 1, 720, 12904.000000, 0.150976, 85470.538364, 86024.000000, 1.000000, 2, 0.000061, 17094.107673, 17094.107673
Z3, 11, 1, 720, 17344.000000, 0.150906, 114932.474521, 115624.000000, 1.000000, 2, 0.000061, 22986.494904, 22986.494904
Z3, 12, 1, 720, 16912.000000, 0.151008, 111994.066540, 112000.000000, 1.000000, 2, 0.000061, 22398.813308, 22398.813308
Z3, 13, 1, 720, 13240.000000, 0.150869, 87758.253849, 88264.000000, 1.000000, 2, 0.000061, 17551.650770, 17551.650770
Z3, 14, 1, 720, 28328.000000, 0.151069, 187516.962448, 187600.000000, 1.000000, 2, 0.000061, 37503.392490, 37503.392490
Z3, 15, 1, 720, 30528.000000, 0.151065, 202085.195115, 202168.000000, 1.000000, 2, 0.000061, 40417.039023, 40417.039023
Z3, 16, 1, 720, 16360.000000, 0.150988, 108352.981694, 109064.000000, 1.000000, 2, 0.000061, 21670.596339, 21670.596339
Z3, 17, 1, 720, 33216.000000, 0.151093, 219838.112950, 219968.000000, 1.000000, 2, 0.000061, 43967.622590, 43967.622590
Z3, 18, 1, 720, 28000.000000, 0.151020, 185405.906502, 185424.000000, 1.000000, 2, 0.000061, 37081.181300, 37081.181300
Z3, 19, 1, 720, 15744.000000, 0.150912, 104325.699746, 104960.000000, 1.000000, 2, 0.000061, 20865.139949, 20865.139949
Z3, 20, 1, 720, 16024.000000, 0.150935, 106164.905423, 106824.000000, 1.000000, 2, 0.000061, 21232.981085, 21232.981085
Z3, 21, 1, 720, 11576.000000, 0.150962, 76681.548999, 77168.000000, 1.000000, 2, 0.000061, 15336.309800, 15336.309800
Z3, 22, 1, 720, 10816.000000, 0.150900, 71676.607025, 72104.000000, 1.000000, 2, 0.000061, 14335.321405, 14335.321405
Z3, 23, 1, 720, 13224.000000, 0.150925, 87619.678648, 88160.000000, 1.000000, 2, 0.000061, 17523.935730, 17523.935730
Z3, 24, 1, 720, 17528.000000, 0.150935, 116129.459701, 116848.000000, 1.000000, 2, 0.000061, 23225.891940, 23225.891940
Z3, 25, 1, 720, 23824.000000, 0.150869, 157911.830794, 158824.000000, 1.000000, 2, 0.000061, 31582.366159, 31582.366159
Z3, 26, 1, 720, 11024.000000, 0.151018, 72997.920778, 73000.000000, 1.000000, 2, 0.000061, 14599.584156, 14599.584156
Z3, 27, 1, 720, 15112.000000, 0.150865, 100169.025288, 100744.000000, 1.000000, 2, 0.000061, 20033.805058, 20033.805058
Z3, 28, 1, 720, 24552.000000, 0.151064, 162527.140814, 162592.000000, 1.000000, 2, 0.000061, 32505.428163, 32505.428163
Z3, 29, 1, 720, 10824.000000, 0.151104, 71632.782719, 71680.000000, 1.000000, 2, 0.000061, 14326.556544, 14326.556544
Z3, 30, 1, 720, 6872.000000, 0.150871, 45548.846365, 45808.000000, 1.000000, 2, 0.000061, 9109.769273, 9109.769273
Z3, 31, 1, 720, 6872.000000, 0.150922, 45533.454367, 45808.000000, 1.000000, 2, 0.000061, 9106.690873, 9106.690873
Z3, 32, 1, 720, 6376.000000, 0.150917, 42248.388187, 42504.000000, 1.000000, 2, 0.000061, 8449.677637, 8449.677637
Z3, 33, 1, 720, 6872.000000, 0.150911, 45536.773330, 45808.000000, 1.000000, 2, 0.000061, 9107.354666, 9107.354666
Z3, 34, 1, 720, 6872.000000, 0.150945, 45526.516281, 45808.000000, 1.000000, 2, 0.000061, 9105.303256, 9105.303256
Z3, 35, 1, 720, 6376.000000, 0.150879, 42259.028758, 42504.000000, 1.000000, 2, 0.000061, 8451.805752, 8451.805752
Z3, 36, 1, 720, 6872.000000, 0.150891, 45542.809048, 45808.000000, 1.000000, 2, 0.000061, 9108.561810, 9108.561810
Z3, 37, 1, 720, 6872.000000, 0.150943, 45527.119509, 45808.000000, 1.000000, 2, 0.000061, 9105.423902, 9105.423902
Z3, 38, 1, 720, 6376.000000, 0.150934, 42243.629666, 42504.000000, 1.000000, 2, 0.000061, 8448.725933, 8448.725933
Z1, 0, 2, 720, 15344.000000, 0.473195, 32426.378132, 32432.000000, 1.000000, 2, 8.219285, 14934.001560, 14934.001560
Z2, 0, 2, 720, 6624.000000, 0.472891, 14007.456264, 14032.000000, 1.000000, 2, 8.219285, 11250.217186, 11250.217186
Z2, 1, 2, 720, 5664.000000, 0.150983, 37514.157223, 37760.000000, 1.000000, 2, 8.219285, 15951.557378, 15951.557378
Z2, 2, 2, 720, 7080.000000, 0.151048, 46872.517345, 46880.000000, 1.000000, 2, 8.219285, 17823.229402, 17823.229402
Z2, 3, 2, 720, 7080.000000, 0.150992, 46889.901452, 47200.000000, 1.000000, 2, 8.219285, 17826.706224, 17826.706224
Z2, 4, 2, 720, 12128.000000, 0.151077, 80276.944869, 80312.000000, 1.000000, 2, 8.219285, 24504.114907, 24504.114907
Z2, 5, 2, 720, 18392.000000, 0.151012, 121791.645697, 121800.000000, 1.000000, 2, 8.219285, 32807.055073, 32807.055073
Z2, 6, 2, 720, 10632.000000, 0.151351, 70247.305931, 70408.000000, 1.000000, 2, 8.219285, 22498.187119, 22498.187119
Z2, 7, 2, 720, 8048.000000, 0.150928, 53323.438991, 53648.000000, 1.000000, 2, 8.219285, 19113.413731, 19113.413731
Z3, 0, 2, 720, 5424.000000, 0.475578, 11405.069200, 11416.000000, 1.000000, 2, 8.219285, 10729.739773, 10729.739773
Z3, 1, 2, 720, 7080.000000, 0.150955, 46901.394455, 47200.000000, 1.000000, 2, 8.219285, 17829.004824, 17829.004824
Z3, 2, 2, 720, 7080.000000, 0.150997, 46888.348775, 47200.000000, 1.000000, 2, 8.219285, 17826.395688, 17826.395688
Z3, 3, 2, 720, 5664.000000, 0.150995, 37511.175867, 37760.000000, 1.000000, 2, 8.219285, 15950.961107, 15950.961107
Z3, 4, 2, 720, 7080.000000, 0.150999, 46887.727733, 47200.000000, 1.000000, 2, 8.219285, 17826.271480, 17826.271480
Z3, 5, 2, 720, 7080.000000, 0.150902, 46917.867225, 47200.000000, 1.000000, 2, 8.219285, 17832.299378, 17832.299378
Z3, 6, 2, 720, 5664.000000, 0.150954, 37521.364124, 37760.000000, 1.000000, 2, 8.219285, 15952.998758, 15952.998758
Z3, 7, 2, 720, 7080.000000, 0.150987, 46891.454231, 47200.000000, 1.000000, 2, 8.219285, 17827.016779, 17827.016779
Z3, 8, 2, 720, 7080.000000, 0.151005, 46885.864706, 46880.000000, 1.000000, 2, 8.219285, 17825.898874, 17825.898874
Z3, 9, 2, 720, 12648.000000, 0.151054, 83731.645637, 83760.000000, 1.000000, 2, 8.219285, 25195.055061, 25195.055061
Z3, 10, 2, 720, 17112.000000, 0.151080, 113264.495631, 113320.000000, 1.000000, 2, 8.219285, 31101.625059, 31101.625059
Z3, 11, 2, 720, 15320.000000, 0.151061, 101415.984271, 101456.000000, 1.000000, 2, 8.219285, 28731.922787, 28731.922787
Z3, 12, 2, 720, 10704.000000, 0.151069, 70855.039750, 70880.000000, 1.000000, 2, 8.219285, 22619.733883, 22619.733883
Z3, 13, 2, 720, 18776.000000, 0.151092, 124268.657507, 124344.000000, 1.000000, 2, 8.219285, 33302.457435, 33302.457435
Z3, 14, 2, 720, 21848.000000, 0.151077, 144614.997650, 144688.000000, 1.000000, 2, 8.219285, 37371.725463, 37371.725463
Z3, 15, 2, 720, 12752.000000, 0.151056, 84419.023409, 84448.000000, 1.000000, 2, 8.219285, 25332.530615, 25332.530615
Z3, 16, 2, 720, 21856.000000, 0.151029, 144713.929113, 144736.000000, 1.000000, 2, 8.219285, 37391.511756, 37391.511756
Z3, 17, 2, 720, 16880.000000, 0.151114, 111703.746840, 111784.000000, 1.000000, 2, 8.219285, 30789.475301, 30789.475301
Z3, 18, 2, 720, 9160.000000, 0.150953, 60681.139163, 61064.000000, 1.000000, 2, 8.219285, 20584.953766, 20584.953766
Z3, 19, 2, 720, 11592.000000, 0.151008, 76764.144946, 76768.000000, 1.000000, 2, 8.219285, 23801.554922, 23801.554922
Z3, 20, 2, 720, 9952.000000, 0.151037, 65891.139257, 65904.000000, 1.000000, 2, 8.219285, 21626.953785, 21626.953785
Z3, 21, 2, 720, 11064.000000, 0.151046, 73249.208850, 73264.000000, 1.000000, 2, 8.219285, 23098.567703, 23098.567703
Z3, 22, 2, 720, 14728.000000, 0.150988, 97544.175696, 98184.000000, 1.000000, 2, 8.219285, 27957.561072, 27957.561072
Z3, 23, 2, 720, 16264.000000, 0.151073, 107656.563383, 107704.000000, 1.000000, 2, 8.219285, 29980.038610, 29980.038610
Z3, 24, 2, 720, 9504.000000, 0.150986, 62946.233426, 63360.000000, 1.000000, 2, 8.219285, 21037.972618, 21037.972618
Z3, 25, 2, 720, 12688.000000, 0.151022, 84014.249580, 84024.000000, 1.000000, 2, 8.219285, 25251.575849, 25251.575849
Z3, 26, 2, 720, 17320.000000, 0.151096, 114629.109970, 114696.000000, 1.000000, 2, 8.219285, 31374.547927, 31374.547927
Z3, 27, 2, 720, 9320.000000, 0.151031, 61709.185531, 61720.000000, 1.000000, 2, 8.219285, 20790.563039, 20790.563039
Z3, 28, 2, 720, 6376.000000, 0.150913, 42249.507995, 42504.000000, 1.000000, 2, 8.219285, 16898.627532, 16898.627532
Z3, 29, 2, 720, 6872.000000, 0.151010, 45506.920072, 45504.000000, 1.000000, 2, 8.219285, 17550.109947, 17550.109947
Z3, 30, 2, 720, 6872.000000, 0.150989, 45513.249310, 45808.000000, 1.000000, 2, 8.219285, 17551.375795, 17551.375795
Z3, 31, 2, 720, 6376.000000, 0.151017, 42220.412271, 42224.000000, 1.000000, 2, 8.219285, 16892.808387, 16892.808387
Z3, 32, 2, 720, 6872.000000, 0.151016, 45505.112041, 45504.000000, 1.000000, 2, 8.219285, 17549.748341, 17549.748341
Z3, 33, 2, 720, 6872.000000, 0.150978, 45516.565327, 45808.000000, 1.000000, 2, 8.219285, 17552.038999, 17552.038999
Z3, 34, 2, 720, 6376.000000, 0.150986, 42229.080842, 42504.000000, 1.000000, 2, 8.219285, 16894.542102, 16894.542102
Z3, 35, 2, 720, 6872.000000, 0.150997, 45510.837964, 45808.000000, 1.000000, 2, 8.219285, 17550.893526, 17550.893526
Z3, 36, 2, 720, 6872.000000, 0.151006, 45508.125505, 45504.000000, 1.000000, 2, 8.219285, 17550.351034, 17550.351034
Z3, 37, 2, 720, 6376.000000, 0.151010, 42222.369380, 42224.000000, 1.000000, 2, 8.219285, 16893.199809, 16893.199809
Z3, 38, 2, 720, 6872.000000, 0.151001, 45509.632387, 45504.000000, 1.000000, 2, 8.219285, 17550.652410, 17550.652410
Z1, 0, 3, 720, 7080.000000, 0.472972, 14969.173651, 15000.000000, 1.000000, 2, 16.444214, 20544.487141, 20544.487141
Z2, 0, 3, 720, 6624.000000, 0.473906, 13977.455445, 14000.000000, 1.000000, 2, 16.444214, 20346.143499, 20346.143499
Z2, 1, 3, 720, 5664.000000, 0.150963, 37519.127203, 37760.000000, 1.000000, 2, 16.444214, 25054.477851, 25054.477851
Z2, 2, 3, 720, 7080.000000, 0.150983, 46892.696529, 47200.000000, 1.000000, 2, 16.444214, 26929.191716, 26929.191716
Z2, 3, 3, 720, 12544.000000, 0.151060, 83039.851715, 83072.000000, 1.000000, 2, 16.444214, 34158.622753, 34158.622753
Z2, 4, 3, 720, 15304.000000, 0.151062, 101309.396142, 101344.000000, 1.000000, 2, 16.444214, 37812.531639, 37812.531639
Z2, 5, 3, 720, 9896.000000, 0.151030, 65523.405946, 65536.000000, 1.000000, 2, 16.444214, 30655.333600, 30655.333600
Z2, 6, 3, 720, 6376.000000, 0.151006, 42223.487808, 42224.000000, 1.000000, 2, 16.444214, 25995.349972, 25995.349972
Z2, 7, 3, 720, 6872.000000, 0.150979, 45516.263851, 45808.000000, 1.000000, 2, 16.444214, 26653.905181, 26653.905181
Z3, 0, 3, 720, 5424.000000, 0.472347, 11483.083411, 11488.000000, 1.000000, 2, 16.444214, 19847.269093, 19847.269093
Z3, 1, 3, 720, 7080.000000, 0.150942, 46905.433875, 47200.000000, 1.000000, 2, 16.444214, 26931.739186, 26931.739186
Z3, 2, 3, 720, 7080.000000, 0.150875, 46926.263463, 47200.000000, 1.000000, 2, 16.444214, 26935.905103, 26935.905103
Z3, 3, 3, 720, 5664.000000, 0.150909, 37532.552730, 37760.000000, 1.000000, 2, 16.444214, 25057.162957, 25057.162957
Z3, 4, 3, 720, 7080.000000, 0.150943, 46905.123126, 47200.000000, 1.000000, 2, 16.444214, 26931.677036, 26931.677036
Z3, 5, 3, 720, 7080.000000, 0.150919, 46912.582246, 47200.000000, 1.000000, 2, 16.444214, 26933.168860, 26933.168860
Z3, 6, 3, 720, 5664.000000, 0.150928, 37527.827838, 37760.000000, 1.000000, 2, 16.444214, 25056.217978, 25056.217978
Z3, 7, 3, 720, 7080.000000, 0.150948, 46903.569441, 47200.000000, 1.000000, 2, 16.444214, 26931.366299, 26931.366299
Z3, 8, 3, 720, 7080.000000, 0.150979, 46893.938892, 47200.000000, 1.000000, 2, 16.444214, 26929.440189, 26929.440189
Z3, 9, 3, 720, 14120.000000, 0.151000, 93509.933775, 93504.000000, 1.000000, 2, 16.444214, 36252.639165, 36252.639165
Z3, 10, 3, 720, 17536.000000, 0.151048, 116095.545787, 116128.000000, 1.000000, 2, 16.444214, 40769.761568, 40769.761568
Z3, 11, 3, 720, 16008.000000, 0.151038, 105986.572915, 106008.000000, 1.000000, 2, 16.444214, 38747.966994, 38747.966994
Z3, 12, 3, 720, 10896.000000, 0.150913, 72200.539384, 72640.000000, 1.000000, 2, 16.444214, 31990.760287, 31990.760287
Z3, 13, 3, 720, 19720.000000, 0.151057, 130546.747254, 130592.000000, 1.000000, 2, 16.444214, 43660.001861, 43660.001861
Z3, 14, 3, 720, 20104.000000, 0.151030, 133112.626630, 133136.000000, 1.000000, 2, 16.444214, 44173.177737, 44173.177737
Z3, 15, 3, 720, 12504.000000, 0.151012, 82801.366779, 82800.000000, 1.000000, 2, 16.444214, 34110.925766, 34110.925766
Z3, 16, 3, 720, 23072.000000, 0.150929, 152866.579650, 153808.000000, 1.000000, 2, 16.444214, 48123.968341, 48123.968341
Z3, 17, 3, 720, 18112.000000, 0.151032, 119921.606017, 119944.000000, 1.000000, 2, 16.444214, 41534.973614, 41534.973614
Z3, 18, 3, 720, 18632.000000, 0.151046, 123353.150696, 123384.000000, 1.000000, 2, 16.444214, 42221.282550, 42221.282550
Z3, 19, 3, 720, 9664.000000, 0.150994, 64002.543147, 64424.000000, 1.000000, 2, 16.444214, 30351.161040, 30351.161040
Z3, 20, 3, 720, 12280.000000, 0.151047, 81299.198263, 81320.000000, 1.000000, 2, 16.444214, 33810.492063, 33810.492063
Z3, 21, 3, 720, 10368.000000, 0.151093, 68619.989013, 68656.000000, 1.000000, 2, 16.444214, 31274.650213, 31274.650213
Z3, 22, 3, 720, 10520.000000, 0.151019, 69660.108993, 69664.000000, 1.000000, 2, 16.444214, 31482.674209, 31482.674209
Z3, 23, 3, 720, 15288.000000, 0.151033, 101222.911549, 101240.000000, 1.000000, 2, 16.444214, 37795.234720, 37795.234720
Z3, 24, 3, 720, 16344.000000, 0.150876, 108327.368170, 108960.000000, 1.000000, 2, 16.444214, 39216.126044, 39216.126044
Z3, 25, 3, 720, 9016.000000, 0.150975, 59718.496440, 60104.000000, 1.000000, 2, 16.444214, 29494.351698, 29494.351698
Z3, 26, 3, 720, 13800.000000, 0.150821, 91499.194409, 92000.000000, 1.000000, 2, 16.444214, 35850.491292, 35850.491292
Z3, 27, 3, 720, 17664.000000, 0.151093, 116908.129430, 116976.000000, 1.000000, 2, 16.444214, 40932.278297, 40932.278297
Z3, 28, 3, 720, 10240.000000, 0.151084, 67776.865849, 67808.000000, 1.000000, 2, 16.444214, 31106.025580, 31106.025580
Z3, 29, 3, 720, 8424.000000, 0.150869, 55836.520425, 56160.000000, 1.000000, 2, 16.444214, 28717.956495, 28717.956495
Z3, 30, 3, 720, 6376.000000, 0.150869, 42261.829799, 42504.000000, 1.000000, 2, 16.444214, 26003.018370, 26003.018370
Z3, 31, 3, 720, 6872.000000, 0.150896, 45541.299968, 45808.000000, 1.000000, 2, 16.444214, 26658.912404, 26658.912404
Z3, 32, 3, 720, 6872.000000, 0.150875, 45547.638774, 45808.000000, 1.000000, 2, 16.444214, 26660.180165, 26660.180165
Z3, 33, 3, 720, 6376.000000, 0.150940, 42241.950444, 42504.000000, 1.000000, 2, 16.444214, 25999.042499, 25999.042499
Z3, 34, 3, 720, 6872.000000, 0.150910, 45537.075078, 45808.000000, 1.000000, 2, 16.444214, 26658.067426, 26658.067426
Z3, 35, 3, 720, 6872.000000, 0.150949, 45525.309873, 45808.000000, 1.000000, 2, 16.444214, 26655.714385, 26655.714385
Z3, 36, 3, 720, 6376.000000, 0.150966, 42234.675357, 42504.000000, 1.000000, 2, 16.444214, 25997.587482, 25997.587482
Z3, 37, 3, 720, 6872.000000, 0.150948, 45525.611469, 45808.000000, 1.000000, 2, 16.444214, 26655.774704, 26655.774704
Z3, 38, 3, 720, 6872.000000, 0.150891, 45542.809048, 45808.000000, 1.000000, 2, 16.444214, 26659.214220, 26659.214220
Z1, 0, 4, 720, 7200.000000, 0.473174, 15216.389742, 15216.000000, 1.000000, 2, 24.664979, 29702.492169, 29702.492169
Z2, 0, 4, 720, 6624.000000, 0.473994, 13974.860441, 14000.000000, 1.000000, 2, 24.664979, 29454.186308, 29454.186308
Z2, 1, 4, 720, 6648.000000, 0.150968, 44035.822161, 44320.000000, 1.000000, 2, 24.664979, 35466.378652, 35466.378652
Z2, 2, 4, 720, 7296.000000, 0.151004, 48316.600885, 48312.000000, 1.000000, 2, 24.664979, 36322.534397, 36322.534397
Z2, 3, 4, 720, 17272.000000, 0.151078, 114325.050636, 114384.000000, 1.000000, 2, 24.664979, 49524.224347, 49524.224347
Z2, 4, 4, 720, 22592.000000, 0.151216, 149402.179664, 149608.000000, 1.000000, 2, 24.664979, 56539.650153, 56539.650153
Z2, 5, 4, 720, 17472.000000, 0.151032, 115684.093437, 115704.000000, 1.000000, 2, 24.664979, 49796.032907, 49796.032907
Z2, 6, 4, 720, 6424.000000, 0.150840, 42588.172898, 42824.000000, 1.000000, 2, 24.664979, 35176.848800, 35176.848800
Z2, 7, 4, 720, 6872.000000, 0.151001, 45509.632387, 45504.000000, 1.000000, 2, 24.664979, 35761.140697, 35761.140697
Z3, 0, 4, 720, 6448.000000, 0.473809, 13608.859266, 13632.000000, 1.000000, 2, 24.664979, 29380.986073, 29380.986073
Z3, 1, 4, 720, 7448.000000, 0.150902, 49356.536030, 49648.000000, 1.000000, 2, 24.664979, 36530.521426, 36530.521426
Z3, 2, 4, 720, 7424.000000, 0.150945, 49183.477426, 49488.000000, 1.000000, 2, 24.664979, 36495.909705, 36495.909705
Z3, 3, 4, 720, 6648.000000, 0.150895, 44057.125816, 44320.000000, 1.000000, 2, 24.664979, 35470.639383, 35470.639383
Z3, 4, 4, 720, 7224.000000, 0.150975, 47848.981619, 48160.000000, 1.000000, 2, 24.664979, 36229.010544, 36229.010544
Z3, 5, 4, 720, 7240.000000, 0.150930, 47969.257272, 48264.000000, 1.000000, 2, 24.664979, 36253.065674, 36253.065674
Z3, 6, 4, 720, 6648.000000, 0.150857, 44068.223549, 44320.000000, 1.000000, 2, 24.664979, 35472.858930, 35472.858930
Z3, 7, 4, 720, 7232.000000, 0.150953, 47908.951793, 48208.000000, 1.000000, 2, 24.664979, 36241.004579, 36241.004579
Z3, 8, 4, 720, 7296.000000, 0.150917, 48344.454236, 48640.000000, 1.000000, 2, 24.664979, 36328.105067, 36328.105067
Z3, 9, 4, 720, 16456.000000, 0.151023, 108963.535356, 108976.000000, 1.000000, 2, 24.664979, 48451.921291, 48451.921291
Z3, 10, 4, 720, 25392.000000, 0.150959, 168204.611848, 169280.000000, 1.000000, 2, 24.664979, 60300.136590, 60300.136590
Z3, 11, 4, 720, 21592.000000, 0.150999, 142994.324466, 143944.000000, 1.000000, 2, 24.664979, 55258.079113, 55258.079113
Z3, 12, 4, 720, 13528.000000, 0.151007, 89585.251015, 89584.000000, 1.000000, 2, 24.664979, 44576.264423, 44576.264423
Z3, 13, 4, 720, 29512.000000, 0.150918, 195549.901271, 196744.000000, 1.000000, 2, 24.664979, 65769.194474, 65769.194474
Z3, 14, 4, 720, 29688.000000, 0.151032, 196567.614810, 196608.000000, 1.000000, 2, 24.664979, 65972.737182, 65972.737182
Z3, 15, 4, 720, 16760.000000, 0.150974, 111012.492217, 111728.000000, 1.000000, 2, 24.664979, 48861.712663, 48861.712663
Z3, 16, 4, 720, 33128.000000, 0.151021, 219360.221426, 219384.000000, 1.000000, 2, 24.664979, 70531.258505, 70531.258505
Z3, 17, 4, 720, 26248.000000, 0.151048, 173772.575605, 173824.000000, 1.000000, 2, 24.664979, 61413.729341, 61413.729341
Z3, 18, 4, 720, 26240.000000, 0.150942, 173841.608035, 174928.000000, 1.000000, 2, 24.664979, 61427.535827, 61427.535827
Z3, 19, 4, 720, 14624.000000, 0.151013, 96839.344957, 96840.000000, 1.000000, 2, 24.664979, 46027.083211, 46027.083211
Z3, 20, 4, 720, 26816.000000, 0.150961, 177635.283285, 178768.000000, 1.000000, 2, 24.664979, 62186.270877, 62186.270877
Z3, 21, 4, 720, 23128.000000, 0.151061, 153103.713070, 153160.000000, 1.000000, 2, 24.664979, 57279.956834, 57279.956834
Z3, 22, 4, 720, 19440.000000, 0.150914, 128815.086738, 129600.000000, 1.000000, 2, 24.664979, 52422.231568, 52422.231568
Z3, 23, 4, 720, 29088.000000, 0.151037, 192588.571012, 192632.000000, 1.000000, 2, 24.664979, 65176.928422, 65176.928422
Z3, 24, 4, 720, 29840.000000, 0.151056, 197542.633196, 197608.000000, 1.000000, 2, 24.664979, 66167.740859, 66167.740859
Z3, 25, 4, 720, 17200.000000, 0.151001, 113906.530420, 113904.000000, 1.000000, 2, 24.664979, 49440.520304, 49440.520304
Z3, 26, 4, 720, 25664.000000, 0.151057, 169896.131924, 169960.000000, 1.000000, 2, 24.664979, 60638.440605, 60638.440605
Z3, 27, 4, 720, 26808.000000, 0.151000, 177536.423841, 177536.000000, 1.000000, 2, 24.664979, 62166.498988, 62166.498988
Z3, 28, 4, 720, 12720.000000, 0.150923, 84281.388523, 84800.000000, 1.000000, 2, 24.664979, 43515.491925, 43515.491925
Z3, 29, 4, 720, 11496.000000, 0.150878, 76194.011055, 76640.000000, 1.000000, 2, 24.664979, 41898.016431, 41898.016431
Z3, 30, 4, 720, 6448.000000, 0.150909, 42727.736583, 42984.000000, 1.000000, 2, 24.664979, 35204.761537, 35204.761537
Z3, 31, 4, 720, 7200.000000, 0.150939, 47701.389303, 48000.000000, 1.000000, 2, 24.664979, 36199.492081, 36199.492081
Z3, 32, 4, 720, 7520.000000, 0.150963, 49813.530468, 50128.000000, 1.000000, 2, 24.664979, 36621.920314, 36621.920314
Z3, 33, 4, 720, 6728.000000, 0.150922, 44579.319118, 44848.000000, 1.000000, 2, 24.664979, 35575.078044, 35575.078044
Z3, 34, 4, 720, 7224.000000, 0.150941, 47859.759774, 48160.000000, 1.000000, 2, 24.664979, 36231.166175, 36231.166175
Z3, 35, 4, 720, 7256.000000, 0.150860, 48097.573910, 48368.000000, 1.000000, 2, 24.664979, 36278.729002, 36278.729002
Z3, 36, 4, 720, 6544.000000, 0.150946, 43353.252156, 43624.000000, 1.000000, 2, 24.664979, 35329.864651, 35329.864651
Z3, 37, 4, 720, 12272.000000, 0.150977, 81283.904171, 81808.000000, 1.000000, 2, 24.664979, 42915.995054, 42915.995054
Z3, 38, 4, 720, 8544.000000, 0.150850, 56639.045409, 56960.000000, 1.000000, 2, 24.664979, 37987.023302, 37987.023302
Z1, 0, 5, 720, 20272.000000, 0.471970, 42951.882535, 43040.000000, 1.000000, 2, 32.886636, 46577.399809, 46577.399809
Z2, 0, 5, 720, 6624.000000, 0.474034, 13973.681213, 13968.000000, 1.000000, 2, 32.886636, 40781.759544, 40781.759544
Z2, 1, 5, 720, 7616.000000, 0.150956, 50451.787276, 50768.000000, 1.000000, 2, 32.886636, 48077.380757, 48077.380757
Z2, 2, 5, 720, 8792.000000, 0.150972, 58235.964285, 58608.000000, 1.000000, 2, 32.886636, 49634.216159, 49634.216159
Z2, 3, 5, 720, 8816.000000, 0.150972, 58394.934160, 58768.000000, 1.000000, 2, 32.886636, 49666.010134, 49666.010134
Z2, 4, 5, 720, 14976.000000, 0.151020, 99165.673421, 99176.000000, 1.000000, 2, 32.886636, 57820.157986, 57820.157986
Z2, 5, 5, 720, 25312.000000, 0.151010, 167618.038540, 167624.000000, 1.000000, 2, 32.886636, 71510.631010, 71510.631010
Z2, 6, 5, 720, 13208.000000, 0.150945, 87502.070291, 88048.000000, 1.000000, 2, 32.886636, 55487.437360, 55487.437360
Z2, 7, 5, 720, 16320.000000, 0.150811, 108214.918010, 108800.000000, 1.000000, 2, 32.886636, 59630.006904, 59630.006904
Z3, 0, 5, 720, 7712.000000, 0.473743, 16278.868500, 16304.000000, 1.000000, 2, 32.886636, 41242.797002, 41242.797002
Z3, 1, 5, 720, 9624.000000, 0.150940, 63760.434610, 64160.000000, 1.000000, 2, 32.886636, 50739.110224, 50739.110224
Z3, 2, 5, 720, 9096.000000, 0.151016, 60232.028394, 60232.000000, 1.000000, 2, 32.886636, 50033.428981, 50033.428981
Z3, 3, 5, 720, 7632.000000, 0.150997, 50544.050544, 50880.000000, 1.000000, 2, 32.886636, 48095.833411, 48095.833411
Z3, 4, 5, 720, 8304.000000, 0.151017, 54987.186873, 54992.000000, 1.000000, 2, 32.886636, 48984.460676, 48984.460676
Z3, 5, 5, 720, 8504.000000, 0.150998, 56318.626737, 56688.000000, 1.000000, 2, 32.886636, 49250.748649, 49250.748649
Z3, 6, 5, 720, 7384.000000, 0.150901, 48932.743984, 49224.000000, 1.000000, 2, 32.886636, 47773.572099, 47773.572099
Z3, 7, 5, 720, 8968.000000, 0.150972, 59401.743370, 59784.000000, 1.000000, 2, 32.886636, 49867.371976, 49867.371976
Z3, 8, 5, 720, 8912.000000, 0.151013, 59014.786806, 59016.000000, 1.000000, 2, 32.886636, 49789.980663, 49789.980663
Z3, 9, 5, 720, 16688.000000, 0.151023, 110499.725207, 110512.000000, 1.000000, 2, 32.886636, 60086.968343, 60086.968343
Z3, 10, 5, 720, 23832.000000, 0.151062, 157763.037693, 157824.000000, 1.000000, 2, 32.886636, 69539.630841, 69539.630841
Z3, 11, 5, 720, 21144.000000, 0.151158, 139880.125432, 140024.000000, 1.000000, 2, 32.886636, 65963.048388, 65963.048388
Z3, 12, 5, 720, 14272.000000, 0.151029, 94498.407591, 94512.000000, 1.000000, 2, 32.886636, 56886.704820, 56886.704820
Z3, 13, 5, 720, 27640.000000, 0.151124, 182896.164739, 183040.000000, 1.000000, 2, 32.886636, 74566.256250, 74566.256250
Z3, 14, 5, 720, 33288.000000, 0.151134, 220254.873159, 220448.000000, 1.000000, 2, 32.886636, 82037.997934, 82037.997934
Z3, 15, 5, 720, 17576.000000, 0.150994, 116401.976237, 117168.000000, 1.000000, 2, 32.886636, 61267.418549, 61267.418549
Z3, 16, 5, 720, 34872.000000, 0.151061, 230847.141221, 230936.000000, 1.000000, 2, 32.886636, 84156.451546, 84156.451546
Z3, 17, 5, 720, 27336.000000, 0.151041, 180983.971240, 181032.000000, 1.000000, 2, 32.886636, 74183.817550, 74183.817550
Z3, 18, 5, 720, 18312.000000, 0.151031, 121246.631486, 121264.000000, 1.000000, 2, 32.886636, 62236.349599, 62236.349599
Z3, 19, 5, 720, 41432.000000, 0.151146, 274119.063687, 274384.000000, 1.000000, 2, 32.886636, 92810.836039, 92810.836039
Z3, 20, 5, 720, 36760.000000, 0.151139, 243219.817519, 243440.000000, 1.000000, 2, 32.886636, 86630.986806, 86630.986806
Z3, 21, 5, 720, 21272.000000, 0.151050, 140827.540549, 140872.000000, 1.000000, 2, 32.886636, 66152.531412, 66152.531412
Z3, 22, 5, 720, 43464.000000, 0.151151, 287553.506097, 287840.000000, 1.000000, 2, 32.886636, 95497.724521, 95497.724521
Z3, 23, 5, 720, 42000.000000, 0.151106, 277950.577740, 278144.000000, 1.000000, 2, 32.886636, 93577.138850, 93577.138850
Z3, 24, 5, 720, 20304.000000, 0.151071, 134400.381278, 134456.000000, 1.000000, 2, 32.886636, 64867.099557, 64867.099557
Z3, 25, 5, 720, 32736.000000, 0.151093, 216661.261607, 216792.000000, 1.000000, 2, 32.886636, 81319.275623, 81319.275623
Z3, 26, 5, 720, 34608.000000, 0.151164, 228943.399222, 229192.000000, 1.000000, 2, 32.886636, 83775.703146, 83775.703146
Z3, 27, 5, 720, 21272.000000, 0.151129, 140753.925454, 140872.000000, 1.000000, 2, 32.886636, 66137.808393, 66137.808393
Z3, 28, 5, 720, 8752.000000, 0.151036, 57946.449853, 57960.000000, 1.000000, 2, 32.886636, 49576.313272, 49576.313272
Z3, 29, 5, 720, 12760.000000, 0.151011, 84497.155836, 84496.000000, 1.000000, 2, 32.886636, 54886.454469, 54886.454469
Z3, 30, 5, 720, 15440.000000, 0.150940, 102292.301577, 102928.000000, 1.000000, 2, 32.886636, 58445.483617, 58445.483617
Z3, 31, 5, 720, 10000.000000, 0.151043, 66206.312110, 66224.000000, 1.000000, 2, 32.886636, 51228.285724, 51228.285724
Z3, 32, 5, 720, 15200.000000, 0.150927, 100710.939726, 101328.000000, 1.000000, 2, 32.886636, 58129.211247, 58129.211247
Z3, 33, 5, 720, 18352.000000, 0.151057, 121490.563165, 121536.000000, 1.000000, 2, 32.886636, 62285.135935, 62285.135935
Z3, 34, 5, 720, 11224.000000, 0.151027, 74317.837208, 74328.000000, 1.000000, 2, 32.886636, 52850.590743, 52850.590743
Z3, 35, 5, 720, 23240.000000, 0.151140, 153764.721450, 153904.000000, 1.000000, 2, 32.886636, 68739.967592, 68739.967592
Z3, 36, 5, 720, 16824.000000, 0.151085, 111354.535526, 111416.000000, 1.000000, 2, 32.886636, 60257.930407, 60257.930407
Z3, 37, 5, 720, 9680.000000, 0.150915, 64142.066726, 64528.000000, 1.000000, 2, 32.886636, 50815.436647, 50815.436647
Z3, 38, 5, 720, 12888.000000, 0.150943, 85383.224131, 85920.000000, 1.000000, 2, 32.886636, 55063.668128, 55063.668128
