Zone, Tile_no, Seg_no, Reso, Seg_d_size, Seg_d_time, Bitrate, Bitrate1, Buf_lev, Buf_limit, Elapsed, Ref_vp, Local_avg,QoE,QoE1,Z1,Z2,Z3,delay,jitter,loss
Z1,0,1,720,9960.0,0.172381,57778.989564,57904.0,1.0,2,6.2e-05,57778.989564,57778.989564,6161412.1389655,16746058.5212715,980620.1113336,18249926.8701066,124096390.6931666,50,0,3
Z2,0,1,720,8952.0,1.27671,7011.772446,7008.0,1.0,2,6.2e-05,3505.886223,3505.886223,6161412.1389655,16746058.5212715,980620.1113336,18249926.8701066,124096390.6931666,50,0,3
Z2,1,1,720,5424.0,0.05092,106520.031422,108480.0,1.0,2,6.2e-05,35506.677141,35506.677141,6161412.1389655,16746058.5212715,980620.1113336,18249926.8701066,124096390.6931666,50,0,3
Z2,2,1,720,7080.0,0.050927,139022.522434,141600.0,1.0,2,6.2e-05,34755.630609,34755.630609,6161412.1389655,16746058.5212715,980620.1113336,18249926.8701066,124096390.6931666,50,0,3
Z2,3,1,720,18976.0,0.050936,372545.940003,379520.0,1.0,2,6.2e-05,74509.188001,74509.188001,6161412.1389655,16746058.5212715,980620.1113336,18249926.8701066,124096390.6931666,50,0,3
Z2,4,1,720,8720.0,0.05086,171451.042076,174400.0,1.0,2,6.2e-05,34290.208415,34290.208415,6161412.1389655,16746058.5212715,980620.1113336,18249926.8701066,124096390.6931666,50,0,3
Z2,5,1,720,8336.0,0.050779,164162.350578,166720.0,1.0,2,6.2e-05,32832.470116,32832.470116,6161412.1389655,16746058.5212715,980620.1113336,18249926.8701066,124096390.6931666,50,0,3
Z2,6,1,720,6376.0,0.050937,125174.234839,127520.0,1.0,2,6.2e-05,25034.846968,25034.846968,6161412.1389655,16746058.5212715,980620.1113336,18249926.8701066,124096390.6931666,50,0,3
Z2,7,1,720,6872.0,0.050937,134911.753735,137440.0,1.0,2,6.2e-05,26982.350747,26982.350747,6161412.1389655,16746058.5212715,980620.1113336,18249926.8701066,124096390.6931666,50,0,3
Z3,0,1,720,7080.0,0.173894,40714.458233,40920.0,1.0,2,6.2e-05,8142.891647,8142.891647,6161412.1389655,16746058.5212715,980620.1113336,18249926.8701066,124096390.6931666,50,0,3
Z3,1,1,720,7080.0,0.050984,138867.095559,141600.0,1.0,2,6.2e-05,27773.419112,27773.419112,6161412.1389655,16746058.5212715,980620.1113336,18249926.8701066,124096390.6931666,50,0,3
Z3,2,1,720,5664.0,0.050902,111272.641547,113280.0,1.0,2,6.2e-05,22254.528309,22254.528309,6161412.1389655,16746058.5212715,980620.1113336,18249926.8701066,124096390.6931666,50,0,3
Z3,3,1,720,7080.0,0.05096,138932.496075,141600.0,1.0,2,6.2e-05,27786.499215,27786.499215,6161412.1389655,16746058.5212715,980620.1113336,18249926.8701066,124096390.6931666,50,0,3
Z3,4,1,720,7080.0,0.05093,139014.333399,141600.0,1.0,2,6.2e-05,27802.86668,27802.86668,6161412.1389655,16746058.5212715,980620.1113336,18249926.8701066,124096390.6931666,50,0,3
Z3,5,1,720,5664.0,0.050877,111327.318828,113280.0,1.0,2,6.2e-05,22265.463766,22265.463766,6161412.1389655,16746058.5212715,980620.1113336,18249926.8701066,124096390.6931666,50,0,3
Z3,6,1,720,7080.0,0.050927,139022.522434,141600.0,1.0,2,6.2e-05,27804.504487,27804.504487,6161412.1389655,16746058.5212715,980620.1113336,18249926.8701066,124096390.6931666,50,0,3
Z3,7,1,720,7080.0,0.050916,139052.557153,141600.0,1.0,2,6.2e-05,27810.511431,27810.511431,6161412.1389655,16746058.5212715,980620.1113336,18249926.8701066,124096390.6931666,50,0,3
Z3,8,1,720,5664.0,0.050831,111428.065551,113280.0,1.0,2,6.2e-05,22285.61311,22285.61311,6161412.1389655,16746058.5212715,980620.1113336,18249926.8701066,124096390.6931666,50,0,3
Z3,9,1,720,7080.0,0.050936,138997.958222,141600.0,1.0,2,6.2e-05,27799.591644,27799.591644,6161412.1389655,16746058.5212715,980620.1113336,18249926.8701066,124096390.6931666,50,0,3
Z3,10,1,720,12904.0,0.050983,253103.975835,258080.0,1.0,2,6.2e-05,50620.795167,50620.795167,6161412.1389655,16746058.5212715,980620.1113336,18249926.8701066,124096390.6931666,50,0,3
Z3,11,1,720,17344.0,0.050968,340291.947889,346880.0,1.0,2,6.2e-05,68058.389578,68058.389578,6161412.1389655,16746058.5212715,980620.1113336,18249926.8701066,124096390.6931666,50,0,3
Z3,12,1,720,16912.0,0.050972,331790.002354,338240.0,1.0,2,6.2e-05,66358.000471,66358.000471,6161412.1389655,16746058.5212715,980620.1113336,18249926.8701066,124096390.6931666,50,0,3
Z3,13,1,720,13240.0,0.050883,260204.783523,264800.0,1.0,2,6.2e-05,52040.956705,52040.956705,6161412.1389655,16746058.5212715,980620.1113336,18249926.8701066,124096390.6931666,50,0,3
Z3,14,1,720,28328.0,0.051027,555157.073706,555448.0,1.0,2,6.2e-05,111031.414741,111031.414741,6161412.1389655,16746058.5212715,980620.1113336,18249926.8701066,124096390.6931666,50,0,3
Z3,15,1,720,30528.0,0.050969,598952.304342,610560.0,1.0,2,6.2e-05,119790.460868,119790.460868,6161412.1389655,16746058.5212715,980620.1113336,18249926.8701066,124096390.6931666,50,0,3
Z3,16,1,720,16360.0,0.050969,320979.418862,327200.0,1.0,2,6.2e-05,64195.883772,64195.883772,6161412.1389655,16746058.5212715,980620.1113336,18249926.8701066,124096390.6931666,50,0,3
Z3,17,1,720,33216.0,0.051061,650516.049431,651288.0,1.0,2,6.2e-05,130103.209886,130103.209886,6161412.1389655,16746058.5212715,980620.1113336,18249926.8701066,124096390.6931666,50,0,3
Z3,18,1,720,28000.0,0.051041,548578.59368,549016.0,1.0,2,6.2e-05,109715.718736,109715.718736,6161412.1389655,16746058.5212715,980620.1113336,18249926.8701066,124096390.6931666,50,0,3
Z3,19,1,720,15744.0,0.050966,308911.823569,314880.0,1.0,2,6.2e-05,61782.364714,61782.364714,6161412.1389655,16746058.5212715,980620.1113336,18249926.8701066,124096390.6931666,50,0,3
Z3,20,1,720,16024.0,0.05096,314442.700157,320480.0,1.0,2,6.2e-05,62888.540031,62888.540031,6161412.1389655,16746058.5212715,980620.1113336,18249926.8701066,124096390.6931666,50,0,3
Z3,21,1,720,11576.0,0.05092,227336.999214,231520.0,1.0,2,6.2e-05,45467.399843,45467.399843,6161412.1389655,16746058.5212715,980620.1113336,18249926.8701066,124096390.6931666,50,0,3
Z3,22,1,720,10816.0,0.050932,212361.580146,216320.0,1.0,2,6.2e-05,42472.316029,42472.316029,6161412.1389655,16746058.5212715,980620.1113336,18249926.8701066,124096390.6931666,50,0,3
Z3,23,1,720,13224.0,0.050984,259375.49035,264480.0,1.0,2,6.2e-05,51875.09807,51875.09807,6161412.1389655,16746058.5212715,980620.1113336,18249926.8701066,124096390.6931666,50,0,3
Z3,24,1,720,17528.0,0.050961,343949.294559,350560.0,1.0,2,6.2e-05,68789.858912,68789.858912,6161412.1389655,16746058.5212715,980620.1113336,18249926.8701066,124096390.6931666,50,0,3
Z3,25,1,720,23824.0,0.051026,466899.227845,467136.0,1.0,2,6.2e-05,93379.845569,93379.845569,6161412.1389655,16746058.5212715,980620.1113336,18249926.8701066,124096390.6931666,50,0,3
Z3,26,1,720,11024.0,0.050979,216245.905177,220480.0,1.0,2,6.2e-05,43249.181035,43249.181035,6161412.1389655,16746058.5212715,980620.1113336,18249926.8701066,124096390.6931666,50,0,3
Z3,27,1,720,15112.0,0.051023,296180.154048,296312.0,1.0,2,6.2e-05,59236.03081,59236.03081,6161412.1389655,16746058.5212715,980620.1113336,18249926.8701066,124096390.6931666,50,0,3
Z3,28,1,720,24552.0,0.178655,137426.884218,137928.0,1.0,2,6.2e-05,27485.376844,27485.376844,6161412.1389655,16746058.5212715,980620.1113336,18249926.8701066,124096390.6931666,50,0,3
Z3,29,1,720,10824.0,0.050963,212389.380531,216480.0,1.0,2,6.2e-05,42477.876106,42477.876106,6161412.1389655,16746058.5212715,980620.1113336,18249926.8701066,124096390.6931666,50,0,3
Z3,30,1,720,6872.0,0.050915,134970.048119,137440.0,1.0,2,6.2e-05,26994.009624,26994.009624,6161412.1389655,16746058.5212715,980620.1113336,18249926.8701066,124096390.6931666,50,0,3
Z3,31,1,720,6872.0,0.050933,134922.348968,137440.0,1.0,2,6.2e-05,26984.469794,26984.469794,6161412.1389655,16746058.5212715,980620.1113336,18249926.8701066,124096390.6931666,50,0,3
Z3,32,1,720,6376.0,0.050926,125201.272435,127520.0,1.0,2,6.2e-05,25040.254487,25040.254487,6161412.1389655,16746058.5212715,980620.1113336,18249926.8701066,124096390.6931666,50,0,3
Z3,33,1,720,6872.0,0.050935,134917.051144,137440.0,1.0,2,6.2e-05,26983.410229,26983.410229,6161412.1389655,16746058.5212715,980620.1113336,18249926.8701066,124096390.6931666,50,0,3
Z3,34,1,720,6872.0,0.050965,134837.63367,137440.0,1.0,2,6.2e-05,26967.526734,26967.526734,6161412.1389655,16746058.5212715,980620.1113336,18249926.8701066,124096390.6931666,50,0,3
Z3,35,1,720,6376.0,0.050936,125176.69232,127520.0,1.0,2,6.2e-05,25035.338464,25035.338464,6161412.1389655,16746058.5212715,980620.1113336,18249926.8701066,124096390.6931666,50,0,3
Z3,36,1,720,6872.0,0.050908,134988.606899,137440.0,1.0,2,6.2e-05,26997.72138,26997.72138,6161412.1389655,16746058.5212715,980620.1113336,18249926.8701066,124096390.6931666,50,0,3
Z3,37,1,720,6872.0,0.050919,134959.445394,137440.0,1.0,2,6.2e-05,26991.889079,26991.889079,6161412.1389655,16746058.5212715,980620.1113336,18249926.8701066,124096390.6931666,50,0,3
Z3,38,1,720,6376.0,0.050976,125078.468299,127520.0,1.0,2,6.2e-05,25015.69366,25015.69366,6161412.1389655,16746058.5212715,980620.1113336,18249926.8701066,124096390.6931666,50,0,3
Z1,0,2,720,9320.0,0.248982,37432.424834,37576.0,1.0,2,4.049571,32502.178627,32502.178627,6161412.1389655,16746058.5212715,980620.1113336,18249926.8701066,124096390.6931666,50,0,3
Z2,0,2,720,6624.0,0.172456,38409.797282,38504.0,1.0,2,4.049571,32697.653116,32697.653116,6161412.1389655,16746058.5212715,980620.1113336,18249926.8701066,124096390.6931666,50,0,3
Z2,1,2,720,5424.0,0.050923,106513.756063,108480.0,1.0,2,4.049571,46318.444872,46318.444872,6161412.1389655,16746058.5212715,980620.1113336,18249926.8701066,124096390.6931666,50,0,3
Z2,2,2,720,7080.0,0.050933,139006.145328,141600.0,1.0,2,4.049571,52816.922725,52816.922725,6161412.1389655,16746058.5212715,980620.1113336,18249926.8701066,124096390.6931666,50,0,3
Z2,3,2,720,18392.0,0.051078,360076.74537,360624.0,1.0,2,4.049571,97031.042734,97031.042734,6161412.1389655,16746058.5212715,980620.1113336,18249926.8701066,124096390.6931666,50,0,3
Z2,4,2,720,9160.0,0.050906,179939.496327,183200.0,1.0,2,4.049571,61003.592925,61003.592925,6161412.1389655,16746058.5212715,980620.1113336,18249926.8701066,124096390.6931666,50,0,3
Z2,5,2,720,8048.0,0.050984,157853.444218,160960.0,1.0,2,4.049571,56586.382503,56586.382503,6161412.1389655,16746058.5212715,980620.1113336,18249926.8701066,124096390.6931666,50,0,3
Z2,6,2,720,6376.0,0.050973,125085.829753,127520.0,1.0,2,4.049571,50032.85961,50032.85961,6161412.1389655,16746058.5212715,980620.1113336,18249926.8701066,124096390.6931666,50,0,3
Z2,7,2,720,6872.0,0.050984,134787.384277,137440.0,1.0,2,4.049571,51973.170515,51973.170515,6161412.1389655,16746058.5212715,980620.1113336,18249926.8701066,124096390.6931666,50,0,3
Z3,0,2,720,7080.0,0.251676,28131.407047,28200.0,1.0,2,4.049571,30641.975069,30641.975069,6161412.1389655,16746058.5212715,980620.1113336,18249926.8701066,124096390.6931666,50,0,3
Z3,1,2,720,7080.0,0.050973,138897.063151,141600.0,1.0,2,4.049571,52795.10629,52795.10629,6161412.1389655,16746058.5212715,980620.1113336,18249926.8701066,124096390.6931666,50,0,3
Z3,2,2,720,5664.0,0.050894,111290.132432,113280.0,1.0,2,4.049571,47273.720146,47273.720146,6161412.1389655,16746058.5212715,980620.1113336,18249926.8701066,124096390.6931666,50,0,3
Z3,3,2,720,7080.0,0.050956,138943.402151,141600.0,1.0,2,4.049571,52804.37409,52804.37409,6161412.1389655,16746058.5212715,980620.1113336,18249926.8701066,124096390.6931666,50,0,3
Z3,4,2,720,7080.0,0.050988,138856.201459,141600.0,1.0,2,4.049571,52786.933952,52786.933952,6161412.1389655,16746058.5212715,980620.1113336,18249926.8701066,124096390.6931666,50,0,3
Z3,5,2,720,5664.0,0.051033,110987.008406,111056.0,1.0,2,4.049571,47213.095341,47213.095341,6161412.1389655,16746058.5212715,980620.1113336,18249926.8701066,124096390.6931666,50,0,3
Z3,6,2,720,7080.0,0.051422,137684.259655,138816.0,1.0,2,4.049571,52552.545591,52552.545591,6161412.1389655,16746058.5212715,980620.1113336,18249926.8701066,124096390.6931666,50,0,3
Z3,7,2,720,7080.0,0.051009,138799.035464,138816.0,1.0,2,4.049571,52775.500753,52775.500753,6161412.1389655,16746058.5212715,980620.1113336,18249926.8701066,124096390.6931666,50,0,3
Z3,8,2,720,5664.0,0.051071,110904.42717,111056.0,1.0,2,4.049571,47196.579094,47196.579094,6161412.1389655,16746058.5212715,980620.1113336,18249926.8701066,124096390.6931666,50,0,3
Z3,9,2,720,7080.0,0.050996,138834.418386,141600.0,1.0,2,4.049571,52782.577337,52782.577337,6161412.1389655,16746058.5212715,980620.1113336,18249926.8701066,124096390.6931666,50,0,3
Z3,10,2,720,12648.0,0.051006,247970.826962,248000.0,1.0,2,4.049571,74609.859052,74609.859052,6161412.1389655,16746058.5212715,980620.1113336,18249926.8701066,124096390.6931666,50,0,3
Z3,11,2,720,17112.0,0.050967,335746.659603,342240.0,1.0,2,4.049571,92165.02558,92165.02558,6161412.1389655,16746058.5212715,980620.1113336,18249926.8701066,124096390.6931666,50,0,3
Z3,12,2,720,15320.0,0.050941,300740.071848,306400.0,1.0,2,4.049571,85163.708029,85163.708029,6161412.1389655,16746058.5212715,980620.1113336,18249926.8701066,124096390.6931666,50,0,3
Z3,13,2,720,10704.0,0.050954,210071.829493,214080.0,1.0,2,4.049571,67030.059558,67030.059558,6161412.1389655,16746058.5212715,980620.1113336,18249926.8701066,124096390.6931666,50,0,3
Z3,14,2,720,18776.0,0.050974,368344.64629,375520.0,1.0,2,4.049571,98684.622918,98684.622918,6161412.1389655,16746058.5212715,980620.1113336,18249926.8701066,124096390.6931666,50,0,3
Z3,15,2,720,21848.0,0.180046,121346.766937,121376.0,1.0,2,4.049571,49285.047047,49285.047047,6161412.1389655,16746058.5212715,980620.1113336,18249926.8701066,124096390.6931666,50,0,3
Z3,16,2,720,12752.0,0.051,250039.215686,250032.0,1.0,2,4.049571,75023.536797,75023.536797,6161412.1389655,16746058.5212715,980620.1113336,18249926.8701066,124096390.6931666,50,0,3
Z3,17,2,720,21856.0,0.05091,429306.619525,437120.0,1.0,2,4.049571,110877.017565,110877.017565,6161412.1389655,16746058.5212715,980620.1113336,18249926.8701066,124096390.6931666,50,0,3
Z3,18,2,720,16880.0,0.051,330980.392157,330976.0,1.0,2,4.049571,91211.772091,91211.772091,6161412.1389655,16746058.5212715,980620.1113336,18249926.8701066,124096390.6931666,50,0,3
Z3,19,2,720,12128.0,0.050942,238074.673158,242560.0,1.0,2,4.049571,72630.628291,72630.628291,6161412.1389655,16746058.5212715,980620.1113336,18249926.8701066,124096390.6931666,50,0,3
Z3,20,2,720,15344.0,0.051041,300621.069336,300856.0,1.0,2,4.049571,85139.907527,85139.907527,6161412.1389655,16746058.5212715,980620.1113336,18249926.8701066,124096390.6931666,50,0,3
Z3,21,2,720,11592.0,0.050939,227566.304796,231840.0,1.0,2,4.049571,70528.954619,70528.954619,6161412.1389655,16746058.5212715,980620.1113336,18249926.8701066,124096390.6931666,50,0,3
Z3,22,2,720,9952.0,0.050916,195459.187682,199040.0,1.0,2,4.049571,64107.531196,64107.531196,6161412.1389655,16746058.5212715,980620.1113336,18249926.8701066,124096390.6931666,50,0,3
Z3,23,2,720,11064.0,0.050931,217235.082759,221280.0,1.0,2,4.049571,68462.710212,68462.710212,6161412.1389655,16746058.5212715,980620.1113336,18249926.8701066,124096390.6931666,50,0,3
Z3,24,2,720,14728.0,0.050955,289039.348445,294560.0,1.0,2,4.049571,82823.563349,82823.563349,6161412.1389655,16746058.5212715,980620.1113336,18249926.8701066,124096390.6931666,50,0,3
Z3,25,2,720,16264.0,0.051053,318570.896911,318896.0,1.0,2,4.049571,88729.873042,88729.873042,6161412.1389655,16746058.5212715,980620.1113336,18249926.8701066,124096390.6931666,50,0,3
Z3,26,2,720,9504.0,0.05092,186645.718775,190080.0,1.0,2,4.049571,62344.837415,62344.837415,6161412.1389655,16746058.5212715,980620.1113336,18249926.8701066,124096390.6931666,50,0,3
Z3,27,2,720,12688.0,0.050964,248960.050232,253760.0,1.0,2,4.049571,74807.703706,74807.703706,6161412.1389655,16746058.5212715,980620.1113336,18249926.8701066,124096390.6931666,50,0,3
Z3,28,2,720,17320.0,0.051053,339255.283725,339600.0,1.0,2,4.049571,92866.750405,92866.750405,6161412.1389655,16746058.5212715,980620.1113336,18249926.8701066,124096390.6931666,50,0,3
Z3,29,2,720,10632.0,0.051011,208425.633687,208464.0,1.0,2,4.049571,66700.820397,66700.820397,6161412.1389655,16746058.5212715,980620.1113336,18249926.8701066,124096390.6931666,50,0,3
Z3,30,2,720,6872.0,0.050941,134901.160166,137440.0,1.0,2,4.049571,51995.925693,51995.925693,6161412.1389655,16746058.5212715,980620.1113336,18249926.8701066,124096390.6931666,50,0,3
Z3,31,2,720,6872.0,0.050969,134827.051737,137440.0,1.0,2,4.049571,51981.104007,51981.104007,6161412.1389655,16746058.5212715,980620.1113336,18249926.8701066,124096390.6931666,50,0,3
Z3,32,2,720,6376.0,0.051006,125004.901384,125016.0,1.0,2,4.049571,50016.673937,50016.673937,6161412.1389655,16746058.5212715,980620.1113336,18249926.8701066,124096390.6931666,50,0,3
Z3,33,2,720,6872.0,0.050991,134768.880783,137440.0,1.0,2,4.049571,51969.469816,51969.469816,6161412.1389655,16746058.5212715,980620.1113336,18249926.8701066,124096390.6931666,50,0,3
Z3,34,2,720,6872.0,0.051011,134716.041638,134744.0,1.0,2,4.049571,51958.901987,51958.901987,6161412.1389655,16746058.5212715,980620.1113336,18249926.8701066,124096390.6931666,50,0,3
Z3,35,2,720,6376.0,0.050907,125248.001257,127520.0,1.0,2,4.049571,50065.293911,50065.293911,6161412.1389655,16746058.5212715,980620.1113336,18249926.8701066,124096390.6931666,50,0,3
Z3,36,2,720,6872.0,0.051,134745.098039,134744.0,1.0,2,4.049571,51964.713268,51964.713268,6161412.1389655,16746058.5212715,980620.1113336,18249926.8701066,124096390.6931666,50,0,3
Z3,37,2,720,6872.0,0.050987,134779.453586,137440.0,1.0,2,4.049571,51971.584377,51971.584377,6161412.1389655,16746058.5212715,980620.1113336,18249926.8701066,124096390.6931666,50,0,3
Z3,38,2,720,6376.0,0.051005,125007.35222,125016.0,1.0,2,4.049571,50017.164104,50017.164104,6161412.1389655,16746058.5212715,980620.1113336,18249926.8701066,124096390.6931666,50,0,3
Z1,0,3,720,15304.0,0.171753,89104.702684,89496.0,1.0,2,7.152968,67838.104641,67838.104641,6161412.1389655,16746058.5212715,980620.1113336,18249926.8701066,124096390.6931666,50,0,3
Z2,0,3,720,6624.0,0.251997,26286.027215,26384.0,1.0,2,7.152968,55274.369547,55274.369547,6161412.1389655,16746058.5212715,980620.1113336,18249926.8701066,124096390.6931666,50,0,3
Z2,1,3,720,5664.0,0.050923,111226.754119,113280.0,1.0,2,7.152968,72262.514928,72262.514928,6161412.1389655,16746058.5212715,980620.1113336,18249926.8701066,124096390.6931666,50,0,3
Z2,2,3,720,7080.0,0.050839,139263.164106,141600.0,1.0,2,7.152968,77869.796925,77869.796925,6161412.1389655,16746058.5212715,980620.1113336,18249926.8701066,124096390.6931666,50,0,3
Z2,3,3,720,7080.0,0.050763,139471.662431,141600.0,1.0,2,7.152968,77911.49659,77911.49659,6161412.1389655,16746058.5212715,980620.1113336,18249926.8701066,124096390.6931666,50,0,3
Z2,4,3,720,12544.0,0.050834,246763.976866,250880.0,1.0,2,7.152968,99369.959477,99369.959477,6161412.1389655,16746058.5212715,980620.1113336,18249926.8701066,124096390.6931666,50,0,3
Z2,5,3,720,18632.0,0.050915,365943.238731,372640.0,1.0,2,7.152968,123205.81185,123205.81185,6161412.1389655,16746058.5212715,980620.1113336,18249926.8701066,124096390.6931666,50,0,3
Z2,6,3,720,10240.0,0.050896,201194.592895,204800.0,1.0,2,7.152968,90256.082683,90256.082683,6161412.1389655,16746058.5212715,980620.1113336,18249926.8701066,124096390.6931666,50,0,3
Z2,7,3,720,8424.0,0.050847,165673.491061,168480.0,1.0,2,7.152968,83151.862316,83151.862316,6161412.1389655,16746058.5212715,980620.1113336,18249926.8701066,124096390.6931666,50,0,3
Z3,0,3,720,5424.0,0.254337,21326.035929,21352.0,1.0,2,7.152968,54282.37129,54282.37129,6161412.1389655,16746058.5212715,980620.1113336,18249926.8701066,124096390.6931666,50,0,3
Z3,1,3,720,7080.0,0.050828,139293.302904,141600.0,1.0,2,7.152968,77875.824685,77875.824685,6161412.1389655,16746058.5212715,980620.1113336,18249926.8701066,124096390.6931666,50,0,3
Z3,2,3,720,7080.0,0.050851,139230.300289,141600.0,1.0,2,7.152968,77863.224162,77863.224162,6161412.1389655,16746058.5212715,980620.1113336,18249926.8701066,124096390.6931666,50,0,3
Z3,3,3,720,5664.0,0.050858,111368.909513,113280.0,1.0,2,7.152968,72290.946006,72290.946006,6161412.1389655,16746058.5212715,980620.1113336,18249926.8701066,124096390.6931666,50,0,3
Z3,4,3,720,7080.0,0.050915,139055.288225,141600.0,1.0,2,7.152968,77828.221749,77828.221749,6161412.1389655,16746058.5212715,980620.1113336,18249926.8701066,124096390.6931666,50,0,3
Z3,5,3,720,7080.0,0.050909,139071.676914,141600.0,1.0,2,7.152968,77831.499487,77831.499487,6161412.1389655,16746058.5212715,980620.1113336,18249926.8701066,124096390.6931666,50,0,3
Z3,6,3,720,5664.0,0.050925,111222.385862,113280.0,1.0,2,7.152968,72261.641276,72261.641276,6161412.1389655,16746058.5212715,980620.1113336,18249926.8701066,124096390.6931666,50,0,3
Z3,7,3,720,7080.0,0.050868,139183.769757,141600.0,1.0,2,7.152968,77853.918055,77853.918055,6161412.1389655,16746058.5212715,980620.1113336,18249926.8701066,124096390.6931666,50,0,3
Z3,8,3,720,7080.0,0.050868,139183.769757,141600.0,1.0,2,7.152968,77853.918055,77853.918055,6161412.1389655,16746058.5212715,980620.1113336,18249926.8701066,124096390.6931666,50,0,3
Z3,9,3,720,14120.0,0.050886,277483.001218,282400.0,1.0,2,7.152968,105513.764348,105513.764348,6161412.1389655,16746058.5212715,980620.1113336,18249926.8701066,124096390.6931666,50,0,3
Z3,10,3,720,17536.0,0.050949,344187.324579,350720.0,1.0,2,7.152968,118854.62902,118854.62902,6161412.1389655,16746058.5212715,980620.1113336,18249926.8701066,124096390.6931666,50,0,3
Z3,11,3,720,16008.0,0.05086,314746.362564,320160.0,1.0,2,7.152968,112966.436617,112966.436617,6161412.1389655,16746058.5212715,980620.1113336,18249926.8701066,124096390.6931666,50,0,3
Z3,12,3,720,10896.0,0.050916,213999.528635,217920.0,1.0,2,7.152968,92817.069831,92817.069831,6161412.1389655,16746058.5212715,980620.1113336,18249926.8701066,124096390.6931666,50,0,3
Z3,13,3,720,19720.0,0.050884,387548.14873,394400.0,1.0,2,7.152968,127526.79385,127526.79385,6161412.1389655,16746058.5212715,980620.1113336,18249926.8701066,124096390.6931666,50,0,3
Z3,14,3,720,20104.0,0.050961,394497.753184,402080.0,1.0,2,7.152968,128916.714741,128916.714741,6161412.1389655,16746058.5212715,980620.1113336,18249926.8701066,124096390.6931666,50,0,3
Z3,15,3,720,12504.0,0.050925,245537.555228,250080.0,1.0,2,7.152968,99124.675149,99124.675149,6161412.1389655,16746058.5212715,980620.1113336,18249926.8701066,124096390.6931666,50,0,3
Z3,16,3,720,23072.0,0.051025,452170.504655,452392.0,1.0,2,7.152968,140451.265035,140451.265035,6161412.1389655,16746058.5212715,980620.1113336,18249926.8701066,124096390.6931666,50,0,3
Z3,17,3,720,18112.0,0.050898,355848.952808,362240.0,1.0,2,7.152968,121186.954665,121186.954665,6161412.1389655,16746058.5212715,980620.1113336,18249926.8701066,124096390.6931666,50,0,3
Z3,18,3,720,9664.0,0.050946,189691.045421,193280.0,1.0,2,7.152968,87955.373188,87955.373188,6161412.1389655,16746058.5212715,980620.1113336,18249926.8701066,124096390.6931666,50,0,3
Z3,19,3,720,12280.0,0.051007,240751.269434,240784.0,1.0,2,7.152968,98167.417991,98167.417991,6161412.1389655,16746058.5212715,980620.1113336,18249926.8701066,124096390.6931666,50,0,3
Z3,20,3,720,10368.0,0.051063,203043.299454,203288.0,1.0,2,7.152968,90625.823995,90625.823995,6161412.1389655,16746058.5212715,980620.1113336,18249926.8701066,124096390.6931666,50,0,3
Z3,21,3,720,10520.0,0.050996,206290.689466,210400.0,1.0,2,7.152968,91275.301997,91275.301997,6161412.1389655,16746058.5212715,980620.1113336,18249926.8701066,124096390.6931666,50,0,3
Z3,22,3,720,15288.0,0.051045,299500.440788,299760.0,1.0,2,7.152968,109917.252261,109917.252261,6161412.1389655,16746058.5212715,980620.1113336,18249926.8701066,124096390.6931666,50,0,3
Z3,23,3,720,16344.0,0.051093,319887.2644,320464.0,1.0,2,7.152968,113994.616984,113994.616984,6161412.1389655,16746058.5212715,980620.1113336,18249926.8701066,124096390.6931666,50,0,3
Z3,24,3,720,9016.0,0.051048,176618.08494,176784.0,1.0,2,7.152968,85340.781092,85340.781092,6161412.1389655,16746058.5212715,980620.1113336,18249926.8701066,124096390.6931666,50,0,3
Z3,25,3,720,13800.0,0.051,270588.235294,270584.0,1.0,2,7.152968,104134.811163,104134.811163,6161412.1389655,16746058.5212715,980620.1113336,18249926.8701066,124096390.6931666,50,0,3
Z3,26,3,720,17664.0,0.051051,346006.934242,346352.0,1.0,2,7.152968,119218.550952,119218.550952,6161412.1389655,16746058.5212715,980620.1113336,18249926.8701066,124096390.6931666,50,0,3
Z3,27,3,720,9896.0,0.051031,193921.341929,194032.0,1.0,2,7.152968,88801.43249,88801.43249,6161412.1389655,16746058.5212715,980620.1113336,18249926.8701066,124096390.6931666,50,0,3
Z3,28,3,720,6376.0,0.050886,125299.689502,127520.0,1.0,2,7.152968,75077.102004,75077.102004,6161412.1389655,16746058.5212715,980620.1113336,18249926.8701066,124096390.6931666,50,0,3
Z3,29,3,720,6872.0,0.050977,134805.892854,137440.0,1.0,2,7.152968,76978.342675,76978.342675,6161412.1389655,16746058.5212715,980620.1113336,18249926.8701066,124096390.6931666,50,0,3
Z3,30,3,720,6872.0,0.051018,134697.557725,134744.0,1.0,2,7.152968,76956.675649,76956.675649,6161412.1389655,16746058.5212715,980620.1113336,18249926.8701066,124096390.6931666,50,0,3
Z3,31,3,720,6376.0,0.050998,125024.510765,127520.0,1.0,2,7.152968,75022.066257,75022.066257,6161412.1389655,16746058.5212715,980620.1113336,18249926.8701066,124096390.6931666,50,0,3
Z3,32,3,720,6872.0,0.05091,134983.30387,137440.0,1.0,2,7.152968,77013.824878,77013.824878,6161412.1389655,16746058.5212715,980620.1113336,18249926.8701066,124096390.6931666,50,0,3
Z3,33,3,720,6872.0,0.050967,134832.342496,137440.0,1.0,2,7.152968,76983.632603,76983.632603,6161412.1389655,16746058.5212715,980620.1113336,18249926.8701066,124096390.6931666,50,0,3
Z3,34,3,720,6376.0,0.050985,125056.389134,127520.0,1.0,2,7.152968,75028.441931,75028.441931,6161412.1389655,16746058.5212715,980620.1113336,18249926.8701066,124096390.6931666,50,0,3
Z3,35,3,720,6872.0,0.05098,134797.959984,137440.0,1.0,2,7.152968,76976.756101,76976.756101,6161412.1389655,16746058.5212715,980620.1113336,18249926.8701066,124096390.6931666,50,0,3
Z3,36,3,720,6872.0,0.050967,134832.342496,137440.0,1.0,2,7.152968,76983.632603,76983.632603,6161412.1389655,16746058.5212715,980620.1113336,18249926.8701066,124096390.6931666,50,0,3
Z3,37,3,720,6376.0,0.050957,125125.105481,127520.0,1.0,2,7.152968,75042.1852,75042.1852,6161412.1389655,16746058.5212715,980620.1113336,18249926.8701066,124096390.6931666,50,0,3
Z3,38,3,720,6872.0,0.050995,134758.309638,137440.0,1.0,2,7.152968,76968.826031,76968.826031,6161412.1389655,16746058.5212715,980620.1113336,18249926.8701066,124096390.6931666,50,0,3
Z1,0,4,720,22592.0,0.17257,130914.991018,131344.0,1.0,2,10.130619,103151.824235,103151.824235,6161412.1389655,16746058.5212715,980620.1113336,18249926.8701066,124096390.6931666,50,0,3
Z2,0,4,720,6624.0,0.174144,38037.486218,38064.0,1.0,2,10.130619,84576.323275,84576.323275,6161412.1389655,16746058.5212715,980620.1113336,18249926.8701066,124096390.6931666,50,0,3
Z2,1,4,720,6648.0,0.050883,130652.673781,132960.0,1.0,2,10.130619,103099.360788,103099.360788,6161412.1389655,16746058.5212715,980620.1113336,18249926.8701066,124096390.6931666,50,0,3
Z2,2,4,720,7200.0,0.050986,141215.235555,144000.0,1.0,2,10.130619,105211.873142,105211.873142,6161412.1389655,16746058.5212715,980620.1113336,18249926.8701066,124096390.6931666,50,0,3
Z2,3,4,720,7296.0,0.050955,143185.163379,145920.0,1.0,2,10.130619,105605.858707,105605.858707,6161412.1389655,16746058.5212715,980620.1113336,18249926.8701066,124096390.6931666,50,0,3
Z2,4,4,720,17272.0,0.051017,338553.815395,338664.0,1.0,2,10.130619,144679.58911,144679.58911,6161412.1389655,16746058.5212715,980620.1113336,18249926.8701066,124096390.6931666,50,0,3
Z2,5,4,720,26240.0,0.051035,514156.951112,514504.0,1.0,2,10.130619,179800.216254,179800.216254,6161412.1389655,16746058.5212715,980620.1113336,18249926.8701066,124096390.6931666,50,0,3
Z2,6,4,720,12720.0,0.215044,59150.685441,59160.0,1.0,2,10.130619,88798.96312,88798.96312,6161412.1389655,16746058.5212715,980620.1113336,18249926.8701066,124096390.6931666,50,0,3
Z2,7,4,720,11496.0,0.050863,226018.913552,229920.0,1.0,2,10.130619,122172.608742,122172.608742,6161412.1389655,16746058.5212715,980620.1113336,18249926.8701066,124096390.6931666,50,0,3
Z3,0,4,720,6448.0,0.17253,37373.210456,37488.0,1.0,2,10.130619,84443.468123,84443.468123,6161412.1389655,16746058.5212715,980620.1113336,18249926.8701066,124096390.6931666,50,0,3
Z3,1,4,720,7448.0,0.050968,146130.905666,148960.0,1.0,2,10.130619,106195.007165,106195.007165,6161412.1389655,16746058.5212715,980620.1113336,18249926.8701066,124096390.6931666,50,0,3
Z3,2,4,720,7424.0,0.050841,146023.878366,148480.0,1.0,2,10.130619,106173.601705,106173.601705,6161412.1389655,16746058.5212715,980620.1113336,18249926.8701066,124096390.6931666,50,0,3
Z3,3,4,720,6648.0,0.050931,130529.539966,132960.0,1.0,2,10.130619,103074.734025,103074.734025,6161412.1389655,16746058.5212715,980620.1113336,18249926.8701066,124096390.6931666,50,0,3
Z3,4,4,720,7224.0,0.050963,141749.896984,144480.0,1.0,2,10.130619,105318.805428,105318.805428,6161412.1389655,16746058.5212715,980620.1113336,18249926.8701066,124096390.6931666,50,0,3
Z3,5,4,720,7240.0,0.050946,142111.255054,144800.0,1.0,2,10.130619,105391.077042,105391.077042,6161412.1389655,16746058.5212715,980620.1113336,18249926.8701066,124096390.6931666,50,0,3
Z3,6,4,720,6648.0,0.050924,130547.482523,132960.0,1.0,2,10.130619,103078.322536,103078.322536,6161412.1389655,16746058.5212715,980620.1113336,18249926.8701066,124096390.6931666,50,0,3
Z3,7,4,720,7232.0,0.050911,142051.815914,144640.0,1.0,2,10.130619,105379.189214,105379.189214,6161412.1389655,16746058.5212715,980620.1113336,18249926.8701066,124096390.6931666,50,0,3
Z3,8,4,720,7296.0,0.050798,143627.701878,145920.0,1.0,2,10.130619,105694.366407,105694.366407,6161412.1389655,16746058.5212715,980620.1113336,18249926.8701066,124096390.6931666,50,0,3
Z3,9,4,720,16456.0,0.050928,323122.840088,329120.0,1.0,2,10.130619,141593.394049,141593.394049,6161412.1389655,16746058.5212715,980620.1113336,18249926.8701066,124096390.6931666,50,0,3
Z3,10,4,720,25392.0,0.18007,141011.828733,141064.0,1.0,2,10.130619,105171.191778,105171.191778,6161412.1389655,16746058.5212715,980620.1113336,18249926.8701066,124096390.6931666,50,0,3
Z3,11,4,720,21592.0,0.051047,422982.741395,423368.0,1.0,2,10.130619,161565.374311,161565.374311,6161412.1389655,16746058.5212715,980620.1113336,18249926.8701066,124096390.6931666,50,0,3
Z3,12,4,720,13528.0,0.216794,62400.250929,62624.0,1.0,2,10.130619,89448.876217,89448.876217,6161412.1389655,16746058.5212715,980620.1113336,18249926.8701066,124096390.6931666,50,0,3
Z3,13,4,720,29512.0,0.05487,537853.107345,546512.0,1.0,2,10.130619,184539.4475,184539.4475,6161412.1389655,16746058.5212715,980620.1113336,18249926.8701066,124096390.6931666,50,0,3
Z3,14,4,720,29688.0,0.051101,580967.104362,582112.0,1.0,2,10.130619,193162.246904,193162.246904,6161412.1389655,16746058.5212715,980620.1113336,18249926.8701066,124096390.6931666,50,0,3
Z3,15,4,720,16760.0,0.050923,329124.364236,335200.0,1.0,2,10.130619,142793.698879,142793.698879,6161412.1389655,16746058.5212715,980620.1113336,18249926.8701066,124096390.6931666,50,0,3
Z3,16,4,720,33128.0,0.051006,649492.216602,649568.0,1.0,2,10.130619,206867.269352,206867.269352,6161412.1389655,16746058.5212715,980620.1113336,18249926.8701066,124096390.6931666,50,0,3
Z3,17,4,720,26248.0,0.357477,73425.702912,73520.0,1.0,2,10.130619,91653.966614,91653.966614,6161412.1389655,16746058.5212715,980620.1113336,18249926.8701066,124096390.6931666,50,0,3
Z3,18,4,720,14624.0,0.050961,286964.541512,292480.0,1.0,2,10.130619,134361.734334,134361.734334,6161412.1389655,16746058.5212715,980620.1113336,18249926.8701066,124096390.6931666,50,0,3
Z3,19,4,720,26816.0,0.050953,526288.932938,536320.0,1.0,2,10.130619,182226.612619,182226.612619,6161412.1389655,16746058.5212715,980620.1113336,18249926.8701066,124096390.6931666,50,0,3
Z3,20,4,720,23128.0,0.051021,453303.541679,453488.0,1.0,2,10.130619,167629.534367,167629.534367,6161412.1389655,16746058.5212715,980620.1113336,18249926.8701066,124096390.6931666,50,0,3
Z3,21,4,720,19440.0,0.05109,380504.991192,381176.0,1.0,2,10.130619,153069.82427,153069.82427,6161412.1389655,16746058.5212715,980620.1113336,18249926.8701066,124096390.6931666,50,0,3
Z3,22,4,720,29088.0,0.051066,569615.791329,570352.0,1.0,2,10.130619,190891.984297,190891.984297,6161412.1389655,16746058.5212715,980620.1113336,18249926.8701066,124096390.6931666,50,0,3
Z3,23,4,720,29840.0,0.050949,585683.722939,596800.0,1.0,2,10.130619,194105.570619,194105.570619,6161412.1389655,16746058.5212715,980620.1113336,18249926.8701066,124096390.6931666,50,0,3
Z3,24,4,720,17200.0,0.050959,337526.24659,344000.0,1.0,2,10.130619,144474.07535,144474.07535,6161412.1389655,16746058.5212715,980620.1113336,18249926.8701066,124096390.6931666,50,0,3
Z3,25,4,720,25664.0,0.051092,502309.559226,503208.0,1.0,2,10.130619,177430.737877,177430.737877,6161412.1389655,16746058.5212715,980620.1113336,18249926.8701066,124096390.6931666,50,0,3
Z3,26,4,720,26808.0,0.051039,525245.400576,525640.0,1.0,2,10.130619,182017.906147,182017.906147,6161412.1389655,16746058.5212715,980620.1113336,18249926.8701066,124096390.6931666,50,0,3
Z3,27,4,720,17472.0,0.050975,342756.253065,349440.0,1.0,2,10.130619,145520.076645,145520.076645,6161412.1389655,16746058.5212715,980620.1113336,18249926.8701066,124096390.6931666,50,0,3
Z3,28,4,720,6448.0,0.050934,126595.201633,128960.0,1.0,2,10.130619,102287.866358,102287.866358,6161412.1389655,16746058.5212715,980620.1113336,18249926.8701066,124096390.6931666,50,0,3
Z3,29,4,720,7200.0,0.050882,141503.871703,144000.0,1.0,2,10.130619,105269.600372,105269.600372,6161412.1389655,16746058.5212715,980620.1113336,18249926.8701066,124096390.6931666,50,0,3
Z3,30,4,720,7520.0,0.05095,147595.682041,150400.0,1.0,2,10.130619,106487.96244,106487.96244,6161412.1389655,16746058.5212715,980620.1113336,18249926.8701066,124096390.6931666,50,0,3
Z3,31,4,720,6728.0,0.050901,132178.149742,134560.0,1.0,2,10.130619,103404.45598,103404.45598,6161412.1389655,16746058.5212715,980620.1113336,18249926.8701066,124096390.6931666,50,0,3
Z3,32,4,720,7224.0,0.050951,141783.281977,144480.0,1.0,2,10.130619,105325.482427,105325.482427,6161412.1389655,16746058.5212715,980620.1113336,18249926.8701066,124096390.6931666,50,0,3
Z3,33,4,720,7256.0,0.050921,142495.237721,145120.0,1.0,2,10.130619,105467.873576,105467.873576,6161412.1389655,16746058.5212715,980620.1113336,18249926.8701066,124096390.6931666,50,0,3
Z3,34,4,720,6544.0,0.050867,128649.222482,130880.0,1.0,2,10.130619,102698.670528,102698.670528,6161412.1389655,16746058.5212715,980620.1113336,18249926.8701066,124096390.6931666,50,0,3
Z3,35,4,720,12272.0,0.050984,240702.965636,245440.0,1.0,2,10.130619,125109.419159,125109.419159,6161412.1389655,16746058.5212715,980620.1113336,18249926.8701066,124096390.6931666,50,0,3
Z3,36,4,720,8544.0,0.050972,167621.439222,170880.0,1.0,2,10.130619,110493.113876,110493.113876,6161412.1389655,16746058.5212715,980620.1113336,18249926.8701066,124096390.6931666,50,0,3
Z3,37,4,720,6424.0,0.050928,126138.862708,128480.0,1.0,2,10.130619,102196.598573,102196.598573,6161412.1389655,16746058.5212715,980620.1113336,18249926.8701066,124096390.6931666,50,0,3
Z3,38,4,720,6872.0,0.0509,135009.823183,137440.0,1.0,2,10.130619,103970.790668,103970.790668,6161412.1389655,16746058.5212715,980620.1113336,18249926.8701066,124096390.6931666,50,0,3
Z1,0,5,720,20272.0,0.172904,117244.251145,117856.0,1.0,2,13.72042,127419.640897,127419.640897,6161412.1389655,16746058.5212715,980620.1113336,18249926.8701066,124096390.6931666,50,0,3
Z2,0,5,720,6624.0,1.282212,5166.072381,5160.0,1.0,2,13.72042,105004.005144,105004.005144,6161412.1389655,16746058.5212715,980620.1113336,18249926.8701066,124096390.6931666,50,0,3
Z2,1,5,720,7616.0,0.050971,149418.296679,152320.0,1.0,2,13.72042,133854.450004,133854.450004,6161412.1389655,16746058.5212715,980620.1113336,18249926.8701066,124096390.6931666,50,0,3
Z2,2,5,720,8792.0,0.05095,172561.334642,175840.0,1.0,2,13.72042,138483.057596,138483.057596,6161412.1389655,16746058.5212715,980620.1113336,18249926.8701066,124096390.6931666,50,0,3
Z2,3,5,720,8816.0,0.051003,172852.577299,172856.0,1.0,2,13.72042,138541.306128,138541.306128,6161412.1389655,16746058.5212715,980620.1113336,18249926.8701066,124096390.6931666,50,0,3
Z2,4,5,720,14976.0,0.05103,293474.426808,293640.0,1.0,2,13.72042,162665.67603,162665.67603,6161412.1389655,16746058.5212715,980620.1113336,18249926.8701066,124096390.6931666,50,0,3
Z2,5,5,720,25312.0,0.051094,495400.634125,496312.0,1.0,2,13.72042,203050.917493,203050.917493,6161412.1389655,16746058.5212715,980620.1113336,18249926.8701066,124096390.6931666,50,0,3
Z2,6,5,720,13208.0,0.051057,258691.266624,258976.0,1.0,2,13.72042,155709.043993,155709.043993,6161412.1389655,16746058.5212715,980620.1113336,18249926.8701066,124096390.6931666,50,0,3
Z2,7,5,720,16320.0,0.051084,319473.807846,320000.0,1.0,2,13.72042,167865.552237,167865.552237,6161412.1389655,16746058.5212715,980620.1113336,18249926.8701066,124096390.6931666,50,0,3
Z3,0,5,720,7712.0,0.1727,44655.471917,44832.0,1.0,2,13.72042,112901.885051,112901.885051,6161412.1389655,16746058.5212715,980620.1113336,18249926.8701066,124096390.6931666,50,0,3
Z3,1,5,720,9624.0,0.050954,188876.241316,192480.0,1.0,2,13.72042,141746.038931,141746.038931,6161412.1389655,16746058.5212715,980620.1113336,18249926.8701066,124096390.6931666,50,0,3
Z3,2,5,720,9096.0,0.050857,178854.434984,181920.0,1.0,2,13.72042,139741.677665,139741.677665,6161412.1389655,16746058.5212715,980620.1113336,18249926.8701066,124096390.6931666,50,0,3
Z3,3,5,720,7632.0,0.050842,150112.112033,152640.0,1.0,2,13.72042,133993.213075,133993.213075,6161412.1389655,16746058.5212715,980620.1113336,18249926.8701066,124096390.6931666,50,0,3
Z3,4,5,720,8304.0,0.051081,162565.337405,162816.0,1.0,2,13.72042,136483.858149,136483.858149,6161412.1389655,16746058.5212715,980620.1113336,18249926.8701066,124096390.6931666,50,0,3
Z3,5,5,720,8504.0,0.306093,27782.406001,27784.0,1.0,2,13.72042,109527.271868,109527.271868,6161412.1389655,16746058.5212715,980620.1113336,18249926.8701066,124096390.6931666,50,0,3
Z3,6,5,720,7384.0,0.050963,144889.429586,147680.0,1.0,2,13.72042,132948.676585,132948.676585,6161412.1389655,16746058.5212715,980620.1113336,18249926.8701066,124096390.6931666,50,0,3
Z3,7,5,720,8968.0,0.050858,176334.106729,179360.0,1.0,2,13.72042,139237.612014,139237.612014,6161412.1389655,16746058.5212715,980620.1113336,18249926.8701066,124096390.6931666,50,0,3
Z3,8,5,720,8912.0,0.050941,174947.488271,178240.0,1.0,2,13.72042,138960.288322,138960.288322,6161412.1389655,16746058.5212715,980620.1113336,18249926.8701066,124096390.6931666,50,0,3
Z3,9,5,720,16688.0,0.050907,327813.463767,333760.0,1.0,2,13.72042,169533.483421,169533.483421,6161412.1389655,16746058.5212715,980620.1113336,18249926.8701066,124096390.6931666,50,0,3
Z3,10,5,720,23832.0,0.050885,468350.201435,476640.0,1.0,2,13.72042,197640.830955,197640.830955,6161412.1389655,16746058.5212715,980620.1113336,18249926.8701066,124096390.6931666,50,0,3
Z3,11,5,720,21144.0,0.051035,414303.909082,414584.0,1.0,2,13.72042,186831.572484,186831.572484,6161412.1389655,16746058.5212715,980620.1113336,18249926.8701066,124096390.6931666,50,0,3
Z3,12,5,720,14272.0,0.050921,280277.292276,285440.0,1.0,2,13.72042,160026.249123,160026.249123,6161412.1389655,16746058.5212715,980620.1113336,18249926.8701066,124096390.6931666,50,0,3
Z3,13,5,720,27640.0,0.050922,542790.935156,552800.0,1.0,2,13.72042,212528.977699,212528.977699,6161412.1389655,16746058.5212715,980620.1113336,18249926.8701066,124096390.6931666,50,0,3
Z3,14,5,720,33288.0,0.0511,651428.571429,652704.0,1.0,2,13.72042,234256.504954,234256.504954,6161412.1389655,16746058.5212715,980620.1113336,18249926.8701066,124096390.6931666,50,0,3
Z3,15,5,720,17576.0,0.051011,344553.135598,344624.0,1.0,2,13.72042,172881.417788,172881.417788,6161412.1389655,16746058.5212715,980620.1113336,18249926.8701066,124096390.6931666,50,0,3
Z3,16,5,720,34872.0,0.176856,197177.364636,198136.0,1.0,2,13.72042,143406.263595,143406.263595,6161412.1389655,16746058.5212715,980620.1113336,18249926.8701066,124096390.6931666,50,0,3
Z3,17,5,720,27336.0,0.051026,535726.884333,536000.0,1.0,2,13.72042,211116.167535,211116.167535,6161412.1389655,16746058.5212715,980620.1113336,18249926.8701066,124096390.6931666,50,0,3
Z3,18,5,720,18312.0,0.050965,359305.405671,366240.0,1.0,2,13.72042,175831.871802,175831.871802,6161412.1389655,16746058.5212715,980620.1113336,18249926.8701066,124096390.6931666,50,0,3
Z3,19,5,720,41432.0,0.051051,811580.576286,812392.0,1.0,2,13.72042,266286.905925,266286.905925,6161412.1389655,16746058.5212715,980620.1113336,18249926.8701066,124096390.6931666,50,0,3
Z3,20,5,720,36760.0,0.051043,720177.105578,720784.0,1.0,2,13.72042,248006.211784,248006.211784,6161412.1389655,16746058.5212715,980620.1113336,18249926.8701066,124096390.6931666,50,0,3
Z3,21,5,720,21272.0,0.051014,416983.573137,417096.0,1.0,2,13.72042,187367.505295,187367.505295,6161412.1389655,16746058.5212715,980620.1113336,18249926.8701066,124096390.6931666,50,0,3
Z3,22,5,720,43464.0,0.051104,850500.939261,852232.0,1.0,2,13.72042,274070.97852,274070.97852,6161412.1389655,16746058.5212715,980620.1113336,18249926.8701066,124096390.6931666,50,0,3
Z3,23,5,720,42000.0,0.051068,822432.834652,823528.0,1.0,2,13.72042,268457.357598,268457.357598,6161412.1389655,16746058.5212715,980620.1113336,18249926.8701066,124096390.6931666,50,0,3
Z3,24,5,720,20304.0,0.05098,398273.832876,406080.0,1.0,2,13.72042,183625.557243,183625.557243,6161412.1389655,16746058.5212715,980620.1113336,18249926.8701066,124096390.6931666,50,0,3
Z3,25,5,720,32736.0,0.267488,122383.060175,122600.0,1.0,2,13.72042,128447.402703,128447.402703,6161412.1389655,16746058.5212715,980620.1113336,18249926.8701066,124096390.6931666,50,0,3
Z3,26,5,720,34608.0,0.101771,340057.580254,342648.0,1.0,2,13.72042,171982.306719,171982.306719,6161412.1389655,16746058.5212715,980620.1113336,18249926.8701066,124096390.6931666,50,0,3
Z3,27,5,720,21272.0,0.051013,416991.747202,417096.0,1.0,2,13.72042,187369.140108,187369.140108,6161412.1389655,16746058.5212715,980620.1113336,18249926.8701066,124096390.6931666,50,0,3
Z3,28,5,720,8752.0,0.050907,171921.34677,175040.0,1.0,2,13.72042,138355.060022,138355.060022,6161412.1389655,16746058.5212715,980620.1113336,18249926.8701066,124096390.6931666,50,0,3
Z3,29,5,720,12760.0,0.050984,250274.595952,255200.0,1.0,2,13.72042,154025.709858,154025.709858,6161412.1389655,16746058.5212715,980620.1113336,18249926.8701066,124096390.6931666,50,0,3
Z3,30,5,720,15440.0,0.050941,303095.738207,308800.0,1.0,2,13.72042,164589.938309,164589.938309,6161412.1389655,16746058.5212715,980620.1113336,18249926.8701066,124096390.6931666,50,0,3
Z3,31,5,720,10000.0,0.050861,196614.301724,200000.0,1.0,2,13.72042,143293.651013,143293.651013,6161412.1389655,16746058.5212715,980620.1113336,18249926.8701066,124096390.6931666,50,0,3
Z3,32,5,720,15200.0,0.050931,298442.991498,304000.0,1.0,2,13.72042,163659.388968,163659.388968,6161412.1389655,16746058.5212715,980620.1113336,18249926.8701066,124096390.6931666,50,0,3
Z3,33,5,720,18352.0,0.051013,359751.435908,359840.0,1.0,2,13.72042,175921.07785,175921.07785,6161412.1389655,16746058.5212715,980620.1113336,18249926.8701066,124096390.6931666,50,0,3
Z3,34,5,720,11224.0,0.217223,51670.403226,51720.0,1.0,2,13.72042,114304.871313,114304.871313,6161412.1389655,16746058.5212715,980620.1113336,18249926.8701066,124096390.6931666,50,0,3
Z3,35,5,720,23240.0,0.101683,228553.445512,230096.0,1.0,2,13.72042,149681.47977,149681.47977,6161412.1389655,16746058.5212715,980620.1113336,18249926.8701066,124096390.6931666,50,0,3
Z3,36,5,720,16824.0,0.051037,329643.200031,329880.0,1.0,2,13.72042,169899.430674,169899.430674,6161412.1389655,16746058.5212715,980620.1113336,18249926.8701066,124096390.6931666,50,0,3
Z3,37,5,720,9680.0,0.051081,189502.946301,189800.0,1.0,2,13.72042,141871.379928,141871.379928,6161412.1389655,16746058.5212715,980620.1113336,18249926.8701066,124096390.6931666,50,0,3
Z3,38,5,720,12888.0,0.051026,252577.117548,252704.0,1.0,2,13.72042,154486.214178,154486.214178,6161412.1389655,16746058.5212715,980620.1113336,18249926.8701066,124096390.6931666,50,0,3
Z1,0,6,720,10768.0,0.172268,62507.256136,62600.0,1.0,2,18.515041,141971.971745,141971.971745,6161412.1389655,16746058.5212715,980620.1113336,18249926.8701066,124096390.6931666,50,0,3
Z2,0,6,720,7600.0,0.172381,44088.385611,44184.0,1.0,2,18.515041,138288.19764,138288.19764,6161412.1389655,16746058.5212715,980620.1113336,18249926.8701066,124096390.6931666,50,0,3
Z2,1,6,720,6768.0,0.050998,132711.086709,135360.0,1.0,2,18.515041,156012.73786,156012.73786,6161412.1389655,16746058.5212715,980620.1113336,18249926.8701066,124096390.6931666,50,0,3
Z2,2,6,720,7488.0,0.05095,146967.615309,149760.0,1.0,2,18.515041,158864.04358,158864.04358,6161412.1389655,16746058.5212715,980620.1113336,18249926.8701066,124096390.6931666,50,0,3
Z2,3,6,720,16112.0,0.051055,315581.235922,315920.0,1.0,2,18.515041,192586.767702,192586.767702,6161412.1389655,16746058.5212715,980620.1113336,18249926.8701066,124096390.6931666,50,0,3
Z2,4,6,720,14912.0,0.051004,292369.225943,292392.0,1.0,2,18.515041,187944.365706,187944.365706,6161412.1389655,16746058.5212715,980620.1113336,18249926.8701066,124096390.6931666,50,0,3
Z2,5,6,720,21576.0,0.051021,422884.694538,423056.0,1.0,2,18.515041,214047.459425,214047.459425,6161412.1389655,16746058.5212715,980620.1113336,18249926.8701066,124096390.6931666,50,0,3
Z2,6,6,720,9568.0,0.050825,188253.8121,191360.0,1.0,2,18.515041,167121.282938,167121.282938,6161412.1389655,16746058.5212715,980620.1113336,18249926.8701066,124096390.6931666,50,0,3
Z2,7,6,720,12800.0,0.050953,251211.901164,256000.0,1.0,2,18.515041,179712.900751,179712.900751,6161412.1389655,16746058.5212715,980620.1113336,18249926.8701066,124096390.6931666,50,0,3
Z3,0,6,720,6624.0,0.592031,11188.603299,11184.0,1.0,2,18.515041,131708.241178,131708.241178,6161412.1389655,16746058.5212715,980620.1113336,18249926.8701066,124096390.6931666,50,0,3
Z3,1,6,720,6760.0,0.050834,132981.862533,135200.0,1.0,2,18.515041,156066.893024,156066.893024,6161412.1389655,16746058.5212715,980620.1113336,18249926.8701066,124096390.6931666,50,0,3
Z3,2,6,720,8320.0,0.050846,163631.357432,166400.0,1.0,2,18.515041,162196.792004,162196.792004,6161412.1389655,16746058.5212715,980620.1113336,18249926.8701066,124096390.6931666,50,0,3
Z3,3,6,720,7800.0,0.050854,153380.265073,156000.0,1.0,2,18.515041,160146.573532,160146.573532,6161412.1389655,16746058.5212715,980620.1113336,18249926.8701066,124096390.6931666,50,0,3
Z3,4,6,720,6928.0,0.050865,136203.676398,138560.0,1.0,2,18.515041,156711.255798,156711.255798,6161412.1389655,16746058.5212715,980620.1113336,18249926.8701066,124096390.6931666,50,0,3
Z3,5,6,720,7472.0,0.050882,146849.573523,149440.0,1.0,2,18.515041,158840.435222,158840.435222,6161412.1389655,16746058.5212715,980620.1113336,18249926.8701066,124096390.6931666,50,0,3
Z3,6,6,720,7416.0,0.051998,142620.870033,145408.0,1.0,2,18.515041,157994.694525,157994.694525,6161412.1389655,16746058.5212715,980620.1113336,18249926.8701066,124096390.6931666,50,0,3
Z3,7,6,720,6760.0,0.050897,132817.258385,135200.0,1.0,2,18.515041,156033.972195,156033.972195,6161412.1389655,16746058.5212715,980620.1113336,18249926.8701066,124096390.6931666,50,0,3
Z3,8,6,720,7600.0,0.051002,149013.764166,149016.0,1.0,2,18.515041,159273.273351,159273.273351,6161412.1389655,16746058.5212715,980620.1113336,18249926.8701066,124096390.6931666,50,0,3
Z3,9,6,720,7752.0,0.050941,152176.046799,155040.0,1.0,2,18.515041,159905.729878,159905.729878,6161412.1389655,16746058.5212715,980620.1113336,18249926.8701066,124096390.6931666,50,0,3
Z3,10,6,720,12912.0,0.05104,252978.056426,253176.0,1.0,2,18.515041,180066.131803,180066.131803,6161412.1389655,16746058.5212715,980620.1113336,18249926.8701066,124096390.6931666,50,0,3
Z3,11,6,720,17552.0,0.050905,344799.135645,351040.0,1.0,2,18.515041,198430.347647,198430.347647,6161412.1389655,16746058.5212715,980620.1113336,18249926.8701066,124096390.6931666,50,0,3
Z3,12,6,720,14968.0,0.050961,293714.801515,299360.0,1.0,2,18.515041,188213.480821,188213.480821,6161412.1389655,16746058.5212715,980620.1113336,18249926.8701066,124096390.6931666,50,0,3
Z3,13,6,720,10336.0,0.051133,202139.518511,202664.0,1.0,2,18.515041,169898.42422,169898.42422,6161412.1389655,16746058.5212715,980620.1113336,18249926.8701066,124096390.6931666,50,0,3
Z3,14,6,720,18344.0,0.050976,359855.61833,366880.0,1.0,2,18.515041,201441.644184,201441.644184,6161412.1389655,16746058.5212715,980620.1113336,18249926.8701066,124096390.6931666,50,0,3
Z3,15,6,720,20456.0,0.051051,400697.341874,401096.0,1.0,2,18.515041,209609.988893,209609.988893,6161412.1389655,16746058.5212715,980620.1113336,18249926.8701066,124096390.6931666,50,0,3
Z3,16,6,720,12480.0,0.050922,245080.711677,249600.0,1.0,2,18.515041,178486.662853,178486.662853,6161412.1389655,16746058.5212715,980620.1113336,18249926.8701066,124096390.6931666,50,0,3
Z3,17,6,720,18912.0,0.051103,370076.120776,370816.0,1.0,2,18.515041,203485.744673,203485.744673,6161412.1389655,16746058.5212715,980620.1113336,18249926.8701066,124096390.6931666,50,0,3
Z3,18,6,720,17456.0,0.050998,342287.93286,349120.0,1.0,2,18.515041,197928.10709,197928.10709,6161412.1389655,16746058.5212715,980620.1113336,18249926.8701066,124096390.6931666,50,0,3
Z3,19,6,720,16088.0,0.051094,314870.630602,315448.0,1.0,2,18.515041,192444.646638,192444.646638,6161412.1389655,16746058.5212715,980620.1113336,18249926.8701066,124096390.6931666,50,0,3
Z3,20,6,720,31984.0,0.050999,627149.551952,639680.0,1.0,2,18.515041,254900.430908,254900.430908,6161412.1389655,16746058.5212715,980620.1113336,18249926.8701066,124096390.6931666,50,0,3
Z3,21,6,720,21472.0,0.050961,421341.810404,429440.0,1.0,2,18.515041,213738.882599,213738.882599,6161412.1389655,16746058.5212715,980620.1113336,18249926.8701066,124096390.6931666,50,0,3
Z3,22,6,720,19320.0,0.050967,379068.80923,386400.0,1.0,2,18.515041,205284.282364,205284.282364,6161412.1389655,16746058.5212715,980620.1113336,18249926.8701066,124096390.6931666,50,0,3
Z3,23,6,720,33040.0,0.051066,647005.835585,647840.0,1.0,2,18.515041,258871.687635,258871.687635,6161412.1389655,16746058.5212715,980620.1113336,18249926.8701066,124096390.6931666,50,0,3
Z3,24,6,720,26472.0,0.051108,517961.962902,519056.0,1.0,2,18.515041,233062.913098,233062.913098,6161412.1389655,16746058.5212715,980620.1113336,18249926.8701066,124096390.6931666,50,0,3
Z3,25,6,720,12984.0,0.050958,254798.068998,259680.0,1.0,2,18.515041,180430.134317,180430.134317,6161412.1389655,16746058.5212715,980620.1113336,18249926.8701066,124096390.6931666,50,0,3
Z3,26,6,720,21128.0,0.051046,413901.187165,414272.0,1.0,2,18.515041,212250.757951,212250.757951,6161412.1389655,16746058.5212715,980620.1113336,18249926.8701066,124096390.6931666,50,0,3
Z3,27,6,720,14376.0,0.050934,282247.61456,287520.0,1.0,2,18.515041,185920.04343,185920.04343,6161412.1389655,16746058.5212715,980620.1113336,18249926.8701066,124096390.6931666,50,0,3
Z3,28,6,720,7048.0,0.050926,138396.889605,140960.0,1.0,2,18.515041,157149.898439,157149.898439,6161412.1389655,16746058.5212715,980620.1113336,18249926.8701066,124096390.6931666,50,0,3
Z3,29,6,720,8656.0,0.050915,170008.83826,173120.0,1.0,2,18.515041,163472.28817,163472.28817,6161412.1389655,16746058.5212715,980620.1113336,18249926.8701066,124096390.6931666,50,0,3
Z3,30,6,720,9488.0,0.050955,186203.512904,189760.0,1.0,2,18.515041,166711.223099,166711.223099,6161412.1389655,16746058.5212715,980620.1113336,18249926.8701066,124096390.6931666,50,0,3
Z3,31,6,720,8424.0,0.050895,165517.241379,168480.0,1.0,2,18.515041,162573.968794,162573.968794,6161412.1389655,16746058.5212715,980620.1113336,18249926.8701066,124096390.6931666,50,0,3
Z3,32,6,720,9328.0,0.050955,183063.487391,186560.0,1.0,2,18.515041,166083.217996,166083.217996,6161412.1389655,16746058.5212715,980620.1113336,18249926.8701066,124096390.6931666,50,0,3
Z3,33,6,720,8680.0,0.30898,28092.433167,28176.0,1.0,2,18.515041,135089.007151,135089.007151,6161412.1389655,16746058.5212715,980620.1113336,18249926.8701066,124096390.6931666,50,0,3
Z3,34,6,720,7160.0,0.050906,140651.396692,143200.0,1.0,2,18.515041,157600.799856,157600.799856,6161412.1389655,16746058.5212715,980620.1113336,18249926.8701066,124096390.6931666,50,0,3
Z3,35,6,720,10360.0,0.050947,203348.577934,207200.0,1.0,2,18.515041,170140.236105,170140.236105,6161412.1389655,16746058.5212715,980620.1113336,18249926.8701066,124096390.6931666,50,0,3
Z3,36,6,720,9048.0,0.050927,177666.071043,180960.0,1.0,2,18.515041,165003.734726,165003.734726,6161412.1389655,16746058.5212715,980620.1113336,18249926.8701066,124096390.6931666,50,0,3
Z3,37,6,720,7176.0,0.05085,141120.943953,143520.0,1.0,2,18.515041,157694.709308,157694.709308,6161412.1389655,16746058.5212715,980620.1113336,18249926.8701066,124096390.6931666,50,0,3
Z3,38,6,720,8768.0,0.050938,172130.82571,175360.0,1.0,2,18.515041,163896.68566,163896.68566,6161412.1389655,16746058.5212715,980620.1113336,18249926.8701066,124096390.6931666,50,0,3
Z1,0,7,720,7408.0,0.171793,43121.663863,43320.0,1.0,2,22.012331,147519.547988,147519.547988,6161412.1389655,16746058.5212715,980620.1113336,18249926.8701066,124096390.6931666,50,0,3
Z2,0,7,720,6624.0,0.17338,38205.098627,38288.0,1.0,2,22.012331,146536.234941,146536.234941,6161412.1389655,16746058.5212715,980620.1113336,18249926.8701066,124096390.6931666,50,0,3
Z2,1,7,720,6792.0,0.050861,133540.433731,135840.0,1.0,2,22.012331,165603.301962,165603.301962,6161412.1389655,16746058.5212715,980620.1113336,18249926.8701066,124096390.6931666,50,0,3
Z2,2,7,720,7464.0,0.304508,24511.671286,24552.0,1.0,2,22.012331,143797.549473,143797.549473,6161412.1389655,16746058.5212715,980620.1113336,18249926.8701066,124096390.6931666,50,0,3
Z2,3,7,720,10144.0,0.050934,199159.696863,202880.0,1.0,2,22.012331,178727.154588,178727.154588,6161412.1389655,16746058.5212715,980620.1113336,18249926.8701066,124096390.6931666,50,0,3
Z2,4,7,720,14352.0,0.051054,281114.114467,281408.0,1.0,2,22.012331,195118.038109,195118.038109,6161412.1389655,16746058.5212715,980620.1113336,18249926.8701066,124096390.6931666,50,0,3
Z2,5,7,720,15008.0,0.051048,293997.805987,294272.0,1.0,2,22.012331,197694.776413,197694.776413,6161412.1389655,16746058.5212715,980620.1113336,18249926.8701066,124096390.6931666,50,0,3
Z2,6,7,720,7168.0,0.050997,140557.287684,143360.0,1.0,2,22.012331,167006.672752,167006.672752,6161412.1389655,16746058.5212715,980620.1113336,18249926.8701066,124096390.6931666,50,0,3
Z2,7,7,720,8160.0,0.051016,159949.819664,160000.0,1.0,2,22.012331,170885.179149,170885.179149,6161412.1389655,16746058.5212715,980620.1113336,18249926.8701066,124096390.6931666,50,0,3
Z3,0,7,720,6656.0,0.173219,38425.345949,38472.0,1.0,2,22.012331,146580.284406,146580.284406,6161412.1389655,16746058.5212715,980620.1113336,18249926.8701066,124096390.6931666,50,0,3
Z3,1,7,720,7664.0,0.050994,150292.191238,153280.0,1.0,2,22.012331,168953.653463,168953.653463,6161412.1389655,16746058.5212715,980620.1113336,18249926.8701066,124096390.6931666,50,0,3
Z3,2,7,720,7664.0,0.050954,150410.173882,153280.0,1.0,2,22.012331,168977.249992,168977.249992,6161412.1389655,16746058.5212715,980620.1113336,18249926.8701066,124096390.6931666,50,0,3
Z3,3,7,720,6920.0,0.050958,135798.108246,138400.0,1.0,2,22.012331,166054.836865,166054.836865,6161412.1389655,16746058.5212715,980620.1113336,18249926.8701066,124096390.6931666,50,0,3
Z3,4,7,720,7504.0,0.051129,146766.023196,147136.0,1.0,2,22.012331,168248.419855,168248.419855,6161412.1389655,16746058.5212715,980620.1113336,18249926.8701066,124096390.6931666,50,0,3
Z3,5,7,720,7480.0,0.050813,147206.423553,149600.0,1.0,2,22.012331,168336.499926,168336.499926,6161412.1389655,16746058.5212715,980620.1113336,18249926.8701066,124096390.6931666,50,0,3
Z3,6,7,720,6728.0,0.050975,131986.267778,134560.0,1.0,2,22.012331,165292.468771,165292.468771,6161412.1389655,16746058.5212715,980620.1113336,18249926.8701066,124096390.6931666,50,0,3
Z3,7,7,720,7632.0,0.051036,149541.500118,149640.0,1.0,2,22.012331,168803.515239,168803.515239,6161412.1389655,16746058.5212715,980620.1113336,18249926.8701066,124096390.6931666,50,0,3
Z3,8,7,720,7392.0,0.051013,144904.240096,144936.0,1.0,2,22.012331,167876.063235,167876.063235,6161412.1389655,16746058.5212715,980620.1113336,18249926.8701066,124096390.6931666,50,0,3
Z3,9,7,720,12800.0,0.051121,250386.338295,250976.0,1.0,2,22.012331,188972.482875,188972.482875,6161412.1389655,16746058.5212715,980620.1113336,18249926.8701066,124096390.6931666,50,0,3
Z3,10,7,720,16760.0,0.051022,328485.751245,328624.0,1.0,2,22.012331,204592.365465,204592.365465,6161412.1389655,16746058.5212715,980620.1113336,18249926.8701066,124096390.6931666,50,0,3
Z3,11,7,720,14104.0,0.051046,276299.808016,276544.0,1.0,2,22.012331,194155.176819,194155.176819,6161412.1389655,16746058.5212715,980620.1113336,18249926.8701066,124096390.6931666,50,0,3
Z3,12,7,720,9704.0,0.050988,190319.290814,194080.0,1.0,2,22.012331,176959.073378,176959.073378,6161412.1389655,16746058.5212715,980620.1113336,18249926.8701066,124096390.6931666,50,0,3
Z3,13,7,720,17248.0,0.050935,338627.662707,344960.0,1.0,2,22.012331,206620.747757,206620.747757,6161412.1389655,16746058.5212715,980620.1113336,18249926.8701066,124096390.6931666,50,0,3
Z3,14,7,720,21552.0,0.051105,421719.988259,422584.0,1.0,2,22.012331,223239.212868,223239.212868,6161412.1389655,16746058.5212715,980620.1113336,18249926.8701066,124096390.6931666,50,0,3
Z3,15,7,720,16688.0,0.051054,326869.589063,327208.0,1.0,2,22.012331,204269.133028,204269.133028,6161412.1389655,16746058.5212715,980620.1113336,18249926.8701066,124096390.6931666,50,0,3
Z3,16,7,720,23312.0,0.051142,455828.86864,457096.0,1.0,2,22.012331,230060.988944,230060.988944,6161412.1389655,16746058.5212715,980620.1113336,18249926.8701066,124096390.6931666,50,0,3
Z3,17,7,720,14952.0,0.050822,294203.297784,299040.0,1.0,2,22.012331,197735.874773,197735.874773,6161412.1389655,16746058.5212715,980620.1113336,18249926.8701066,124096390.6931666,50,0,3
Z3,18,7,720,16856.0,0.05099,330574.622475,337120.0,1.0,2,22.012331,205010.139711,205010.139711,6161412.1389655,16746058.5212715,980620.1113336,18249926.8701066,124096390.6931666,50,0,3
Z3,19,7,720,23928.0,0.051077,468469.173992,469176.0,1.0,2,22.012331,232589.050014,232589.050014,6161412.1389655,16746058.5212715,980620.1113336,18249926.8701066,124096390.6931666,50,0,3
Z3,20,7,720,29544.0,0.051038,578862.808104,579288.0,1.0,2,22.012331,254667.776836,254667.776836,6161412.1389655,16746058.5212715,980620.1113336,18249926.8701066,124096390.6931666,50,0,3
Z3,21,7,720,31920.0,0.051031,625502.145755,625880.0,1.0,2,22.012331,263995.644367,263995.644367,6161412.1389655,16746058.5212715,980620.1113336,18249926.8701066,124096390.6931666,50,0,3
Z3,22,7,720,15096.0,0.050921,296459.221146,301920.0,1.0,2,22.012331,198187.059445,198187.059445,6161412.1389655,16746058.5212715,980620.1113336,18249926.8701066,124096390.6931666,50,0,3
Z3,23,7,720,22296.0,0.050999,437185.042844,445920.0,1.0,2,22.012331,226332.223784,226332.223784,6161412.1389655,16746058.5212715,980620.1113336,18249926.8701066,124096390.6931666,50,0,3
Z3,24,7,720,24272.0,0.051017,475762.980967,475920.0,1.0,2,22.012331,234047.811409,234047.811409,6161412.1389655,16746058.5212715,980620.1113336,18249926.8701066,124096390.6931666,50,0,3
Z3,25,7,720,13368.0,0.050975,262246.199117,267360.0,1.0,2,22.012331,191344.455039,191344.455039,6161412.1389655,16746058.5212715,980620.1113336,18249926.8701066,124096390.6931666,50,0,3
Z3,26,7,720,21768.0,0.051007,426764.95383,426816.0,1.0,2,22.012331,224248.205982,224248.205982,6161412.1389655,16746058.5212715,980620.1113336,18249926.8701066,124096390.6931666,50,0,3
Z3,27,7,720,21680.0,0.371063,58426.736161,58432.0,1.0,2,22.012331,150580.562448,150580.562448,6161412.1389655,16746058.5212715,980620.1113336,18249926.8701066,124096390.6931666,50,0,3
Z3,28,7,720,9672.0,0.050945,189851.800962,193440.0,1.0,2,22.012331,176865.575408,176865.575408,6161412.1389655,16746058.5212715,980620.1113336,18249926.8701066,124096390.6931666,50,0,3
Z3,29,7,720,13368.0,0.051022,262004.625456,262112.0,1.0,2,22.012331,191296.140307,191296.140307,6161412.1389655,16746058.5212715,980620.1113336,18249926.8701066,124096390.6931666,50,0,3
Z3,30,7,720,13424.0,0.05099,263267.307315,268480.0,1.0,2,22.012331,191548.676679,191548.676679,6161412.1389655,16746058.5212715,980620.1113336,18249926.8701066,124096390.6931666,50,0,3
Z3,31,7,720,8064.0,0.050965,158226.23369,161280.0,1.0,2,22.012331,170540.461954,170540.461954,6161412.1389655,16746058.5212715,980620.1113336,18249926.8701066,124096390.6931666,50,0,3
Z3,32,7,720,9424.0,0.050982,184849.554745,188480.0,1.0,2,22.012331,175865.126165,175865.126165,6161412.1389655,16746058.5212715,980620.1113336,18249926.8701066,124096390.6931666,50,0,3
Z3,33,7,720,7368.0,0.050932,144663.472866,147360.0,1.0,2,22.012331,167827.909789,167827.909789,6161412.1389655,16746058.5212715,980620.1113336,18249926.8701066,124096390.6931666,50,0,3
Z3,34,7,720,8792.0,0.050957,172537.629766,175840.0,1.0,2,22.012331,173402.741169,173402.741169,6161412.1389655,16746058.5212715,980620.1113336,18249926.8701066,124096390.6931666,50,0,3
Z3,35,7,720,8568.0,0.571046,15004.045208,15000.0,1.0,2,22.012331,141896.024257,141896.024257,6161412.1389655,16746058.5212715,980620.1113336,18249926.8701066,124096390.6931666,50,0,3
Z3,36,7,720,7064.0,0.050892,138803.741256,141280.0,1.0,2,22.012331,166655.963467,166655.963467,6161412.1389655,16746058.5212715,980620.1113336,18249926.8701066,124096390.6931666,50,0,3
Z3,37,7,720,10104.0,0.050849,198705.972585,202080.0,1.0,2,22.012331,178636.409733,178636.409733,6161412.1389655,16746058.5212715,980620.1113336,18249926.8701066,124096390.6931666,50,0,3
Z3,38,7,720,8640.0,0.05082,170011.806375,172800.0,1.0,2,22.012331,172897.576491,172897.576491,6161412.1389655,16746058.5212715,980620.1113336,18249926.8701066,124096390.6931666,50,0,3
Z1,0,8,720,7744.0,0.172907,44787.082073,45016.0,1.0,2,25.926253,154903.330978,154903.330978,6161412.1389655,16746058.5212715,980620.1113336,18249926.8701066,124096390.6931666,50,0,3
Z2,0,8,720,6624.0,0.173908,38089.104584,38288.0,1.0,2,25.926253,153563.73548,153563.73548,6161412.1389655,16746058.5212715,980620.1113336,18249926.8701066,124096390.6931666,50,0,3
Z2,1,8,720,6968.0,0.050897,136903.943258,139360.0,1.0,2,25.926253,173326.703215,173326.703215,6161412.1389655,16746058.5212715,980620.1113336,18249926.8701066,124096390.6931666,50,0,3
Z2,2,8,720,7968.0,0.051003,156226.104347,156232.0,1.0,2,25.926253,177191.135433,177191.135433,6161412.1389655,16746058.5212715,980620.1113336,18249926.8701066,124096390.6931666,50,0,3
Z2,3,8,720,12752.0,0.050986,250107.872749,255040.0,1.0,2,25.926253,195967.489113,195967.489113,6161412.1389655,16746058.5212715,980620.1113336,18249926.8701066,124096390.6931666,50,0,3
Z2,4,8,720,18720.0,0.050997,367080.416495,374400.0,1.0,2,25.926253,219361.997862,219361.997862,6161412.1389655,16746058.5212715,980620.1113336,18249926.8701066,124096390.6931666,50,0,3
Z2,5,8,720,25648.0,0.051046,502448.771696,502896.0,1.0,2,25.926253,246435.668902,246435.668902,6161412.1389655,16746058.5212715,980620.1113336,18249926.8701066,124096390.6931666,50,0,3
Z2,6,8,720,9784.0,0.050983,191907.10629,195680.0,1.0,2,25.926253,184327.335821,184327.335821,6161412.1389655,16746058.5212715,980620.1113336,18249926.8701066,124096390.6931666,50,0,3
Z2,7,8,720,13192.0,0.050897,259190.129084,263840.0,1.0,2,25.926253,197783.94038,197783.94038,6161412.1389655,16746058.5212715,980620.1113336,18249926.8701066,124096390.6931666,50,0,3
Z3,0,8,720,6768.0,0.172339,39271.435949,39344.0,1.0,2,25.926253,153800.201753,153800.201753,6161412.1389655,16746058.5212715,980620.1113336,18249926.8701066,124096390.6931666,50,0,3
Z3,1,8,720,8032.0,0.050956,157626.187299,160640.0,1.0,2,25.926253,177471.152023,177471.152023,6161412.1389655,16746058.5212715,980620.1113336,18249926.8701066,124096390.6931666,50,0,3
Z3,2,8,720,7872.0,0.050977,154422.582733,157440.0,1.0,2,25.926253,176830.43111,176830.43111,6161412.1389655,16746058.5212715,980620.1113336,18249926.8701066,124096390.6931666,50,0,3
Z3,3,8,720,7024.0,0.050907,137977.095488,140480.0,1.0,2,25.926253,173541.333661,173541.333661,6161412.1389655,16746058.5212715,980620.1113336,18249926.8701066,124096390.6931666,50,0,3
Z3,4,8,720,7816.0,0.050875,153631.449631,156320.0,1.0,2,25.926253,176672.204489,176672.204489,6161412.1389655,16746058.5212715,980620.1113336,18249926.8701066,124096390.6931666,50,0,3
Z3,5,8,720,7936.0,0.05091,155882.930662,158720.0,1.0,2,25.926253,177122.500696,177122.500696,6161412.1389655,16746058.5212715,980620.1113336,18249926.8701066,124096390.6931666,50,0,3
Z3,6,8,720,6928.0,0.050946,135987.123621,138560.0,1.0,2,25.926253,173143.339287,173143.339287,6161412.1389655,16746058.5212715,980620.1113336,18249926.8701066,124096390.6931666,50,0,3
Z3,7,8,720,8048.0,0.050973,157887.509073,160960.0,1.0,2,25.926253,177523.416378,177523.416378,6161412.1389655,16746058.5212715,980620.1113336,18249926.8701066,124096390.6931666,50,0,3
Z3,8,8,720,7664.0,0.050867,150667.426819,153280.0,1.0,2,25.926253,176079.399927,176079.399927,6161412.1389655,16746058.5212715,980620.1113336,18249926.8701066,124096390.6931666,50,0,3
Z3,9,8,720,14248.0,0.051038,279164.544065,279368.0,1.0,2,25.926253,201778.823376,201778.823376,6161412.1389655,16746058.5212715,980620.1113336,18249926.8701066,124096390.6931666,50,0,3
Z3,10,8,720,19448.0,0.051119,380445.626871,381328.0,1.0,2,25.926253,222035.039937,222035.039937,6161412.1389655,16746058.5212715,980620.1113336,18249926.8701066,124096390.6931666,50,0,3
Z3,11,8,720,17344.0,0.051082,339532.516346,340072.0,1.0,2,25.926253,213852.417832,213852.417832,6161412.1389655,16746058.5212715,980620.1113336,18249926.8701066,124096390.6931666,50,0,3
Z3,12,8,720,11952.0,0.051033,234201.399095,234352.0,1.0,2,25.926253,192786.194382,192786.194382,6161412.1389655,16746058.5212715,980620.1113336,18249926.8701066,124096390.6931666,50,0,3
Z3,13,8,720,25224.0,0.051087,493745.962769,494584.0,1.0,2,25.926253,244695.107117,244695.107117,6161412.1389655,16746058.5212715,980620.1113336,18249926.8701066,124096390.6931666,50,0,3
Z3,14,8,720,35992.0,0.051132,703903.621998,705720.0,1.0,2,25.926253,286726.638963,286726.638963,6161412.1389655,16746058.5212715,980620.1113336,18249926.8701066,124096390.6931666,50,0,3
Z3,15,8,720,20016.0,0.051054,392055.470678,392464.0,1.0,2,25.926253,224357.008699,224357.008699,6161412.1389655,16746058.5212715,980620.1113336,18249926.8701066,124096390.6931666,50,0,3
Z3,16,8,720,36432.0,0.051123,712634.23508,714352.0,1.0,2,25.926253,288472.761579,288472.761579,6161412.1389655,16746058.5212715,980620.1113336,18249926.8701066,124096390.6931666,50,0,3
Z3,17,8,720,22472.0,0.051084,439902.905019,440624.0,1.0,2,25.926253,233926.495567,233926.495567,6161412.1389655,16746058.5212715,980620.1113336,18249926.8701066,124096390.6931666,50,0,3
Z3,18,8,720,21736.0,0.369637,58803.637082,58904.0,1.0,2,25.926253,157706.64198,157706.64198,6161412.1389655,16746058.5212715,980620.1113336,18249926.8701066,124096390.6931666,50,0,3
Z3,19,8,720,16848.0,0.051062,329951.823274,330352.0,1.0,2,25.926253,211936.279218,211936.279218,6161412.1389655,16746058.5212715,980620.1113336,18249926.8701066,124096390.6931666,50,0,3
Z3,20,8,720,47160.0,0.051102,922860.162029,924704.0,1.0,2,25.926253,330517.946969,330517.946969,6161412.1389655,16746058.5212715,980620.1113336,18249926.8701066,124096390.6931666,50,0,3
Z3,21,8,720,39472.0,0.268438,147043.265111,147280.0,1.0,2,25.926253,175354.567585,175354.567585,6161412.1389655,16746058.5212715,980620.1113336,18249926.8701066,124096390.6931666,50,0,3
Z3,22,8,720,26968.0,0.051099,527759.838744,528784.0,1.0,2,25.926253,251497.882312,251497.882312,6161412.1389655,16746058.5212715,980620.1113336,18249926.8701066,124096390.6931666,50,0,3
Z3,23,8,720,39776.0,0.051146,777695.225433,779920.0,1.0,2,25.926253,301484.95965,301484.95965,6161412.1389655,16746058.5212715,980620.1113336,18249926.8701066,124096390.6931666,50,0,3
Z3,24,8,720,34992.0,0.051165,683905.013193,686112.0,1.0,2,25.926253,282726.917202,282726.917202,6161412.1389655,16746058.5212715,980620.1113336,18249926.8701066,124096390.6931666,50,0,3
Z3,25,8,720,22464.0,0.051091,439686.050381,440464.0,1.0,2,25.926253,233883.124639,233883.124639,6161412.1389655,16746058.5212715,980620.1113336,18249926.8701066,124096390.6931666,50,0,3
Z3,26,8,720,43144.0,0.17937,240530.746502,241024.0,1.0,2,25.926253,194052.063863,194052.063863,6161412.1389655,16746058.5212715,980620.1113336,18249926.8701066,124096390.6931666,50,0,3
Z3,27,8,720,43672.0,0.101859,428749.545941,432392.0,1.0,2,25.926253,231695.823751,231695.823751,6161412.1389655,16746058.5212715,980620.1113336,18249926.8701066,124096390.6931666,50,0,3
Z3,28,8,720,18320.0,0.051075,358688.203622,359208.0,1.0,2,25.926253,217683.555288,217683.555288,6161412.1389655,16746058.5212715,980620.1113336,18249926.8701066,124096390.6931666,50,0,3
Z3,29,8,720,24560.0,0.051084,480776.759847,481568.0,1.0,2,25.926253,242101.266532,242101.266532,6161412.1389655,16746058.5212715,980620.1113336,18249926.8701066,124096390.6931666,50,0,3
Z3,30,8,720,19040.0,0.051052,372953.067461,373328.0,1.0,2,25.926253,220536.528055,220536.528055,6161412.1389655,16746058.5212715,980620.1113336,18249926.8701066,124096390.6931666,50,0,3
Z3,31,8,720,20160.0,0.051108,394458.793144,395288.0,1.0,2,25.926253,224837.673192,224837.673192,6161412.1389655,16746058.5212715,980620.1113336,18249926.8701066,124096390.6931666,50,0,3
Z3,32,8,720,16496.0,0.051122,322679.081413,323448.0,1.0,2,25.926253,210481.730846,210481.730846,6161412.1389655,16746058.5212715,980620.1113336,18249926.8701066,124096390.6931666,50,0,3
Z3,33,8,720,11624.0,0.051065,227631.450113,227920.0,1.0,2,25.926253,191472.204586,191472.204586,6161412.1389655,16746058.5212715,980620.1113336,18249926.8701066,124096390.6931666,50,0,3
Z3,34,8,720,21024.0,0.051041,411904.155483,412232.0,1.0,2,25.926253,228326.74566,228326.74566,6161412.1389655,16746058.5212715,980620.1113336,18249926.8701066,124096390.6931666,50,0,3
Z3,35,8,720,28496.0,0.051111,557531.646808,558744.0,1.0,2,25.926253,257452.243925,257452.243925,6161412.1389655,16746058.5212715,980620.1113336,18249926.8701066,124096390.6931666,50,0,3
Z3,36,8,720,12416.0,0.051071,243112.529616,243448.0,1.0,2,25.926253,194568.420486,194568.420486,6161412.1389655,16746058.5212715,980620.1113336,18249926.8701066,124096390.6931666,50,0,3
Z3,37,8,720,17312.0,0.051044,339158.373168,339448.0,1.0,2,25.926253,213777.589197,213777.589197,6161412.1389655,16746058.5212715,980620.1113336,18249926.8701066,124096390.6931666,50,0,3
Z3,38,8,720,14664.0,0.051051,287242.169595,287528.0,1.0,2,25.926253,203394.348482,203394.348482,6161412.1389655,16746058.5212715,980620.1113336,18249926.8701066,124096390.6931666,50,0,3
Z1,0,9,720,32816.0,0.172283,190477.296077,190784.0,1.0,2,29.464354,214487.843061,214487.843061,6161412.1389655,16746058.5212715,980620.1113336,18249926.8701066,124096390.6931666,50,0,3
Z2,0,9,720,7496.0,0.173018,43324.971968,43328.0,1.0,2,29.464354,185057.378239,185057.378239,6161412.1389655,16746058.5212715,980620.1113336,18249926.8701066,124096390.6931666,50,0,3
Z2,1,9,720,16056.0,0.050921,315311.953811,321120.0,1.0,2,29.464354,239454.774608,239454.774608,6161412.1389655,16746058.5212715,980620.1113336,18249926.8701066,124096390.6931666,50,0,3
Z2,2,9,720,24464.0,0.051009,479601.638926,479680.0,1.0,2,29.464354,272312.711631,272312.711631,6161412.1389655,16746058.5212715,980620.1113336,18249926.8701066,124096390.6931666,50,0,3
Z2,3,9,720,26344.0,0.051047,516073.422532,516544.0,1.0,2,29.464354,279607.068352,279607.068352,6161412.1389655,16746058.5212715,980620.1113336,18249926.8701066,124096390.6931666,50,0,3
Z2,4,9,720,23952.0,0.05106,469095.182139,469640.0,1.0,2,29.464354,270211.420273,270211.420273,6161412.1389655,16746058.5212715,980620.1113336,18249926.8701066,124096390.6931666,50,0,3
Z2,5,9,720,36648.0,0.051123,716859.339241,718584.0,1.0,2,29.464354,319764.251694,319764.251694,6161412.1389655,16746058.5212715,980620.1113336,18249926.8701066,124096390.6931666,50,0,3
Z2,6,9,720,11344.0,0.051031,222296.251298,222424.0,1.0,2,29.464354,220851.634105,220851.634105,6161412.1389655,16746058.5212715,980620.1113336,18249926.8701066,124096390.6931666,50,0,3
Z2,7,9,720,15808.0,0.050938,310338.058031,316160.0,1.0,2,29.464354,238459.995452,238459.995452,6161412.1389655,16746058.5212715,980620.1113336,18249926.8701066,124096390.6931666,50,0,3
Z3,0,9,720,6624.0,0.172516,38396.438591,38504.0,1.0,2,29.464354,184071.671564,184071.671564,6161412.1389655,16746058.5212715,980620.1113336,18249926.8701066,124096390.6931666,50,0,3
Z3,1,9,720,6752.0,0.050928,132579.327678,135040.0,1.0,2,29.464354,202908.249381,202908.249381,6161412.1389655,16746058.5212715,980620.1113336,18249926.8701066,124096390.6931666,50,0,3
Z3,2,9,720,9824.0,0.050993,192653.893672,196480.0,1.0,2,29.464354,214923.16258,214923.16258,6161412.1389655,16746058.5212715,980620.1113336,18249926.8701066,124096390.6931666,50,0,3
Z3,3,9,720,8640.0,0.050845,169928.213197,172800.0,1.0,2,29.464354,210378.026485,210378.026485,6161412.1389655,16746058.5212715,980620.1113336,18249926.8701066,124096390.6931666,50,0,3
Z3,4,9,720,7248.0,0.050951,142254.322781,144960.0,1.0,2,29.464354,204843.248402,204843.248402,6161412.1389655,16746058.5212715,980620.1113336,18249926.8701066,124096390.6931666,50,0,3
Z3,5,9,720,8336.0,0.050932,163669.206,166720.0,1.0,2,29.464354,209126.225046,209126.225046,6161412.1389655,16746058.5212715,980620.1113336,18249926.8701066,124096390.6931666,50,0,3
Z3,6,9,720,9640.0,0.050974,189116.019932,192800.0,1.0,2,29.464354,214215.587832,214215.587832,6161412.1389655,16746058.5212715,980620.1113336,18249926.8701066,124096390.6931666,50,0,3
Z3,7,9,720,10312.0,0.050974,202299.211363,206240.0,1.0,2,29.464354,216852.226118,216852.226118,6161412.1389655,16746058.5212715,980620.1113336,18249926.8701066,124096390.6931666,50,0,3
Z3,8,9,720,21208.0,0.051024,415647.538413,415840.0,1.0,2,29.464354,259521.891528,259521.891528,6161412.1389655,16746058.5212715,980620.1113336,18249926.8701066,124096390.6931666,50,0,3
Z3,9,9,720,8000.0,0.050893,157192.541214,160000.0,1.0,2,29.464354,207830.892088,207830.892088,6161412.1389655,16746058.5212715,980620.1113336,18249926.8701066,124096390.6931666,50,0,3
Z3,10,9,720,6776.0,0.05095,132993.13052,135520.0,1.0,2,29.464354,202991.00995,202991.00995,6161412.1389655,16746058.5212715,980620.1113336,18249926.8701066,124096390.6931666,50,0,3
Z3,11,9,720,7696.0,0.050955,151035.227161,153920.0,1.0,2,29.464354,206599.429278,206599.429278,6161412.1389655,16746058.5212715,980620.1113336,18249926.8701066,124096390.6931666,50,0,3
Z3,12,9,720,16880.0,0.213763,78965.957626,79248.0,1.0,2,29.464354,192185.575371,192185.575371,6161412.1389655,16746058.5212715,980620.1113336,18249926.8701066,124096390.6931666,50,0,3
Z3,13,9,720,23240.0,0.051026,455454.082233,455680.0,1.0,2,29.464354,267483.200292,267483.200292,6161412.1389655,16746058.5212715,980620.1113336,18249926.8701066,124096390.6931666,50,0,3
Z3,14,9,720,21680.0,0.051053,424656.729281,425096.0,1.0,2,29.464354,261323.729702,261323.729702,6161412.1389655,16746058.5212715,980620.1113336,18249926.8701066,124096390.6931666,50,0,3
Z3,15,9,720,16096.0,0.05109,315051.86925,315600.0,1.0,2,29.464354,239402.757696,239402.757696,6161412.1389655,16746058.5212715,980620.1113336,18249926.8701066,124096390.6931666,50,0,3
Z3,16,9,720,39872.0,0.051155,779435.050337,781800.0,1.0,2,29.464354,332279.393913,332279.393913,6161412.1389655,16746058.5212715,980620.1113336,18249926.8701066,124096390.6931666,50,0,3
Z3,17,9,720,46392.0,0.051183,906394.701366,909640.0,1.0,2,29.464354,357671.324119,357671.324119,6161412.1389655,16746058.5212715,980620.1113336,18249926.8701066,124096390.6931666,50,0,3
Z3,18,9,720,26168.0,0.051097,512123.999452,513096.0,1.0,2,29.464354,278817.183736,278817.183736,6161412.1389655,16746058.5212715,980620.1113336,18249926.8701066,124096390.6931666,50,0,3
Z3,19,9,720,48816.0,0.051212,953214.090448,957176.0,1.0,2,29.464354,367035.201935,367035.201935,6161412.1389655,16746058.5212715,980620.1113336,18249926.8701066,124096390.6931666,50,0,3
Z3,20,9,720,38664.0,0.051147,755938.764737,758112.0,1.0,2,29.464354,327580.136793,327580.136793,6161412.1389655,16746058.5212715,980620.1113336,18249926.8701066,124096390.6931666,50,0,3
Z3,21,9,720,19912.0,0.051058,389987.856947,390424.0,1.0,2,29.464354,254389.955235,254389.955235,6161412.1389655,16746058.5212715,980620.1113336,18249926.8701066,124096390.6931666,50,0,3
Z3,22,9,720,61688.0,0.051185,1205196.83501,1209568.0,1.0,2,29.464354,417431.750848,417431.750848,6161412.1389655,16746058.5212715,980620.1113336,18249926.8701066,124096390.6931666,50,0,3
Z3,23,9,720,59200.0,0.05126,1154896.60554,1160784.0,1.0,2,29.464354,407371.704954,407371.704954,6161412.1389655,16746058.5212715,980620.1113336,18249926.8701066,124096390.6931666,50,0,3
Z3,24,9,720,41064.0,0.051164,802595.575014,805176.0,1.0,2,29.464354,336911.498848,336911.498848,6161412.1389655,16746058.5212715,980620.1113336,18249926.8701066,124096390.6931666,50,0,3
Z3,25,9,720,55576.0,0.051195,1085574.76316,1089720.0,1.0,2,29.464354,393507.336478,393507.336478,6161412.1389655,16746058.5212715,980620.1113336,18249926.8701066,124096390.6931666,50,0,3
Z3,26,9,720,50200.0,0.051251,979493.083062,984312.0,1.0,2,29.464354,372291.000458,372291.000458,6161412.1389655,16746058.5212715,980620.1113336,18249926.8701066,124096390.6931666,50,0,3
Z3,27,9,720,30056.0,0.051017,589136.954349,589328.0,1.0,2,29.464354,294219.774715,294219.774715,6161412.1389655,16746058.5212715,980620.1113336,18249926.8701066,124096390.6931666,50,0,3
Z3,28,9,720,59504.0,0.051248,1161098.969716,1166744.0,1.0,2,29.464354,408612.177789,408612.177789,6161412.1389655,16746058.5212715,980620.1113336,18249926.8701066,124096390.6931666,50,0,3
Z3,29,9,720,65232.0,0.051224,1273465.563017,1279056.0,1.0,2,29.464354,431085.496449,431085.496449,6161412.1389655,16746058.5212715,980620.1113336,18249926.8701066,124096390.6931666,50,0,3
Z3,30,9,720,8856.0,0.311527,28427.712526,28472.0,1.0,2,29.464354,182077.926351,182077.926351,6161412.1389655,16746058.5212715,980620.1113336,18249926.8701066,124096390.6931666,50,0,3
Z3,31,9,720,14088.0,0.051009,276186.555314,276232.0,1.0,2,29.464354,231629.694908,231629.694908,6161412.1389655,16746058.5212715,980620.1113336,18249926.8701066,124096390.6931666,50,0,3
Z3,32,9,720,15104.0,0.051004,296133.636578,296152.0,1.0,2,29.464354,235619.111161,235619.111161,6161412.1389655,16746058.5212715,980620.1113336,18249926.8701066,124096390.6931666,50,0,3
Z3,33,9,720,11784.0,0.050884,231585.567172,235680.0,1.0,2,29.464354,222709.49728,222709.49728,6161412.1389655,16746058.5212715,980620.1113336,18249926.8701066,124096390.6931666,50,0,3
Z3,34,9,720,18496.0,0.051148,361617.267537,362664.0,1.0,2,29.464354,248715.837353,248715.837353,6161412.1389655,16746058.5212715,980620.1113336,18249926.8701066,124096390.6931666,50,0,3
Z3,35,9,720,22376.0,0.051076,438092.254679,438744.0,1.0,2,29.464354,264010.834781,264010.834781,6161412.1389655,16746058.5212715,980620.1113336,18249926.8701066,124096390.6931666,50,0,3
Z3,36,9,720,8792.0,0.051014,172344.846513,172392.0,1.0,2,29.464354,210861.353148,210861.353148,6161412.1389655,16746058.5212715,980620.1113336,18249926.8701066,124096390.6931666,50,0,3
Z3,37,9,720,19464.0,0.051358,378986.720667,381640.0,1.0,2,29.464354,252189.727979,252189.727979,6161412.1389655,16746058.5212715,980620.1113336,18249926.8701066,124096390.6931666,50,0,3
Z3,38,9,720,20360.0,0.051098,398450.037183,399208.0,1.0,2,29.464354,256082.391282,256082.391282,6161412.1389655,16746058.5212715,980620.1113336,18249926.8701066,124096390.6931666,50,0,3
Z1,0,10,720,35840.0,0.172845,207353.409124,208368.0,1.0,2,32.710508,247037.649597,247037.649597,6161412.1389655,16746058.5212715,980620.1113336,18249926.8701066,124096390.6931666,50,0,3
Z2,0,10,720,6624.0,0.250425,26451.033243,26496.0,1.0,2,32.710508,210857.174421,210857.174421,6161412.1389655,16746058.5212715,980620.1113336,18249926.8701066,124096390.6931666,50,0,3
Z2,1,10,720,7008.0,0.050808,137931.034483,140160.0,1.0,2,32.710508,233153.174669,233153.174669,6161412.1389655,16746058.5212715,980620.1113336,18249926.8701066,124096390.6931666,50,0,3
Z2,2,10,720,7480.0,0.050851,147096.418949,149600.0,1.0,2,32.710508,234986.251563,234986.251563,6161412.1389655,16746058.5212715,980620.1113336,18249926.8701066,124096390.6931666,50,0,3
Z2,3,10,720,7832.0,0.050881,153927.7923,156640.0,1.0,2,32.710508,236352.526233,236352.526233,6161412.1389655,16746058.5212715,980620.1113336,18249926.8701066,124096390.6931666,50,0,3
Z2,4,10,720,29728.0,0.050951,583462.542443,594560.0,1.0,2,32.710508,322259.476261,322259.476261,6161412.1389655,16746058.5212715,980620.1113336,18249926.8701066,124096390.6931666,50,0,3
Z2,5,10,720,35136.0,0.051019,688684.607695,688936.0,1.0,2,32.710508,343303.889312,343303.889312,6161412.1389655,16746058.5212715,980620.1113336,18249926.8701066,124096390.6931666,50,0,3
Z2,6,10,720,23040.0,0.050973,452004.002119,460800.0,1.0,2,32.710508,295967.768196,295967.768196,6161412.1389655,16746058.5212715,980620.1113336,18249926.8701066,124096390.6931666,50,0,3
Z2,7,10,720,35840.0,0.050894,704208.747593,716800.0,1.0,2,32.710508,346408.717291,346408.717291,6161412.1389655,16746058.5212715,980620.1113336,18249926.8701066,124096390.6931666,50,0,3
Z3,0,10,720,6840.0,0.172065,39752.419144,39760.0,1.0,2,32.710508,213517.451602,213517.451602,6161412.1389655,16746058.5212715,980620.1113336,18249926.8701066,124096390.6931666,50,0,3
Z3,1,10,720,22064.0,0.050934,433188.047277,441280.0,1.0,2,32.710508,292204.577228,292204.577228,6161412.1389655,16746058.5212715,980620.1113336,18249926.8701066,124096390.6931666,50,0,3
Z3,2,10,720,15312.0,0.051018,300129.366106,300232.0,1.0,2,32.710508,265592.840994,265592.840994,6161412.1389655,16746058.5212715,980620.1113336,18249926.8701066,124096390.6931666,50,0,3
Z3,3,10,720,7752.0,0.050967,152098.416623,155040.0,1.0,2,32.710508,235986.651097,235986.651097,6161412.1389655,16746058.5212715,980620.1113336,18249926.8701066,124096390.6931666,50,0,3
Z3,4,10,720,11432.0,0.050967,224301.999333,228640.0,1.0,2,32.710508,250427.367639,250427.367639,6161412.1389655,16746058.5212715,980620.1113336,18249926.8701066,124096390.6931666,50,0,3
Z3,5,10,720,17232.0,0.050961,338140.9313,344640.0,1.0,2,32.710508,273195.154033,273195.154033,6161412.1389655,16746058.5212715,980620.1113336,18249926.8701066,124096390.6931666,50,0,3
Z3,6,10,720,23328.0,0.051,457411.764706,457408.0,1.0,2,32.710508,297049.320714,297049.320714,6161412.1389655,16746058.5212715,980620.1113336,18249926.8701066,124096390.6931666,50,0,3
Z3,7,10,720,18496.0,0.050944,363065.326633,369920.0,1.0,2,32.710508,278180.033099,278180.033099,6161412.1389655,16746058.5212715,980620.1113336,18249926.8701066,124096390.6931666,50,0,3
Z3,8,10,720,7968.0,0.050815,156804.09328,159360.0,1.0,2,32.710508,236927.786429,236927.786429,6161412.1389655,16746058.5212715,980620.1113336,18249926.8701066,124096390.6931666,50,0,3
Z3,9,10,720,19568.0,0.050956,384017.583798,391360.0,1.0,2,32.710508,282370.484532,282370.484532,6161412.1389655,16746058.5212715,980620.1113336,18249926.8701066,124096390.6931666,50,0,3
Z3,10,10,720,36064.0,0.051034,706666.144139,707136.0,1.0,2,32.710508,346900.196601,346900.196601,6161412.1389655,16746058.5212715,980620.1113336,18249926.8701066,124096390.6931666,50,0,3
Z3,11,10,720,29248.0,0.050968,573850.258986,584960.0,1.0,2,32.710508,320337.01957,320337.01957,6161412.1389655,16746058.5212715,980620.1113336,18249926.8701066,124096390.6931666,50,0,3
Z3,12,10,720,24216.0,0.050847,476252.286271,484320.0,1.0,2,32.710508,300817.425027,300817.425027,6161412.1389655,16746058.5212715,980620.1113336,18249926.8701066,124096390.6931666,50,0,3
Z3,13,10,720,54424.0,0.051222,1062512.201788,1067136.0,1.0,2,32.710508,418069.40813,418069.40813,6161412.1389655,16746058.5212715,980620.1113336,18249926.8701066,124096390.6931666,50,0,3
Z3,14,10,720,56832.0,0.051086,1112476.999569,1114352.0,1.0,2,32.710508,428062.367687,428062.367687,6161412.1389655,16746058.5212715,980620.1113336,18249926.8701066,124096390.6931666,50,0,3
Z3,15,10,720,29576.0,0.050873,581369.292159,591520.0,1.0,2,32.710508,321840.826205,321840.826205,6161412.1389655,16746058.5212715,980620.1113336,18249926.8701066,124096390.6931666,50,0,3
Z3,16,10,720,52328.0,0.050971,1026622.981695,1046560.0,1.0,2,32.710508,410891.564112,410891.564112,6161412.1389655,16746058.5212715,980620.1113336,18249926.8701066,124096390.6931666,50,0,3
Z3,17,10,720,52840.0,0.051017,1035733.186977,1036072.0,1.0,2,32.710508,412713.605168,412713.605168,6161412.1389655,16746058.5212715,980620.1113336,18249926.8701066,124096390.6931666,50,0,3
Z3,18,10,720,23160.0,0.050917,454857.906004,463200.0,1.0,2,32.710508,296538.548974,296538.548974,6161412.1389655,16746058.5212715,980620.1113336,18249926.8701066,124096390.6931666,50,0,3
Z3,19,10,720,77048.0,0.051115,1507346.180182,1510744.0,1.0,2,32.710508,507036.203809,507036.203809,6161412.1389655,16746058.5212715,980620.1113336,18249926.8701066,124096390.6931666,50,0,3
Z3,20,10,720,68968.0,0.051163,1348005.394523,1352312.0,1.0,2,32.710508,475168.046677,475168.046677,6161412.1389655,16746058.5212715,980620.1113336,18249926.8701066,124096390.6931666,50,0,3
Z3,21,10,720,52224.0,0.051001,1023979.921962,1024000.0,1.0,2,32.710508,410362.952165,410362.952165,6161412.1389655,16746058.5212715,980620.1113336,18249926.8701066,124096390.6931666,50,0,3
Z3,22,10,720,76384.0,0.051169,1492778.830933,1497720.0,1.0,2,32.710508,504122.733959,504122.733959,6161412.1389655,16746058.5212715,980620.1113336,18249926.8701066,124096390.6931666,50,0,3
Z3,23,10,720,57512.0,0.051046,1126670.062297,1127680.0,1.0,2,32.710508,430900.980232,430900.980232,6161412.1389655,16746058.5212715,980620.1113336,18249926.8701066,124096390.6931666,50,0,3
Z3,24,10,720,35600.0,0.050969,698463.772097,712000.0,1.0,2,32.710508,345259.722192,345259.722192,6161412.1389655,16746058.5212715,980620.1113336,18249926.8701066,124096390.6931666,50,0,3
Z3,25,10,720,72816.0,0.051175,1422882.266732,1427760.0,1.0,2,32.710508,490143.421119,490143.421119,6161412.1389655,16746058.5212715,980620.1113336,18249926.8701066,124096390.6931666,50,0,3
Z3,26,10,720,93600.0,0.152427,614064.437403,615784.0,1.0,2,32.710508,328379.855253,328379.855253,6161412.1389655,16746058.5212715,980620.1113336,18249926.8701066,124096390.6931666,50,0,3
Z3,27,10,720,43888.0,0.051064,859470.468432,860544.0,1.0,2,32.710508,377461.061459,377461.061459,6161412.1389655,16746058.5212715,980620.1113336,18249926.8701066,124096390.6931666,50,0,3
Z3,28,10,720,13072.0,0.050914,256746.670857,261440.0,1.0,2,32.710508,256916.301944,256916.301944,6161412.1389655,16746058.5212715,980620.1113336,18249926.8701066,124096390.6931666,50,0,3
Z3,29,10,720,20608.0,0.050837,405374.038594,412160.0,1.0,2,32.710508,286641.775492,286641.775492,6161412.1389655,16746058.5212715,980620.1113336,18249926.8701066,124096390.6931666,50,0,3
Z3,30,10,720,22584.0,0.050886,443815.587784,451680.0,1.0,2,32.710508,294330.08533,294330.08533,6161412.1389655,16746058.5212715,980620.1113336,18249926.8701066,124096390.6931666,50,0,3
Z3,31,10,720,14712.0,0.050882,289139.577847,294240.0,1.0,2,32.710508,263394.883342,263394.883342,6161412.1389655,16746058.5212715,980620.1113336,18249926.8701066,124096390.6931666,50,0,3
Z3,32,10,720,20512.0,0.050972,402417.013262,410240.0,1.0,2,32.710508,286050.370425,286050.370425,6161412.1389655,16746058.5212715,980620.1113336,18249926.8701066,124096390.6931666,50,0,3
Z3,33,10,720,17992.0,0.214028,84063.767358,84072.0,1.0,2,32.710508,222379.721244,222379.721244,6161412.1389655,16746058.5212715,980620.1113336,18249926.8701066,124096390.6931666,50,0,3
Z3,34,10,720,11464.0,0.051016,224713.815274,224784.0,1.0,2,32.710508,250509.730827,250509.730827,6161412.1389655,16746058.5212715,980620.1113336,18249926.8701066,124096390.6931666,50,0,3
Z3,35,10,720,22376.0,0.051023,438547.321796,438744.0,1.0,2,32.710508,293276.432132,293276.432132,6161412.1389655,16746058.5212715,980620.1113336,18249926.8701066,124096390.6931666,50,0,3
Z3,36,10,720,29088.0,0.050991,570453.60946,581760.0,1.0,2,32.710508,319657.689665,319657.689665,6161412.1389655,16746058.5212715,980620.1113336,18249926.8701066,124096390.6931666,50,0,3
Z3,37,10,720,17936.0,0.050863,352633.545013,358720.0,1.0,2,32.710508,276093.676775,276093.676775,6161412.1389655,16746058.5212715,980620.1113336,18249926.8701066,124096390.6931666,50,0,3
Z3,38,10,720,24920.0,0.05097,488915.048067,498400.0,1.0,2,32.710508,303349.977386,303349.977386,6161412.1389655,16746058.5212715,980620.1113336,18249926.8701066,124096390.6931666,50,0,3
