Zone, Tile_no, Seg_no, Reso, Seg_d_size, Seg_d_time, Bitrate, Bitrate1, Buf_lev, Buf_limit, Elapsed, Ref_vp, Local_avg
Z1, 0, 1, 720, 9960.000000, 0.018897, 527067.788538, 553328.000000, 1.000000, 2, 0.000066, 527067.788538, 527067.788538
Z2, 0, 1, 720, 8952.000000, 0.020502, 436640.327773, 447600.000000, 1.000000, 2, 0.000066, 218320.163886, 218320.163886
Z2, 1, 1, 720, 5424.000000, 0.000844, 6426540.284360, 5424000.000000, 1.000000, 2, 0.000066, 2142180.094787, 2142180.094787
Z2, 2, 1, 720, 7080.000000, 0.000844, 8388625.592417, 7080000.000000, 1.000000, 2, 0.000066, 2097156.398104, 2097156.398104
Z2, 3, 1, 720, 18976.000000, 0.001054, 18003795.066414, 18976000.000000, 1.000000, 2, 0.000066, 3600759.013283, 3600759.013283
Z2, 4, 1, 720, 8720.000000, 0.000795, 10968553.459119, 8720000.000000, 1.000000, 2, 0.000066, 2193710.691824, 2193710.691824
Z2, 5, 1, 720, 8336.000000, 0.001007, 8278053.624628, 8336000.000000, 1.000000, 2, 0.000066, 1655610.724926, 1655610.724926
Z2, 6, 1, 720, 6376.000000, 0.001016, 6275590.551181, 6376000.000000, 1.000000, 2, 0.000066, 1255118.110236, 1255118.110236
Z2, 7, 1, 720, 6872.000000, 0.001077, 6380687.093779, 6872000.000000, 1.000000, 2, 0.000066, 1276137.418756, 1276137.418756
Z3, 0, 1, 720, 7080.000000, 0.020665, 342608.274861, 354000.000000, 1.000000, 2, 0.000066, 68521.654972, 68521.654972
Z3, 1, 1, 720, 7080.000000, 0.001067, 6635426.429241, 7080000.000000, 1.000000, 2, 0.000066, 1327085.285848, 1327085.285848
Z3, 2, 1, 720, 5664.000000, 0.001002, 5652694.610778, 5664000.000000, 1.000000, 2, 0.000066, 1130538.922156, 1130538.922156
Z3, 3, 1, 720, 7080.000000, 0.001133, 6248896.734334, 7080000.000000, 1.000000, 2, 0.000066, 1249779.346867, 1249779.346867
Z3, 4, 1, 720, 7080.000000, 0.000923, 7670639.219935, 7080000.000000, 1.000000, 2, 0.000066, 1534127.843987, 1534127.843987
Z3, 5, 1, 720, 5664.000000, 0.001214, 4665568.369028, 5664000.000000, 1.000000, 2, 0.000066, 933113.673806, 933113.673806
Z3, 6, 1, 720, 7080.000000, 0.000852, 8309859.154930, 7080000.000000, 1.000000, 2, 0.000066, 1661971.830986, 1661971.830986
Z3, 7, 1, 720, 7080.000000, 0.000990, 7151515.151515, 7080000.000000, 1.000000, 2, 0.000066, 1430303.030303, 1430303.030303
Z3, 8, 1, 720, 5664.000000, 0.000965, 5869430.051813, 5664000.000000, 1.000000, 2, 0.000066, 1173886.010363, 1173886.010363
Z3, 9, 1, 720, 7080.000000, 0.001164, 6082474.226804, 7080000.000000, 1.000000, 2, 0.000066, 1216494.845361, 1216494.845361
Z3, 10, 1, 720, 12904.000000, 0.001621, 7960518.198643, 12904000.000000, 1.000000, 2, 0.000066, 1592103.639729, 1592103.639729
Z3, 11, 1, 720, 17344.000000, 0.001166, 14874785.591767, 17344000.000000, 1.000000, 2, 0.000066, 2974957.118353, 2974957.118353
Z3, 12, 1, 720, 16912.000000, 0.001189, 14223717.409588, 16912000.000000, 1.000000, 2, 0.000066, 2844743.481918, 2844743.481918
Z3, 13, 1, 720, 13240.000000, 0.001234, 10729335.494327, 13240000.000000, 1.000000, 2, 0.000066, 2145867.098865, 2145867.098865
Z3, 14, 1, 720, 28328.000000, 0.001013, 27964461.994077, 28328000.000000, 1.000000, 2, 0.000066, 5592892.398815, 5592892.398815
Z3, 15, 1, 720, 30528.000000, 0.001330, 22953383.458647, 30528000.000000, 1.000000, 2, 0.000066, 4590676.691729, 4590676.691729
Z3, 16, 1, 720, 16360.000000, 0.000923, 17724810.400867, 16360000.000000, 1.000000, 2, 0.000066, 3544962.080173, 3544962.080173
Z3, 17, 1, 720, 33216.000000, 0.001344, 24714285.714286, 33216000.000000, 1.000000, 2, 0.000066, 4942857.142857, 4942857.142857
Z3, 18, 1, 720, 28000.000000, 0.001076, 26022304.832714, 28000000.000000, 1.000000, 2, 0.000066, 5204460.966543, 5204460.966543
Z3, 19, 1, 720, 15744.000000, 0.001016, 15496062.992126, 15744000.000000, 1.000000, 2, 0.000066, 3099212.598425, 3099212.598425
Z3, 20, 1, 720, 16024.000000, 0.001147, 13970357.454228, 16024000.000000, 1.000000, 2, 0.000066, 2794071.490846, 2794071.490846
Z3, 21, 1, 720, 11576.000000, 0.001342, 8625931.445604, 11576000.000000, 1.000000, 2, 0.000066, 1725186.289121, 1725186.289121
Z3, 22, 1, 720, 10816.000000, 0.001180, 9166101.694915, 10816000.000000, 1.000000, 2, 0.000066, 1833220.338983, 1833220.338983
Z3, 23, 1, 720, 13224.000000, 0.001239, 10673123.486683, 13224000.000000, 1.000000, 2, 0.000066, 2134624.697337, 2134624.697337
Z3, 24, 1, 720, 17528.000000, 0.000901, 19453940.066593, 17528000.000000, 1.000000, 2, 0.000066, 3890788.013319, 3890788.013319
Z3, 25, 1, 720, 23824.000000, 0.000930, 25617204.301075, 23824000.000000, 1.000000, 2, 0.000066, 5123440.860215, 5123440.860215
Z3, 26, 1, 720, 11024.000000, 0.000942, 11702760.084926, 11024000.000000, 1.000000, 2, 0.000066, 2340552.016985, 2340552.016985
Z3, 27, 1, 720, 15112.000000, 0.000675, 22388148.148148, 15112000.000000, 1.000000, 2, 0.000066, 4477629.629630, 4477629.629630
Z3, 28, 1, 720, 24552.000000, 0.000853, 28783118.405627, 24552000.000000, 1.000000, 2, 0.000066, 5756623.681125, 5756623.681125
Z3, 29, 1, 720, 10824.000000, 0.000818, 13232273.838631, 10824000.000000, 1.000000, 2, 0.000066, 2646454.767726, 2646454.767726
Z3, 30, 1, 720, 6872.000000, 0.000687, 10002911.208151, 6872000.000000, 1.000000, 2, 0.000066, 2000582.241630, 2000582.241630
Z3, 31, 1, 720, 6872.000000, 0.000753, 9126162.018592, 6872000.000000, 1.000000, 2, 0.000066, 1825232.403718, 1825232.403718
Z3, 32, 1, 720, 6376.000000, 0.000752, 8478723.404255, 6376000.000000, 1.000000, 2, 0.000066, 1695744.680851, 1695744.680851
Z3, 33, 1, 720, 6872.000000, 0.000765, 8983006.535948, 6872000.000000, 1.000000, 2, 0.000066, 1796601.307190, 1796601.307190
Z3, 34, 1, 720, 6872.000000, 0.000754, 9114058.355438, 6872000.000000, 1.000000, 2, 0.000066, 1822811.671088, 1822811.671088
Z3, 35, 1, 720, 6376.000000, 0.000798, 7989974.937343, 6376000.000000, 1.000000, 2, 0.000066, 1597994.987469, 1597994.987469
Z3, 36, 1, 720, 6872.000000, 0.000758, 9065963.060686, 6872000.000000, 1.000000, 2, 0.000066, 1813192.612137, 1813192.612137
Z3, 37, 1, 720, 6872.000000, 0.000750, 9162666.666667, 6872000.000000, 1.000000, 2, 0.000066, 1832533.333333, 1832533.333333
Z3, 38, 1, 720, 6376.000000, 0.000896, 7116071.428571, 6376000.000000, 1.000000, 2, 0.000066, 1423214.285714, 1423214.285714
Z1, 0, 2, 4K, 33112.000000, 0.023037, 1437339.931415, 1439648.000000, 1.889761, 2, 0.110305, 1710682.271997, 1710682.271997
Z2, 0, 2, 4K, 6624.000000, 0.024238, 273289.875402, 276000.000000, 1.889761, 2, 0.110305, 1477872.260795, 1477872.260795
Z2, 1, 2, 4K, 9736.000000, 0.000878, 11088838.268793, 9736000.000000, 1.889761, 2, 0.110305, 3640981.939473, 3640981.939473
Z2, 2, 2, 4K, 9976.000000, 0.001069, 9332086.061740, 9976000.000000, 1.889761, 2, 0.110305, 3289631.498062, 3289631.498062
Z2, 3, 2, 4K, 38152.000000, 0.001287, 29644133.644134, 38152000.000000, 1.889761, 2, 0.110305, 7352041.014541, 7352041.014541
Z2, 4, 2, 4K, 53912.000000, 0.001062, 50764595.103578, 53912000.000000, 1.889761, 2, 0.110305, 11576133.306430, 11576133.306430
Z2, 5, 2, 4K, 24608.000000, 0.001004, 24509960.159363, 24608000.000000, 1.889761, 2, 0.110305, 6325206.317587, 6325206.317587
Z2, 6, 2, 4K, 10280.000000, 0.000824, 12475728.155340, 10280000.000000, 1.889761, 2, 0.110305, 3918359.916782, 3918359.916782
Z2, 7, 2, 4K, 10280.000000, 0.000951, 10809674.027340, 10280000.000000, 1.889761, 2, 0.110305, 3585149.091182, 3585149.091182
Z3, 0, 2, 4K, 9976.000000, 0.023969, 416204.263841, 433736.000000, 1.889761, 2, 0.110305, 1506455.138482, 1506455.138482
Z3, 1, 2, 4K, 9976.000000, 0.000874, 11414187.643021, 9976000.000000, 1.889761, 2, 0.110305, 3706051.814318, 3706051.814318
Z3, 2, 2, 4K, 9976.000000, 0.001177, 8475785.896347, 9976000.000000, 1.889761, 2, 0.110305, 3118371.464984, 3118371.464984
Z3, 3, 2, 4K, 9976.000000, 0.000859, 11613504.074505, 9976000.000000, 1.889761, 2, 0.110305, 3745915.100615, 3745915.100615
Z3, 4, 2, 4K, 9976.000000, 0.000852, 11708920.187793, 9976000.000000, 1.889761, 2, 0.110305, 3764998.323273, 3764998.323273
Z3, 5, 2, 4K, 9976.000000, 0.000774, 12888888.888889, 9976000.000000, 1.889761, 2, 0.110305, 4000992.063492, 4000992.063492
Z3, 6, 2, 4K, 9976.000000, 0.000876, 11388127.853881, 9976000.000000, 1.889761, 2, 0.110305, 3700839.856491, 3700839.856491
Z3, 7, 2, 4K, 9976.000000, 0.000758, 13160949.868074, 9976000.000000, 1.889761, 2, 0.110305, 4055404.259329, 4055404.259329
Z3, 8, 2, 4K, 9976.000000, 0.001034, 9647969.052224, 9976000.000000, 1.889761, 2, 0.110305, 3352808.096159, 3352808.096159
Z3, 9, 2, 4K, 9976.000000, 0.000972, 10263374.485597, 9976000.000000, 1.889761, 2, 0.110305, 3475889.182834, 3475889.182834
Z3, 10, 2, 4K, 40320.000000, 0.000867, 46505190.311419, 40320000.000000, 1.889761, 2, 0.110305, 10724252.347998, 10724252.347998
Z3, 11, 2, 4K, 25056.000000, 0.001037, 24162005.785921, 25056000.000000, 1.889761, 2, 0.110305, 6255615.442898, 6255615.442898
Z3, 12, 2, 4K, 28696.000000, 0.000976, 29401639.344262, 28696000.000000, 1.889761, 2, 0.110305, 7303542.154567, 7303542.154567
Z3, 13, 2, 4K, 25792.000000, 0.001241, 20783239.323127, 25792000.000000, 1.889761, 2, 0.110305, 5579862.150340, 5579862.150340
Z3, 14, 2, 4K, 40168.000000, 0.001088, 36919117.647059, 40168000.000000, 1.889761, 2, 0.110305, 8807037.815126, 8807037.815126
Z3, 15, 2, 4K, 41448.000000, 0.001251, 33131894.484412, 41448000.000000, 1.889761, 2, 0.110305, 8049593.182597, 8049593.182597
Z3, 16, 2, 4K, 44560.000000, 0.001172, 38020477.815700, 44560000.000000, 1.889761, 2, 0.110305, 9027309.848854, 9027309.848854
Z3, 17, 2, 4K, 39312.000000, 0.001219, 32249384.741591, 39312000.000000, 1.889761, 2, 0.110305, 7873091.234033, 7873091.234033
Z3, 18, 2, 4K, 31560.000000, 0.001058, 29829867.674858, 31560000.000000, 1.889761, 2, 0.110305, 7389187.820686, 7389187.820686
Z3, 19, 2, 4K, 29312.000000, 0.000881, 33271282.633371, 29312000.000000, 1.889761, 2, 0.110305, 8077470.812389, 8077470.812389
Z3, 20, 2, 4K, 35968.000000, 0.000912, 39438596.491228, 35968000.000000, 1.889761, 2, 0.110305, 9310933.583960, 9310933.583960
Z3, 21, 2, 4K, 35592.000000, 0.001010, 35239603.960396, 35592000.000000, 1.889761, 2, 0.110305, 8471135.077793, 8471135.077793
Z3, 22, 2, 4K, 42440.000000, 0.001142, 37162872.154116, 42440000.000000, 1.889761, 2, 0.110305, 8855788.716537, 8855788.716537
Z3, 23, 2, 4K, 61624.000000, 0.001292, 47696594.427245, 61624000.000000, 1.889761, 2, 0.110305, 10962533.171163, 10962533.171163
Z3, 24, 2, 4K, 64952.000000, 0.001177, 55184367.034834, 64952000.000000, 1.889761, 2, 0.110305, 12460087.692681, 12460087.692681
Z3, 25, 2, 4K, 73400.000000, 0.001017, 72173058.013766, 73400000.000000, 1.889761, 2, 0.110305, 15857825.888467, 15857825.888467
Z3, 26, 2, 4K, 52792.000000, 0.001309, 40330022.918258, 52792000.000000, 1.889761, 2, 0.110305, 9489218.869366, 9489218.869366
Z3, 27, 2, 4K, 67272.000000, 0.001079, 62346617.238183, 67272000.000000, 1.889761, 2, 0.110305, 13892537.733351, 13892537.733351
Z3, 28, 2, 4K, 64968.000000, 0.001231, 52776604.386677, 64968000.000000, 1.889761, 2, 0.110305, 11978535.163050, 11978535.163050
Z3, 29, 2, 4K, 52408.000000, 0.001020, 51380392.156863, 52408000.000000, 1.889761, 2, 0.110305, 11699292.717087, 11699292.717087
Z3, 30, 2, 4K, 10280.000000, 0.001085, 9474654.377880, 10280000.000000, 1.889761, 2, 0.110305, 3318145.161290, 3318145.161290
Z3, 31, 2, 4K, 10280.000000, 0.000953, 10786988.457503, 10280000.000000, 1.889761, 2, 0.110305, 3580611.977215, 3580611.977215
Z3, 32, 2, 4K, 10280.000000, 0.000779, 13196405.648267, 10280000.000000, 1.889761, 2, 0.110305, 4062495.415368, 4062495.415368
Z3, 33, 2, 4K, 10280.000000, 0.000801, 12833957.553059, 10280000.000000, 1.889761, 2, 0.110305, 3990005.796326, 3990005.796326
Z3, 34, 2, 4K, 10280.000000, 0.000911, 11284302.963776, 10280000.000000, 1.889761, 2, 0.110305, 3680074.878469, 3680074.878469
Z3, 35, 2, 4K, 10280.000000, 0.000903, 11384274.640089, 10280000.000000, 1.889761, 2, 0.110305, 3700069.213732, 3700069.213732
Z3, 36, 2, 4K, 10280.000000, 0.000824, 12475728.155340, 10280000.000000, 1.889761, 2, 0.110305, 3918359.916782, 3918359.916782
Z3, 37, 2, 4K, 10280.000000, 0.000968, 10619834.710744, 10280000.000000, 1.889761, 2, 0.110305, 3547181.227863, 3547181.227863
Z3, 38, 2, 4K, 10280.000000, 0.000858, 11981351.981352, 10280000.000000, 1.889761, 2, 0.110305, 3819484.681985, 3819484.681985
Z1, 0, 3, 4K, 37368.000000, 0.021122, 1769150.648613, 1779424.000000, 1.767438, 2, 0.232628, 4173314.811707, 4173314.811707
Z2, 0, 3, 4K, 6624.000000, 0.021170, 312895.606991, 315424.000000, 1.767438, 2, 0.232628, 3882063.803383, 3882063.803383
Z2, 1, 3, 4K, 9736.000000, 0.001034, 9415860.735010, 9736000.000000, 1.767438, 2, 0.232628, 5702656.828987, 5702656.828987
Z2, 2, 3, 4K, 9976.000000, 0.000837, 11918757.467145, 9976000.000000, 1.767438, 2, 0.232628, 6203236.175414, 6203236.175414
Z2, 3, 3, 4K, 41472.000000, 0.000927, 44737864.077670, 41472000.000000, 1.767438, 2, 0.232628, 12767057.497519, 12767057.497519
Z2, 4, 3, 4K, 64608.000000, 0.001130, 57175221.238938, 64608000.000000, 1.767438, 2, 0.232628, 15254528.929772, 15254528.929772
Z2, 5, 3, 4K, 26312.000000, 0.001092, 24095238.095238, 26312000.000000, 1.767438, 2, 0.232628, 8638532.301032, 8638532.301032
Z2, 6, 3, 4K, 10280.000000, 0.000968, 10619834.710744, 10280000.000000, 1.767438, 2, 0.232628, 5943451.624133, 5943451.624133
Z2, 7, 3, 4K, 10280.000000, 0.000938, 10959488.272921, 10280000.000000, 1.767438, 2, 0.232628, 6011382.336569, 6011382.336569
Z3, 0, 3, 4K, 9976.000000, 0.020383, 489427.464063, 498800.000000, 1.767438, 2, 0.232628, 3917370.174797, 3917370.174797
Z3, 1, 3, 4K, 9976.000000, 0.000760, 13126315.789474, 9976000.000000, 1.767438, 2, 0.232628, 6444747.839879, 6444747.839879
Z3, 2, 3, 4K, 9976.000000, 0.000889, 11221597.300337, 9976000.000000, 1.767438, 2, 0.232628, 6063804.142052, 6063804.142052
Z3, 3, 3, 4K, 9976.000000, 0.000854, 11681498.829040, 9976000.000000, 1.767438, 2, 0.232628, 6155784.447793, 6155784.447793
Z3, 4, 3, 4K, 9976.000000, 0.000812, 12285714.285714, 9976000.000000, 1.767438, 2, 0.232628, 6276627.539128, 6276627.539128
Z3, 5, 3, 4K, 9976.000000, 0.000880, 11336363.636364, 9976000.000000, 1.767438, 2, 0.232628, 6086757.409257, 6086757.409257
Z3, 6, 3, 4K, 9976.000000, 0.000932, 10703862.660944, 9976000.000000, 1.767438, 2, 0.232628, 5960257.214174, 5960257.214174
Z3, 7, 3, 4K, 9976.000000, 0.000847, 11778040.141677, 9976000.000000, 1.767438, 2, 0.232628, 6175092.710320, 6175092.710320
Z3, 8, 3, 4K, 9976.000000, 0.000843, 11833926.453144, 9976000.000000, 1.767438, 2, 0.232628, 6186269.972613, 6186269.972613
Z3, 9, 3, 4K, 9976.000000, 0.000845, 11805917.159763, 9976000.000000, 1.767438, 2, 0.232628, 6180668.113937, 6180668.113937
Z3, 10, 3, 4K, 46944.000000, 0.000948, 49518987.341772, 46944000.000000, 1.767438, 2, 0.232628, 13723282.150339, 13723282.150339
Z3, 11, 3, 4K, 25776.000000, 0.000943, 27334040.296925, 25776000.000000, 1.767438, 2, 0.232628, 9286292.741370, 9286292.741370
Z3, 12, 3, 4K, 29160.000000, 0.000879, 33174061.433447, 29160000.000000, 1.767438, 2, 0.232628, 10454296.968674, 10454296.968674
Z3, 13, 3, 4K, 27488.000000, 0.000961, 28603537.981270, 27488000.000000, 1.767438, 2, 0.232628, 9540192.278239, 9540192.278239
Z3, 14, 3, 4K, 44488.000000, 0.001029, 43234207.968902, 44488000.000000, 1.767438, 2, 0.232628, 12466326.275765, 12466326.275765
Z3, 15, 3, 4K, 39320.000000, 0.000987, 39837892.603850, 39320000.000000, 1.767438, 2, 0.232628, 11787063.202755, 11787063.202755
Z3, 16, 3, 4K, 43888.000000, 0.000960, 45716666.666667, 43888000.000000, 1.767438, 2, 0.232628, 12962818.015318, 12962818.015318
Z3, 17, 3, 4K, 44080.000000, 0.000962, 45821205.821206, 44080000.000000, 1.767438, 2, 0.232628, 12983725.846226, 12983725.846226
Z3, 18, 3, 4K, 34432.000000, 0.000980, 35134693.877551, 34432000.000000, 1.767438, 2, 0.232628, 10846423.457495, 10846423.457495
Z3, 19, 3, 4K, 31336.000000, 0.000968, 32371900.826446, 31336000.000000, 1.767438, 2, 0.232628, 10293864.847274, 10293864.847274
Z3, 20, 3, 4K, 37168.000000, 0.000957, 38838035.527691, 37168000.000000, 1.767438, 2, 0.232628, 11587091.787523, 11587091.787523
Z3, 21, 3, 4K, 36888.000000, 0.000908, 40625550.660793, 36888000.000000, 1.767438, 2, 0.232628, 11944594.814143, 11944594.814143
Z3, 22, 3, 4K, 45448.000000, 0.001014, 44820512.820513, 45448000.000000, 1.767438, 2, 0.232628, 12783587.246087, 12783587.246087
Z3, 23, 3, 4K, 60880.000000, 0.001039, 58594802.694899, 60880000.000000, 1.767438, 2, 0.232628, 15538445.220964, 15538445.220964
Z3, 24, 3, 4K, 64936.000000, 0.000983, 66059003.051882, 64936000.000000, 1.767438, 2, 0.232628, 17031285.292361, 17031285.292361
Z3, 25, 3, 4K, 68152.000000, 0.001100, 61956363.636364, 68152000.000000, 1.767438, 2, 0.232628, 16210757.409257, 16210757.409257
Z3, 26, 3, 4K, 51256.000000, 0.001181, 43400508.044030, 51256000.000000, 1.767438, 2, 0.232628, 12499586.290791, 12499586.290791
Z3, 27, 3, 4K, 77296.000000, 0.001285, 60152529.182879, 77296000.000000, 1.767438, 2, 0.232628, 15849990.518561, 15849990.518561
Z3, 28, 3, 4K, 69656.000000, 0.001172, 59433447.098976, 69656000.000000, 1.767438, 2, 0.232628, 15706174.101780, 15706174.101780
Z3, 29, 3, 4K, 53752.000000, 0.001199, 44830692.243536, 53752000.000000, 1.767438, 2, 0.232628, 12785623.130692, 12785623.130692
Z3, 30, 3, 4K, 10280.000000, 0.000867, 11856978.085352, 10280000.000000, 1.767438, 2, 0.232628, 6190880.299055, 6190880.299055
Z3, 31, 3, 4K, 10280.000000, 0.000784, 13112244.897959, 10280000.000000, 1.767438, 2, 0.232628, 6441933.661577, 6441933.661577
Z3, 32, 3, 4K, 10280.000000, 0.000785, 13095541.401274, 10280000.000000, 1.767438, 2, 0.232628, 6438592.962239, 6438592.962239
Z3, 33, 3, 4K, 10280.000000, 0.000835, 12311377.245509, 10280000.000000, 1.767438, 2, 0.232628, 6281760.131086, 6281760.131086
Z3, 34, 3, 4K, 10280.000000, 0.000814, 12628992.628993, 10280000.000000, 1.767438, 2, 0.232628, 6345283.207783, 6345283.207783
Z3, 35, 3, 4K, 10280.000000, 0.000838, 12267303.102625, 10280000.000000, 1.767438, 2, 0.232628, 6272945.302510, 6272945.302510
Z3, 36, 3, 4K, 10288.000000, 0.000859, 11976717.112922, 10288000.000000, 1.767438, 2, 0.232628, 6214828.104569, 6214828.104569
Z3, 37, 3, 4K, 10280.000000, 0.000802, 12817955.112219, 10280000.000000, 1.767438, 2, 0.232628, 6383075.704429, 6383075.704429
Z3, 38, 3, 4K, 10280.000000, 0.000846, 12151300.236407, 10280000.000000, 1.767438, 2, 0.232628, 6249744.729266, 6249744.729266
Z1, 0, 4, 4K, 78920.000000, 0.022033, 3581899.877457, 3587272.000000, 1.656677, 2, 1.343389, 6966124.704757, 6966124.704757
Z2, 0, 4, 4K, 6624.000000, 0.025506, 259703.599153, 264960.000000, 1.656677, 2, 1.343389, 6301685.449097, 6301685.449097
Z2, 1, 4, 4K, 9856.000000, 0.000733, 13446111.869031, 9856000.000000, 1.656677, 2, 1.343389, 8938967.103072, 8938967.103072
Z2, 2, 4, 4K, 10000.000000, 0.001014, 9861932.938856, 10000000.000000, 1.656677, 2, 1.343389, 8222131.317037, 8222131.317037
Z2, 3, 4, 4K, 61192.000000, 0.001101, 55578564.940963, 61192000.000000, 1.656677, 2, 1.343389, 17365457.717459, 17365457.717459
Z2, 4, 4, 4K, 105968.000000, 0.001064, 99593984.962406, 105968000.000000, 1.656677, 2, 1.343389, 26168541.721747, 26168541.721747
Z2, 5, 4, 4K, 53008.000000, 0.001017, 52121927.236971, 53008000.000000, 1.656677, 2, 1.343389, 16674130.176660, 16674130.176660
Z2, 6, 4, 4K, 17976.000000, 0.000744, 24161290.322581, 17976000.000000, 1.656677, 2, 1.343389, 11082002.793782, 11082002.793782
Z2, 7, 4, 4K, 11688.000000, 0.000677, 17264401.772526, 11688000.000000, 1.656677, 2, 1.343389, 9702625.083771, 9702625.083771
Z3, 0, 4, 4K, 10160.000000, 0.023863, 425763.734652, 441736.000000, 1.656677, 2, 1.343389, 6334897.476196, 6334897.476196
Z3, 1, 4, 4K, 10112.000000, 0.001212, 8343234.323432, 10112000.000000, 1.656677, 2, 1.343389, 7918391.593952, 7918391.593952
Z3, 2, 4, 4K, 10000.000000, 0.001073, 9319664.492078, 10000000.000000, 1.656677, 2, 1.343389, 8113677.627682, 8113677.627682
Z3, 3, 4, 4K, 10000.000000, 0.000876, 11415525.114155, 10000000.000000, 1.656677, 2, 1.343389, 8532849.752097, 8532849.752097
Z3, 4, 4, 4K, 10000.000000, 0.001204, 8305647.840532, 10000000.000000, 1.656677, 2, 1.343389, 7910874.297372, 7910874.297372
Z3, 5, 4, 4K, 10000.000000, 0.000990, 10101010.101010, 10000000.000000, 1.656677, 2, 1.343389, 8269946.749468, 8269946.749468
Z3, 6, 4, 4K, 10400.000000, 0.000967, 10754912.099276, 10400000.000000, 1.656677, 2, 1.343389, 8400727.149121, 8400727.149121
Z3, 7, 4, 4K, 10000.000000, 0.001392, 7183908.045977, 10000000.000000, 1.656677, 2, 1.343389, 7686526.338461, 7686526.338461
Z3, 8, 4, 4K, 10000.000000, 0.001124, 8896797.153025, 10000000.000000, 1.656677, 2, 1.343389, 8029104.159871, 8029104.159871
Z3, 9, 4, 4K, 10016.000000, 0.001394, 7185078.909613, 10016000.000000, 1.656677, 2, 1.343389, 7686760.511189, 7686760.511189
Z3, 10, 4, 4K, 69528.000000, 0.001024, 67898437.500000, 69528000.000000, 1.656677, 2, 1.343389, 19829432.229266, 19829432.229266
Z3, 11, 4, 4K, 50216.000000, 0.001026, 48943469.785575, 50216000.000000, 1.656677, 2, 1.343389, 16038438.686381, 16038438.686381
Z3, 12, 4, 4K, 53360.000000, 0.001160, 46000000.000000, 53360000.000000, 1.656677, 2, 1.343389, 15449744.729266, 15449744.729266
Z3, 13, 4, 4K, 45608.000000, 0.001117, 40830796.777081, 45608000.000000, 1.656677, 2, 1.343389, 14415904.084682, 14415904.084682
Z3, 14, 4, 4K, 88024.000000, 0.004625, 19032216.216216, 22006000.000000, 1.656677, 2, 1.343389, 10056187.972509, 10056187.972509
Z3, 15, 4, 4K, 65880.000000, 0.001550, 42503225.806452, 65880000.000000, 1.656677, 2, 1.343389, 14750389.890556, 14750389.890556
Z3, 16, 4, 4K, 81544.000000, 0.001255, 64975298.804781, 81544000.000000, 1.656677, 2, 1.343389, 19244804.490222, 19244804.490222
Z3, 17, 4, 4K, 79088.000000, 0.000990, 79886868.686869, 79088000.000000, 1.656677, 2, 1.343389, 22227118.466640, 22227118.466640
Z3, 18, 4, 4K, 60616.000000, 0.000982, 61727087.576375, 60616000.000000, 1.656677, 2, 1.343389, 18595162.244541, 18595162.244541
Z3, 19, 4, 4K, 55928.000000, 0.001034, 54088974.854932, 55928000.000000, 1.656677, 2, 1.343389, 17067539.700252, 17067539.700252
Z3, 20, 4, 4K, 60512.000000, 0.001044, 57961685.823755, 60512000.000000, 1.656677, 2, 1.343389, 17842081.894017, 17842081.894017
Z3, 21, 4, 4K, 116408.000000, 0.001457, 79895676.046671, 116408000.000000, 1.656677, 2, 1.343389, 22228879.938600, 22228879.938600
Z3, 22, 4, 4K, 104248.000000, 0.001488, 70059139.784946, 104248000.000000, 1.656677, 2, 1.343389, 20261572.686255, 20261572.686255
Z3, 23, 4, 4K, 138368.000000, 0.001279, 108184519.155590, 138368000.000000, 1.656677, 2, 1.343389, 27886648.560384, 27886648.560384
Z3, 24, 4, 4K, 139408.000000, 0.001483, 94004045.853001, 139408000.000000, 1.656677, 2, 1.343389, 25050553.899866, 25050553.899866
Z3, 25, 4, 4K, 141032.000000, 0.001643, 85838101.034693, 141032000.000000, 1.656677, 2, 1.343389, 23417364.936205, 23417364.936205
Z3, 26, 4, 4K, 125672.000000, 0.001502, 83669773.635153, 125672000.000000, 1.656677, 2, 1.343389, 22983699.456297, 22983699.456297
Z3, 27, 4, 4K, 147320.000000, 0.004283, 34396451.085688, 36830000.000000, 1.656677, 2, 1.343389, 13129034.946404, 13129034.946404
Z3, 28, 4, 4K, 120984.000000, 0.001626, 74405904.059041, 120984000.000000, 1.656677, 2, 1.343389, 21130925.541074, 21130925.541074
Z3, 29, 4, 4K, 87456.000000, 0.001285, 68059143.968872, 87456000.000000, 1.656677, 2, 1.343389, 19861573.523040, 19861573.523040
Z3, 30, 4, 4K, 19872.000000, 0.000953, 20852046.169990, 19872000.000000, 1.656677, 2, 1.343389, 10420153.963264, 10420153.963264
Z3, 31, 4, 4K, 17320.000000, 0.000926, 18704103.671706, 17320000.000000, 1.656677, 2, 1.343389, 9990565.463607, 9990565.463607
Z3, 32, 4, 4K, 20880.000000, 0.001127, 18527062.999113, 20880000.000000, 1.656677, 2, 1.343389, 9955157.329089, 9955157.329089
Z3, 33, 4, 4K, 18648.000000, 0.001175, 15870638.297872, 18648000.000000, 1.656677, 2, 1.343389, 9423872.388840, 9423872.388840
Z3, 34, 4, 4K, 15368.000000, 0.000966, 15908902.691511, 15368000.000000, 1.656677, 2, 1.343389, 9431525.267568, 9431525.267568
Z3, 35, 4, 4K, 17240.000000, 0.001082, 15933456.561922, 17240000.000000, 1.656677, 2, 1.343389, 9436436.041650, 9436436.041650
Z3, 36, 4, 4K, 34944.000000, 0.001074, 32536312.849162, 34944000.000000, 1.656677, 2, 1.343389, 12757007.299098, 12757007.299098
Z3, 37, 4, 4K, 16344.000000, 0.001127, 14502218.278616, 16344000.000000, 1.656677, 2, 1.343389, 9150188.384989, 9150188.384989
Z3, 38, 4, 4K, 11896.000000, 0.001309, 9087853.323147, 11896000.000000, 1.656677, 2, 1.343389, 8067315.393895, 8067315.393895
Z1, 0, 5, 4K, 86352.000000, 0.023667, 3648624.667258, 3754432.000000, 1.521213, 2, 1.478853, 8797040.327347, 8797040.327347
Z2, 0, 5, 4K, 6624.000000, 0.020718, 319721.980886, 331200.000000, 1.521213, 2, 1.478853, 8131259.790073, 8131259.790073
Z2, 1, 5, 4K, 15440.000000, 0.000986, 15659229.208925, 15440000.000000, 1.521213, 2, 1.478853, 11199161.235680, 11199161.235680
Z2, 2, 5, 4K, 14656.000000, 0.000934, 15691648.822270, 14656000.000000, 1.521213, 2, 1.478853, 11205645.158349, 11205645.158349
Z2, 3, 5, 4K, 59096.000000, 0.001003, 58919242.273180, 59096000.000000, 1.521213, 2, 1.478853, 19851163.848532, 19851163.848532
Z2, 4, 5, 4K, 117640.000000, 0.001578, 74550063.371356, 117640000.000000, 1.521213, 2, 1.478853, 22977328.068167, 22977328.068167
Z2, 5, 5, 4K, 68288.000000, 0.001403, 48672843.905916, 68288000.000000, 1.521213, 2, 1.478853, 17801884.175079, 17801884.175079
Z2, 6, 5, 4K, 47432.000000, 0.001172, 40470989.761092, 47432000.000000, 1.521213, 2, 1.478853, 16161513.346114, 16161513.346114
Z2, 7, 5, 4K, 40216.000000, 0.000959, 41935349.322211, 40216000.000000, 1.521213, 2, 1.478853, 16454385.258338, 16454385.258338
Z3, 0, 5, 4K, 16504.000000, 0.021613, 763614.491278, 785904.000000, 1.521213, 2, 1.478853, 8220038.292151, 8220038.292151
Z3, 1, 5, 4K, 16120.000000, 0.000932, 17296137.339056, 16120000.000000, 1.521213, 2, 1.478853, 11526542.861707, 11526542.861707
Z3, 2, 5, 4K, 15008.000000, 0.000917, 16366412.213740, 15008000.000000, 1.521213, 2, 1.478853, 11340597.836644, 11340597.836644
Z3, 3, 5, 4K, 15032.000000, 0.000989, 15199191.102123, 15032000.000000, 1.521213, 2, 1.478853, 11107153.614320, 11107153.614320
Z3, 4, 5, 4K, 12928.000000, 0.000913, 14159912.376780, 12928000.000000, 1.521213, 2, 1.478853, 10899297.869251, 10899297.869251
Z3, 5, 5, 4K, 13640.000000, 0.000875, 15588571.428571, 13640000.000000, 1.521213, 2, 1.478853, 11185029.679610, 11185029.679610
Z3, 6, 5, 4K, 14648.000000, 0.000991, 14781029.263370, 14648000.000000, 1.521213, 2, 1.478853, 11023521.246570, 11023521.246570
Z3, 7, 5, 4K, 15008.000000, 0.000969, 15488132.094943, 15008000.000000, 1.521213, 2, 1.478853, 11164941.812884, 11164941.812884
Z3, 8, 5, 4K, 14312.000000, 0.000830, 17243373.493976, 14312000.000000, 1.521213, 2, 1.478853, 11515990.092691, 11515990.092691
Z3, 9, 5, 4K, 14200.000000, 0.000845, 16804733.727811, 14200000.000000, 1.521213, 2, 1.478853, 11428262.139458, 11428262.139458
Z3, 10, 5, 4K, 67288.000000, 0.001170, 57511111.111111, 67288000.000000, 1.521213, 2, 1.478853, 19569537.616118, 19569537.616118
Z3, 11, 5, 4K, 52536.000000, 0.001095, 47978082.191781, 52536000.000000, 1.521213, 2, 1.478853, 17662931.832252, 17662931.832252
Z3, 12, 5, 4K, 52032.000000, 0.001150, 45245217.391304, 52032000.000000, 1.521213, 2, 1.478853, 17116358.872156, 17116358.872156
Z3, 13, 5, 4K, 44632.000000, 0.001212, 36825082.508251, 44632000.000000, 1.521213, 2, 1.478853, 15432331.895546, 15432331.895546
Z3, 14, 5, 4K, 76304.000000, 0.001337, 57071054.599850, 76304000.000000, 1.521213, 2, 1.478853, 19481526.313866, 19481526.313866
Z3, 15, 5, 4K, 71856.000000, 0.001209, 59434243.176179, 71856000.000000, 1.521213, 2, 1.478853, 19954164.029131, 19954164.029131
Z3, 16, 5, 4K, 82648.000000, 0.001397, 59161059.413028, 82648000.000000, 1.521213, 2, 1.478853, 19899527.276501, 19899527.276501
Z3, 17, 5, 4K, 76072.000000, 0.001194, 63711892.797320, 76072000.000000, 1.521213, 2, 1.478853, 20809693.953359, 20809693.953359
Z3, 18, 5, 4K, 59304.000000, 0.001226, 48371941.272431, 59304000.000000, 1.521213, 2, 1.478853, 17741703.648382, 17741703.648382
Z3, 19, 5, 4K, 43064.000000, 0.001092, 39435897.435897, 43064000.000000, 1.521213, 2, 1.478853, 15954494.881075, 15954494.881075
Z3, 20, 5, 4K, 54872.000000, 0.001137, 48260334.212841, 54872000.000000, 1.521213, 2, 1.478853, 17719382.236464, 17719382.236464
Z3, 21, 5, 4K, 135784.000000, 0.001515, 89626402.640264, 135784000.000000, 1.521213, 2, 1.478853, 25992595.921948, 25992595.921948
Z3, 22, 5, 4K, 118304.000000, 0.001696, 69754716.981132, 118304000.000000, 1.521213, 2, 1.478853, 22018258.790122, 22018258.790122
Z3, 23, 5, 4K, 147040.000000, 0.001592, 92361809.045226, 147040000.000000, 1.521213, 2, 1.478853, 26539677.202941, 26539677.202941
Z3, 24, 5, 4K, 179520.000000, 0.001653, 108602540.834846, 179520000.000000, 1.521213, 2, 1.478853, 29787823.560865, 29787823.560865
Z3, 25, 5, 4K, 172688.000000, 0.001501, 115048634.243837, 172688000.000000, 1.521213, 2, 1.478853, 31077042.242663, 31077042.242663
Z3, 26, 5, 4K, 145128.000000, 0.001457, 99607412.491421, 145128000.000000, 1.521213, 2, 1.478853, 27988797.892180, 27988797.892180
Z3, 27, 5, 4K, 179592.000000, 0.001527, 117611001.964637, 179592000.000000, 1.521213, 2, 1.478853, 31589515.786823, 31589515.786823
Z3, 28, 5, 4K, 140720.000000, 0.001615, 87133126.934985, 140720000.000000, 1.521213, 2, 1.478853, 25493940.780892, 25493940.780892
Z3, 29, 5, 4K, 83928.000000, 0.001242, 67574879.227053, 83928000.000000, 1.521213, 2, 1.478853, 21582291.239306, 21582291.239306
Z3, 30, 5, 4K, 82192.000000, 0.001362, 60346549.192364, 82192000.000000, 1.521213, 2, 1.478853, 20136625.232368, 20136625.232368
Z3, 31, 5, 4K, 68504.000000, 0.001142, 59985989.492119, 68504000.000000, 1.521213, 2, 1.478853, 20064513.292319, 20064513.292319
Z3, 32, 5, 4K, 53776.000000, 0.001091, 49290559.120073, 53776000.000000, 1.521213, 2, 1.478853, 17925427.217910, 17925427.217910
Z3, 33, 5, 4K, 72968.000000, 0.001084, 67313653.136531, 72968000.000000, 1.521213, 2, 1.478853, 21530046.021202, 21530046.021202
Z3, 34, 5, 4K, 78200.000000, 0.001180, 66271186.440678, 78200000.000000, 1.521213, 2, 1.478853, 21321552.682031, 21321552.682031
Z3, 35, 5, 4K, 63936.000000, 0.001153, 55451864.700781, 63936000.000000, 1.521213, 2, 1.478853, 19157688.334052, 19157688.334052
Z3, 36, 5, 4K, 86888.000000, 0.001402, 61974322.396576, 86888000.000000, 1.521213, 2, 1.478853, 20462179.873211, 20462179.873211
Z3, 37, 5, 4K, 53856.000000, 0.001213, 44399010.717230, 53856000.000000, 1.521213, 2, 1.478853, 16947117.537341, 16947117.537341
Z3, 38, 5, 4K, 42888.000000, 0.001179, 36376590.330789, 42888000.000000, 1.521213, 2, 1.478853, 15342633.460053, 15342633.460053
Z1, 0, 6, 4K, 32384.000000, 0.024431, 1325529.040973, 1349328.000000, 1.394637, 2, 2.605429, 14184524.982533, 14184524.982533
Z2, 0, 6, 4K, 11672.000000, 0.026083, 447494.536671, 448920.000000, 1.394637, 2, 2.605429, 14008918.081673, 14008918.081673
Z2, 1, 6, 4K, 36784.000000, 0.001629, 22580724.370780, 36784000.000000, 1.394637, 2, 2.605429, 18435564.048495, 18435564.048495
Z2, 2, 6, 4K, 30448.000000, 0.001114, 27332136.445242, 30448000.000000, 1.394637, 2, 2.605429, 19385846.463387, 19385846.463387
Z2, 3, 6, 4K, 89424.000000, 0.001554, 57544401.544402, 89424000.000000, 1.394637, 2, 2.605429, 25428299.483219, 25428299.483219
Z2, 4, 6, 4K, 37976.000000, 0.000982, 38672097.759674, 37976000.000000, 1.394637, 2, 2.605429, 21653838.726274, 21653838.726274
Z2, 5, 6, 4K, 44392.000000, 0.001078, 41179962.894249, 44392000.000000, 1.394637, 2, 2.605429, 22155411.753189, 22155411.753189
Z2, 6, 6, 4K, 23176.000000, 0.000861, 26917537.746806, 23176000.000000, 1.394637, 2, 2.605429, 19302926.723700, 19302926.723700
Z2, 7, 6, 4K, 20712.000000, 0.000969, 21374613.003096, 20712000.000000, 1.394637, 2, 2.605429, 18194341.774958, 18194341.774958
Z3, 0, 6, 4K, 6624.000000, 0.020440, 324070.450098, 331200.000000, 1.394637, 2, 2.605429, 13984233.264359, 13984233.264359
Z3, 1, 6, 4K, 12000.000000, 0.000890, 13483146.067416, 12000000.000000, 1.394637, 2, 2.605429, 16616048.387822, 16616048.387822
Z3, 2, 6, 4K, 12312.000000, 0.000757, 16264200.792602, 12312000.000000, 1.394637, 2, 2.605429, 17172259.332859, 17172259.332859
Z3, 3, 6, 4K, 11800.000000, 0.000793, 14880201.765448, 11800000.000000, 1.394637, 2, 2.605429, 16895459.527429, 16895459.527429
Z3, 4, 6, 4K, 11672.000000, 0.000782, 14925831.202046, 11672000.000000, 1.394637, 2, 2.605429, 16904585.414748, 16904585.414748
Z3, 5, 6, 4K, 11856.000000, 0.000925, 12817297.297297, 11856000.000000, 1.394637, 2, 2.605429, 16482878.633798, 16482878.633798
Z3, 6, 6, 4K, 11392.000000, 0.000866, 13154734.411085, 11392000.000000, 1.394637, 2, 2.605429, 16550366.056556, 16550366.056556
Z3, 7, 6, 4K, 11608.000000, 0.000844, 13753554.502370, 11608000.000000, 1.394637, 2, 2.605429, 16670130.074813, 16670130.074813
Z3, 8, 6, 4K, 11808.000000, 0.000841, 14040428.061831, 11808000.000000, 1.394637, 2, 2.605429, 16727504.786705, 16727504.786705
Z3, 9, 6, 4K, 11616.000000, 0.000877, 13245153.933865, 11616000.000000, 1.394637, 2, 2.605429, 16568449.961112, 16568449.961112
Z3, 10, 6, 4K, 11320.000000, 0.000936, 12094017.094017, 11320000.000000, 1.394637, 2, 2.605429, 16338222.593142, 16338222.593142
Z3, 11, 6, 4K, 11456.000000, 0.000749, 15295060.080107, 11456000.000000, 1.394637, 2, 2.605429, 16978431.190360, 16978431.190360
Z3, 12, 6, 4K, 30472.000000, 0.000881, 34587968.217934, 30472000.000000, 1.394637, 2, 2.605429, 20837012.817926, 20837012.817926
Z3, 13, 6, 4K, 27608.000000, 0.000958, 28818371.607516, 27608000.000000, 1.394637, 2, 2.605429, 19683093.495842, 19683093.495842
Z3, 14, 6, 4K, 24088.000000, 0.000984, 24479674.796748, 24088000.000000, 1.394637, 2, 2.605429, 18815354.133689, 18815354.133689
Z3, 15, 6, 4K, 38328.000000, 0.001000, 38328000.000000, 38328000.000000, 1.394637, 2, 2.605429, 21585019.174339, 21585019.174339
Z3, 16, 6, 4K, 32072.000000, 0.000949, 33795574.288725, 32072000.000000, 1.394637, 2, 2.605429, 20678534.032084, 20678534.032084
Z3, 17, 6, 4K, 42136.000000, 0.000990, 42561616.161616, 42136000.000000, 1.394637, 2, 2.605429, 22431742.406662, 22431742.406662
Z3, 18, 6, 4K, 36072.000000, 0.000947, 38090813.093981, 36072000.000000, 1.394637, 2, 2.605429, 21537581.793135, 21537581.793135
Z3, 19, 6, 4K, 27192.000000, 0.000795, 34203773.584906, 27192000.000000, 1.394637, 2, 2.605429, 20760173.891320, 20760173.891320
Z3, 20, 6, 4K, 23688.000000, 0.000794, 29833753.148615, 23688000.000000, 1.394637, 2, 2.605429, 19886169.804062, 19886169.804062
Z3, 21, 6, 4K, 86000.000000, 0.001036, 83011583.011583, 86000000.000000, 1.394637, 2, 2.605429, 30521735.776656, 30521735.776656
Z3, 22, 6, 4K, 62728.000000, 0.000967, 64868665.977249, 62728000.000000, 1.394637, 2, 2.605429, 26893152.369789, 26893152.369789
Z3, 23, 6, 4K, 65864.000000, 0.001263, 52148851.939826, 65864000.000000, 1.394637, 2, 2.605429, 24349189.562304, 24349189.562304
Z3, 24, 6, 4K, 82512.000000, 0.001202, 68645590.682196, 82512000.000000, 1.394637, 2, 2.605429, 27648537.310778, 27648537.310778
Z3, 25, 6, 4K, 102240.000000, 0.001140, 89684210.526316, 102240000.000000, 1.394637, 2, 2.605429, 31856261.279602, 31856261.279602
Z3, 26, 6, 4K, 69304.000000, 0.001156, 59951557.093426, 69304000.000000, 1.394637, 2, 2.605429, 25909730.593024, 25909730.593024
Z3, 27, 6, 4K, 73800.000000, 0.001144, 64510489.510490, 73800000.000000, 1.394637, 2, 2.605429, 26821517.076437, 26821517.076437
Z3, 28, 6, 4K, 59424.000000, 0.004465, 13308846.584546, 14856000.000000, 1.394637, 2, 2.605429, 16581188.491248, 16581188.491248
Z3, 29, 6, 4K, 38896.000000, 0.000953, 40814270.724029, 38896000.000000, 1.394637, 2, 2.605429, 22082273.319145, 22082273.319145
Z3, 30, 6, 4K, 30224.000000, 0.001172, 25788395.904437, 30224000.000000, 1.394637, 2, 2.605429, 19077098.355226, 19077098.355226
Z3, 31, 6, 4K, 34568.000000, 0.000969, 35673890.608875, 34568000.000000, 1.394637, 2, 2.605429, 21054197.296114, 21054197.296114
Z3, 32, 6, 4K, 62896.000000, 0.001208, 52066225.165563, 62896000.000000, 1.394637, 2, 2.605429, 24332664.207452, 24332664.207452
Z3, 33, 6, 4K, 50288.000000, 0.001064, 47263157.894737, 50288000.000000, 1.394637, 2, 2.605429, 23372050.753286, 23372050.753286
Z3, 34, 6, 4K, 37280.000000, 0.001114, 33464991.023339, 37280000.000000, 1.394637, 2, 2.605429, 20612417.379007, 20612417.379007
Z3, 35, 6, 4K, 26840.000000, 0.000790, 33974683.544304, 26840000.000000, 1.394637, 2, 2.605429, 20714355.883200, 20714355.883200
Z3, 36, 6, 4K, 30408.000000, 0.001045, 29098564.593301, 30408000.000000, 1.394637, 2, 2.605429, 19739132.092999, 19739132.092999
Z3, 37, 6, 4K, 24136.000000, 0.003714, 6498653.742596, 8045328.000000, 1.394637, 2, 2.605429, 15219149.922858, 15219149.922858
Z3, 38, 6, 4K, 21376.000000, 0.000791, 27024020.227560, 21376000.000000, 1.394637, 2, 2.605429, 19324223.219851, 19324223.219851
Z1, 0, 7, 4K, 33008.000000, 0.019692, 1676213.690839, 1737256.000000, 1.266295, 2, 2.733771, 17263195.561748, 17263195.561748
Z2, 0, 7, 4K, 11888.000000, 0.020916, 568368.712947, 594400.000000, 1.266295, 2, 2.733771, 17041626.566170, 17041626.566170
Z2, 1, 7, 4K, 40440.000000, 0.000955, 42345549.738220, 40440000.000000, 1.266295, 2, 2.733771, 25397062.771225, 25397062.771225
Z2, 2, 7, 4K, 30824.000000, 0.001015, 30368472.906404, 30824000.000000, 1.266295, 2, 2.733771, 23001647.404861, 23001647.404861
Z2, 3, 7, 4K, 76304.000000, 0.001250, 61043200.000000, 76304000.000000, 1.266295, 2, 2.733771, 29136592.823581, 29136592.823581
Z2, 4, 7, 4K, 40368.000000, 0.001132, 35660777.385159, 40368000.000000, 1.266295, 2, 2.733771, 24060108.300612, 24060108.300612
Z2, 5, 7, 4K, 46048.000000, 0.001094, 42091407.678245, 46048000.000000, 1.266295, 2, 2.733771, 25346234.359230, 25346234.359230
Z2, 6, 7, 4K, 66864.000000, 0.001199, 55766472.060050, 66864000.000000, 1.266295, 2, 2.733771, 28081247.235591, 28081247.235591
Z2, 7, 7, 4K, 21440.000000, 0.000960, 22333333.333333, 21440000.000000, 1.266295, 2, 2.733771, 21394619.490247, 21394619.490247
Z3, 0, 7, 4K, 6624.000000, 0.022040, 300544.464610, 301088.000000, 1.266295, 2, 2.733771, 16988061.716503, 16988061.716503
Z3, 1, 7, 4K, 12288.000000, 0.000993, 12374622.356495, 12288000.000000, 1.266295, 2, 2.733771, 19402877.294880, 19402877.294880
Z3, 2, 7, 4K, 12288.000000, 0.000855, 14371929.824561, 12288000.000000, 1.266295, 2, 2.733771, 19802338.788493, 19802338.788493
Z3, 3, 7, 4K, 12304.000000, 0.001039, 11842155.919153, 12304000.000000, 1.266295, 2, 2.733771, 19296384.007411, 19296384.007411
Z3, 4, 7, 4K, 11832.000000, 0.000681, 17374449.339207, 11832000.000000, 1.266295, 2, 2.733771, 20402842.691422, 20402842.691422
Z3, 5, 7, 4K, 12664.000000, 0.000769, 16468140.442133, 12664000.000000, 1.266295, 2, 2.733771, 20221580.912007, 20221580.912007
Z3, 6, 7, 4K, 11360.000000, 0.000667, 17031484.257871, 11360000.000000, 1.266295, 2, 2.733771, 20334249.675155, 20334249.675155
Z3, 7, 7, 4K, 11624.000000, 0.000874, 13299771.167048, 11624000.000000, 1.266295, 2, 2.733771, 19587907.056990, 19587907.056990
Z3, 8, 7, 4K, 12008.000000, 0.001102, 10896551.724138, 12008000.000000, 1.266295, 2, 2.733771, 19107263.168408, 19107263.168408
Z3, 9, 7, 4K, 11744.000000, 0.000799, 14698372.966208, 11744000.000000, 1.266295, 2, 2.733771, 19867627.416822, 19867627.416822
Z3, 10, 7, 4K, 11584.000000, 0.001001, 11572427.572428, 11584000.000000, 1.266295, 2, 2.733771, 19242438.338066, 19242438.338066
Z3, 11, 7, 4K, 11528.000000, 0.000966, 11933747.412008, 11528000.000000, 1.266295, 2, 2.733771, 19314702.305982, 19314702.305982
Z3, 12, 7, 4K, 32448.000000, 0.001059, 30640226.628895, 32448000.000000, 1.266295, 2, 2.733771, 23055998.149360, 23055998.149360
Z3, 13, 7, 4K, 29808.000000, 0.000985, 30261928.934010, 29808000.000000, 1.266295, 2, 2.733771, 22980338.610383, 22980338.610383
Z3, 14, 7, 4K, 26008.000000, 0.001186, 21929173.693086, 26008000.000000, 1.266295, 2, 2.733771, 21313787.562198, 21313787.562198
Z3, 15, 7, 4K, 43712.000000, 0.001171, 37328778.821520, 43712000.000000, 1.266295, 2, 2.733771, 24393708.587885, 24393708.587885
Z3, 16, 7, 4K, 42976.000000, 0.001229, 34968266.883645, 42976000.000000, 1.266295, 2, 2.733771, 23921606.200310, 23921606.200310
Z3, 17, 7, 4K, 80888.000000, 0.001314, 61558599.695586, 80888000.000000, 1.266295, 2, 2.733771, 29239672.762698, 29239672.762698
Z3, 18, 7, 4K, 51248.000000, 0.001169, 43839178.785287, 51248000.000000, 1.266295, 2, 2.733771, 25695788.580638, 25695788.580638
Z3, 19, 7, 4K, 29472.000000, 0.001142, 25807355.516637, 29472000.000000, 1.266295, 2, 2.733771, 22089423.926908, 22089423.926908
Z3, 20, 7, 4K, 23856.000000, 0.000837, 28501792.114695, 23856000.000000, 1.266295, 2, 2.733771, 22628311.246520, 22628311.246520
Z3, 21, 7, 4K, 78816.000000, 0.001005, 78423880.597015, 78816000.000000, 1.266295, 2, 2.733771, 32612728.942984, 32612728.942984
Z3, 22, 7, 4K, 66288.000000, 0.001071, 61893557.422969, 66288000.000000, 1.266295, 2, 2.733771, 29306664.308174, 29306664.308174
Z3, 23, 7, 4K, 69920.000000, 0.001049, 66653956.148713, 69920000.000000, 1.266295, 2, 2.733771, 30258744.053323, 30258744.053323
Z3, 24, 7, 4K, 81944.000000, 0.001167, 70217652.099400, 81944000.000000, 1.266295, 2, 2.733771, 30971483.243461, 30971483.243461
Z3, 25, 7, 4K, 102376.000000, 0.001366, 74945827.232796, 102376000.000000, 1.266295, 2, 2.733771, 31917118.270140, 31917118.270140
Z3, 26, 7, 4K, 76792.000000, 0.004921, 15604958.341800, 19198000.000000, 1.266295, 2, 2.733771, 20048944.491941, 20048944.491941
Z3, 27, 7, 4K, 81072.000000, 0.001649, 49164342.025470, 81072000.000000, 1.266295, 2, 2.733771, 26760821.228675, 26760821.228675
Z3, 28, 7, 4K, 62656.000000, 0.001069, 58611786.716558, 62656000.000000, 1.266295, 2, 2.733771, 28650310.166892, 28650310.166892
Z3, 29, 7, 4K, 41248.000000, 0.000881, 46819523.269012, 41248000.000000, 1.266295, 2, 2.733771, 26291857.477383, 26291857.477383
Z3, 30, 7, 4K, 51888.000000, 0.001043, 49748801.534036, 51888000.000000, 1.266295, 2, 2.733771, 26877713.130388, 26877713.130388
Z3, 31, 7, 4K, 60864.000000, 0.001028, 59206225.680934, 60864000.000000, 1.266295, 2, 2.733771, 28769197.959767, 28769197.959767
Z3, 32, 7, 4K, 30224.000000, 0.000781, 38699103.713188, 30224000.000000, 1.266295, 2, 2.733771, 24667773.566218, 24667773.566218
Z3, 33, 7, 4K, 29312.000000, 0.000786, 37292620.865140, 29312000.000000, 1.266295, 2, 2.733771, 24386476.996609, 24386476.996609
Z3, 34, 7, 4K, 25728.000000, 0.000829, 31034981.905911, 25728000.000000, 1.266295, 2, 2.733771, 23134949.204763, 23134949.204763
Z3, 35, 7, 4K, 27640.000000, 0.000850, 32517647.058824, 27640000.000000, 1.266295, 2, 2.733771, 23431482.235345, 23431482.235345
Z3, 36, 7, 4K, 32608.000000, 0.000870, 37480459.770115, 32608000.000000, 1.266295, 2, 2.733771, 24424044.777604, 24424044.777604
Z3, 37, 7, 4K, 25080.000000, 0.000784, 31989795.918367, 25080000.000000, 1.266295, 2, 2.733771, 23325912.007254, 23325912.007254
Z3, 38, 7, 4K, 21912.000000, 0.000937, 23385272.145144, 21912000.000000, 1.266295, 2, 2.733771, 21605007.252609, 21605007.252609
Z1, 0, 8, 4K, 12368.000000, 0.021874, 565420.133492, 588952.000000, 1.147954, 2, 3.852112, 19287831.232026, 19287831.232026
Z2, 0, 8, 4K, 6624.000000, 0.021899, 302479.565277, 315424.000000, 1.147954, 2, 3.852112, 19235243.118383, 19235243.118383
Z2, 1, 8, 4K, 12736.000000, 0.000892, 14278026.905830, 12736000.000000, 1.147954, 2, 3.852112, 22030352.586494, 22030352.586494
Z2, 2, 8, 4K, 12272.000000, 0.000955, 12850261.780105, 12272000.000000, 1.147954, 2, 3.852112, 21744799.561349, 21744799.561349
Z2, 3, 8, 4K, 47728.000000, 0.001007, 47396226.415094, 47728000.000000, 1.147954, 2, 3.852112, 28653992.488347, 28653992.488347
Z2, 4, 8, 4K, 47048.000000, 0.001060, 44384905.660377, 47048000.000000, 1.147954, 2, 3.852112, 28051728.337404, 28051728.337404
Z2, 5, 8, 4K, 46672.000000, 0.001051, 44407231.208373, 46672000.000000, 1.147954, 2, 3.852112, 28056193.447003, 28056193.447003
Z2, 6, 8, 4K, 116120.000000, 0.001832, 63384279.475983, 116120000.000000, 1.147954, 2, 3.852112, 31851603.100525, 31851603.100525
Z2, 7, 8, 4K, 109880.000000, 0.004435, 24775648.252537, 27470000.000000, 1.147954, 2, 3.852112, 24129876.855835, 24129876.855835
Z3, 0, 8, 4K, 13168.000000, 0.022493, 585426.577157, 598544.000000, 1.147954, 2, 3.852112, 19291832.520760, 19291832.520760
Z3, 1, 8, 4K, 12440.000000, 0.000890, 13977528.089888, 12440000.000000, 1.147954, 2, 3.852112, 21970252.823306, 21970252.823306
Z3, 2, 8, 4K, 12288.000000, 0.000908, 13533039.647577, 12288000.000000, 1.147954, 2, 3.852112, 21881355.134843, 21881355.134843
Z3, 3, 8, 4K, 13040.000000, 0.000893, 14602463.605823, 13040000.000000, 1.147954, 2, 3.852112, 22095239.926493, 22095239.926493
Z3, 4, 8, 4K, 11984.000000, 0.000889, 13480314.960630, 11984000.000000, 1.147954, 2, 3.852112, 21870810.197454, 21870810.197454
Z3, 5, 8, 4K, 12736.000000, 0.000908, 14026431.718062, 12736000.000000, 1.147954, 2, 3.852112, 21980033.548940, 21980033.548940
Z3, 6, 8, 4K, 12728.000000, 0.000948, 13426160.337553, 12728000.000000, 1.147954, 2, 3.852112, 21859979.272839, 21859979.272839
Z3, 7, 8, 4K, 13416.000000, 0.000985, 13620304.568528, 13416000.000000, 1.147954, 2, 3.852112, 21898808.119034, 21898808.119034
Z3, 8, 8, 4K, 12296.000000, 0.000989, 12432760.364004, 12296000.000000, 1.147954, 2, 3.852112, 21661299.278129, 21661299.278129
Z3, 9, 8, 4K, 36848.000000, 0.001139, 32351185.250219, 36848000.000000, 1.147954, 2, 3.852112, 25644984.255372, 25644984.255372
Z3, 10, 8, 4K, 37200.000000, 0.001113, 33423180.592992, 37200000.000000, 1.147954, 2, 3.852112, 25859383.323926, 25859383.323926
Z3, 11, 8, 4K, 36304.000000, 0.001108, 32765342.960289, 36304000.000000, 1.147954, 2, 3.852112, 25727815.797386, 25727815.797386
Z3, 12, 8, 4K, 72440.000000, 0.001389, 52152627.789777, 72440000.000000, 1.147954, 2, 3.852112, 29605272.763283, 29605272.763283
Z3, 13, 8, 4K, 94656.000000, 0.001370, 69091970.802920, 94656000.000000, 1.147954, 2, 3.852112, 32993141.365912, 32993141.365912
Z3, 14, 8, 4K, 126944.000000, 0.001395, 90999283.154122, 126944000.000000, 1.147954, 2, 3.852112, 37374603.836152, 37374603.836152
Z3, 15, 8, 4K, 91896.000000, 0.001233, 74530413.625304, 91896000.000000, 1.147954, 2, 3.852112, 34080829.930389, 34080829.930389
Z3, 16, 8, 4K, 51968.000000, 0.001234, 42113452.188006, 51968000.000000, 1.147954, 2, 3.852112, 27597437.642929, 27597437.642929
Z3, 17, 8, 4K, 33024.000000, 0.000963, 34292834.890966, 33024000.000000, 1.147954, 2, 3.852112, 26033314.183521, 26033314.183521
Z3, 18, 8, 4K, 183840.000000, 0.001878, 97891373.801917, 183840000.000000, 1.147954, 2, 3.852112, 38753021.965711, 38753021.965711
Z3, 19, 8, 4K, 154184.000000, 0.001668, 92436450.839329, 154184000.000000, 1.147954, 2, 3.852112, 37662037.373194, 37662037.373194
Z3, 20, 8, 4K, 155104.000000, 0.001564, 99171355.498721, 155104000.000000, 1.147954, 2, 3.852112, 39009018.305072, 39009018.305072
Z3, 21, 8, 4K, 164936.000000, 0.001860, 88675268.817204, 164936000.000000, 1.147954, 2, 3.852112, 36909800.968769, 36909800.968769
Z3, 22, 8, 4K, 148008.000000, 0.001588, 93204030.226700, 148008000.000000, 1.147954, 2, 3.852112, 37815553.250668, 37815553.250668
Z3, 23, 8, 4K, 158128.000000, 0.001530, 103351633.986928, 158128000.000000, 1.147954, 2, 3.852112, 39845074.002714, 39845074.002714
Z3, 24, 8, 4K, 212408.000000, 0.001792, 118531250.000000, 212408000.000000, 1.147954, 2, 3.852112, 42880997.205328, 42880997.205328
Z3, 25, 8, 4K, 148464.000000, 0.001521, 97609467.455621, 148464000.000000, 1.147954, 2, 3.852112, 38696640.696452, 38696640.696452
Z3, 26, 8, 4K, 105600.000000, 0.001263, 83610451.306413, 105600000.000000, 1.147954, 2, 3.852112, 35896837.466611, 35896837.466611
Z3, 27, 8, 4K, 99296.000000, 0.001359, 73065489.330390, 99296000.000000, 1.147954, 2, 3.852112, 33787845.071406, 33787845.071406
Z3, 28, 8, 4K, 81552.000000, 0.000985, 82793908.629442, 81552000.000000, 1.147954, 2, 3.852112, 35733528.931216, 35733528.931216
Z3, 29, 8, 4K, 74800.000000, 0.001210, 61818181.818182, 74800000.000000, 1.147954, 2, 3.852112, 31538383.568964, 31538383.568964
Z3, 30, 8, 4K, 60904.000000, 0.001064, 57240601.503759, 60904000.000000, 1.147954, 2, 3.852112, 30622867.506080, 30622867.506080
Z3, 31, 8, 4K, 56704.000000, 0.001139, 49784021.071115, 56704000.000000, 1.147954, 2, 3.852112, 29131551.419551, 29131551.419551
Z3, 32, 8, 4K, 77872.000000, 0.001148, 67832752.613240, 77872000.000000, 1.147954, 2, 3.852112, 32741297.727976, 32741297.727976
Z3, 33, 8, 4K, 87632.000000, 0.001424, 61539325.842697, 87632000.000000, 1.147954, 2, 3.852112, 31482612.373867, 31482612.373867
Z3, 34, 8, 4K, 57472.000000, 0.001131, 50815207.780725, 57472000.000000, 1.147954, 2, 3.852112, 29337788.761473, 29337788.761473
Z3, 35, 8, 4K, 71616.000000, 0.001220, 58701639.344262, 71616000.000000, 1.147954, 2, 3.852112, 30915075.074181, 30915075.074181
Z3, 36, 8, 4K, 59800.000000, 0.001213, 49299258.037923, 59800000.000000, 1.147954, 2, 3.852112, 29034598.812913, 29034598.812913
Z3, 37, 8, 4K, 54240.000000, 0.001109, 48908926.961226, 54240000.000000, 1.147954, 2, 3.852112, 28956532.597573, 28956532.597573
Z3, 38, 8, 4K, 48376.000000, 0.001103, 43858567.543064, 48376000.000000, 1.147954, 2, 3.852112, 27946460.713941, 27946460.713941
Z1, 0, 9, 4K, 143136.000000, 0.026134, 5477003.137675, 5505224.000000, 1.017661, 2, 3.982405, 27224290.676846, 27224290.676846
Z2, 0, 9, 4K, 6624.000000, 0.021421, 309229.261006, 315424.000000, 1.017661, 2, 3.982405, 26190735.901513, 26190735.901513
Z2, 1, 9, 4K, 13352.000000, 0.000856, 15598130.841121, 13352000.000000, 1.017661, 2, 3.982405, 29248516.217536, 29248516.217536
Z2, 2, 9, 4K, 12808.000000, 0.000861, 14875725.900116, 12808000.000000, 1.017661, 2, 3.982405, 29104035.229335, 29104035.229335
Z2, 3, 9, 4K, 62864.000000, 0.001122, 56028520.499109, 62864000.000000, 1.017661, 2, 3.982405, 37334594.149133, 37334594.149133
Z2, 4, 9, 4K, 158280.000000, 0.001409, 112334989.354152, 158280000.000000, 1.017661, 2, 3.982405, 48595887.920142, 48595887.920142
Z2, 5, 9, 4K, 143784.000000, 0.001451, 99093039.283253, 143784000.000000, 1.017661, 2, 3.982405, 45947497.905962, 45947497.905962
Z2, 6, 9, 4K, 59784.000000, 0.001082, 55253234.750462, 59784000.000000, 1.017661, 2, 3.982405, 37179536.999404, 37179536.999404
Z2, 7, 9, 4K, 59624.000000, 0.001203, 49562759.767249, 59624000.000000, 1.017661, 2, 3.982405, 36041442.002761, 36041442.002761
Z3, 0, 9, 4K, 19152.000000, 0.020809, 920370.993320, 957600.000000, 1.017661, 2, 3.982405, 26312964.247976, 26312964.247976
Z3, 1, 9, 4K, 15048.000000, 0.000856, 17579439.252336, 15048000.000000, 1.017661, 2, 3.982405, 29644777.899779, 29644777.899779
Z3, 2, 9, 4K, 13656.000000, 0.000773, 17666235.446313, 13656000.000000, 1.017661, 2, 3.982405, 29662137.138574, 29662137.138574
Z3, 3, 9, 4K, 15568.000000, 0.001031, 15099903.006790, 15568000.000000, 1.017661, 2, 3.982405, 29148870.650669, 29148870.650669
Z3, 4, 9, 4K, 19992.000000, 0.001203, 16618453.865337, 19992000.000000, 1.017661, 2, 3.982405, 29452580.822379, 29452580.822379
Z3, 5, 9, 4K, 43816.000000, 0.001322, 33143721.633888, 43816000.000000, 1.017661, 2, 3.982405, 32757634.376089, 32757634.376089
Z3, 6, 9, 4K, 32640.000000, 0.001346, 24249628.528975, 32640000.000000, 1.017661, 2, 3.982405, 30978815.755106, 30978815.755106
Z3, 7, 9, 4K, 13112.000000, 0.000893, 14683090.705487, 13112000.000000, 1.017661, 2, 3.982405, 29065508.190409, 29065508.190409
Z3, 8, 9, 4K, 12720.000000, 0.001011, 12581602.373887, 12720000.000000, 1.017661, 2, 3.982405, 28645210.524089, 28645210.524089
Z3, 9, 9, 4K, 11704.000000, 0.000764, 15319371.727749, 11704000.000000, 1.017661, 2, 3.982405, 29192764.394861, 29192764.394861
Z3, 10, 9, 4K, 56456.000000, 0.001139, 49566286.215979, 56456000.000000, 1.017661, 2, 3.982405, 36042147.292507, 36042147.292507
Z3, 11, 9, 4K, 42936.000000, 0.000971, 44218331.616890, 42936000.000000, 1.017661, 2, 3.982405, 34972556.372689, 34972556.372689
Z3, 12, 9, 4K, 49664.000000, 0.001166, 42593481.989708, 49664000.000000, 1.017661, 2, 3.982405, 34647586.447253, 34647586.447253
Z3, 13, 9, 4K, 55832.000000, 0.000921, 60621064.060803, 55832000.000000, 1.017661, 2, 3.982405, 38253102.861472, 38253102.861472
Z3, 14, 9, 4K, 101440.000000, 0.001467, 69147920.927062, 101440000.000000, 1.017661, 2, 3.982405, 39958474.234724, 39958474.234724
Z3, 15, 9, 4K, 127064.000000, 0.001456, 87269230.769231, 127064000.000000, 1.017661, 2, 3.982405, 43582736.203158, 43582736.203158
Z3, 16, 9, 4K, 186256.000000, 0.001865, 99869168.900804, 186256000.000000, 1.017661, 2, 3.982405, 46102723.829472, 46102723.829472
Z3, 17, 9, 4K, 117264.000000, 0.001530, 76643137.254902, 117264000.000000, 1.017661, 2, 3.982405, 41457517.500292, 41457517.500292
Z3, 18, 9, 4K, 90064.000000, 0.001382, 65169319.826339, 90064000.000000, 1.017661, 2, 3.982405, 39162754.014579, 39162754.014579
Z3, 19, 9, 4K, 46808.000000, 0.001338, 34983557.548580, 46808000.000000, 1.017661, 2, 3.982405, 33125601.559027, 33125601.559027
Z3, 20, 9, 4K, 65080.000000, 0.001558, 41771501.925546, 65080000.000000, 1.017661, 2, 3.982405, 34483190.434421, 34483190.434421
Z3, 21, 9, 4K, 210712.000000, 0.002602, 80980784.012298, 105356000.000000, 1.017661, 2, 3.982405, 42325046.851771, 42325046.851771
Z3, 22, 9, 4K, 212696.000000, 0.002522, 84336241.078509, 106348000.000000, 1.017661, 2, 3.982405, 42996138.265013, 42996138.265013
Z3, 23, 9, 4K, 204264.000000, 0.002357, 86662706.830717, 102132000.000000, 1.017661, 2, 3.982405, 43461431.415455, 43461431.415455
Z3, 24, 9, 4K, 225960.000000, 0.001804, 125254988.913525, 225960000.000000, 1.017661, 2, 3.982405, 51179887.832017, 51179887.832017
Z3, 25, 9, 4K, 199056.000000, 0.001831, 108714363.735664, 199056000.000000, 1.017661, 2, 3.982405, 47871762.796444, 47871762.796444
Z3, 26, 9, 4K, 204104.000000, 0.001820, 112145054.945055, 204104000.000000, 1.017661, 2, 3.982405, 48557901.038322, 48557901.038322
Z3, 27, 9, 4K, 264656.000000, 0.002080, 127238461.538462, 132328000.000000, 1.017661, 2, 3.982405, 51576582.357004, 51576582.357004
Z3, 28, 9, 4K, 229440.000000, 0.002009, 114206072.672972, 114720000.000000, 1.017661, 2, 3.982405, 48970104.583906, 48970104.583906
Z3, 29, 9, 4K, 144400.000000, 0.001667, 86622675.464907, 144400000.000000, 1.017661, 2, 3.982405, 43453425.142293, 43453425.142293
Z3, 30, 9, 4K, 71424.000000, 0.001353, 52789356.984479, 71424000.000000, 1.017661, 2, 3.982405, 36686761.446207, 36686761.446207
Z3, 31, 9, 4K, 71768.000000, 0.001084, 66206642.066421, 71768000.000000, 1.017661, 2, 3.982405, 39370218.462596, 39370218.462596
Z3, 32, 9, 4K, 78016.000000, 0.001197, 65176274.018379, 78016000.000000, 1.017661, 2, 3.982405, 39164144.852987, 39164144.852987
Z3, 33, 9, 4K, 85112.000000, 0.001313, 64822543.792841, 85112000.000000, 1.017661, 2, 3.982405, 39093398.807880, 39093398.807880
Z3, 34, 9, 4K, 105792.000000, 0.001279, 82714620.797498, 105792000.000000, 1.017661, 2, 3.982405, 42671814.208811, 42671814.208811
Z3, 35, 9, 4K, 59104.000000, 0.001052, 56182509.505703, 59104000.000000, 1.017661, 2, 3.982405, 37365391.950452, 37365391.950452
Z3, 36, 9, 4K, 89744.000000, 0.001326, 67680241.327300, 89744000.000000, 1.017661, 2, 3.982405, 39664938.314771, 39664938.314771
Z3, 37, 9, 4K, 82576.000000, 0.001277, 64664056.382146, 82576000.000000, 1.017661, 2, 3.982405, 39061701.325741, 39061701.325741
Z3, 38, 9, 4K, 72616.000000, 0.001104, 65775362.318841, 72616000.000000, 1.017661, 2, 3.982405, 39283962.513080, 39283962.513080
Z1, 0, 10, 4K, 91896.000000, 0.021343, 4305673.991473, 4376000.000000, 1.000000, 2, 5.118668, 32869779.245216, 32869779.245216
Z2, 0, 10, 4K, 11528.000000, 0.021803, 528734.577810, 548952.000000, 1.000000, 2, 5.118668, 32114391.362484, 32114391.362484
Z2, 1, 10, 4K, 75360.000000, 0.001118, 67406082.289803, 75360000.000000, 1.000000, 2, 5.118668, 45489860.904882, 45489860.904882
Z2, 2, 10, 4K, 99416.000000, 0.001403, 70859586.600143, 99416000.000000, 1.000000, 2, 5.118668, 46180561.766950, 46180561.766950
Z2, 3, 10, 4K, 176696.000000, 0.001562, 113121638.924456, 176696000.000000, 1.000000, 2, 5.118668, 54632972.231813, 54632972.231813
Z2, 4, 10, 4K, 150256.000000, 0.001455, 103268728.522337, 150256000.000000, 1.000000, 2, 5.118668, 52662390.151389, 52662390.151389
Z2, 5, 10, 4K, 171632.000000, 0.001566, 109598978.288633, 171632000.000000, 1.000000, 2, 5.118668, 53928440.104649, 53928440.104649
Z2, 6, 10, 4K, 75936.000000, 0.001297, 58547417.116423, 75936000.000000, 1.000000, 2, 5.118668, 43718127.870206, 43718127.870206
Z2, 7, 10, 4K, 96152.000000, 0.001373, 70030589.949017, 96152000.000000, 1.000000, 2, 5.118668, 46014762.436725, 46014762.436725
Z3, 0, 10, 4K, 6624.000000, 0.021969, 301515.772224, 315424.000000, 1.000000, 2, 5.118668, 32068947.601367, 32068947.601367
Z3, 1, 10, 4K, 21424.000000, 0.000935, 22913368.983957, 21424000.000000, 1.000000, 2, 5.118668, 36591318.243713, 36591318.243713
Z3, 2, 10, 4K, 61888.000000, 0.000962, 64332640.332640, 61888000.000000, 1.000000, 2, 5.118668, 44875172.513450, 44875172.513450
Z3, 3, 10, 4K, 32688.000000, 0.001028, 31797665.369650, 32688000.000000, 1.000000, 2, 5.118668, 38368177.520852, 38368177.520852
Z3, 4, 10, 4K, 21168.000000, 0.000839, 25230035.756853, 21168000.000000, 1.000000, 2, 5.118668, 37054651.598292, 37054651.598292
Z3, 5, 10, 4K, 28472.000000, 0.001000, 28472000.000000, 28472000.000000, 1.000000, 2, 5.118668, 37703044.446922, 37703044.446922
Z3, 6, 10, 4K, 45352.000000, 0.001037, 43733847.637416, 45352000.000000, 1.000000, 2, 5.118668, 40755413.974405, 40755413.974405
Z3, 7, 10, 4K, 72936.000000, 0.001113, 65530997.304582, 72936000.000000, 1.000000, 2, 5.118668, 45114843.907838, 45114843.907838
Z3, 8, 10, 4K, 27848.000000, 0.000880, 31645454.545455, 27848000.000000, 1.000000, 2, 5.118668, 38337735.356013, 38337735.356013
Z3, 9, 10, 4K, 13192.000000, 0.000870, 15163218.390805, 13192000.000000, 1.000000, 2, 5.118668, 35041288.125083, 35041288.125083
Z3, 10, 10, 4K, 11896.000000, 0.000909, 13086908.690869, 11896000.000000, 1.000000, 2, 5.118668, 34626026.185096, 34626026.185096
Z3, 11, 10, 4K, 11408.000000, 0.000879, 12978384.527873, 11408000.000000, 1.000000, 2, 5.118668, 34604321.352496, 34604321.352496
Z3, 12, 10, 4K, 100176.000000, 0.001262, 79378763.866878, 100176000.000000, 1.000000, 2, 5.118668, 47884397.220297, 47884397.220297
Z3, 13, 10, 4K, 71264.000000, 0.001216, 58605263.157895, 71264000.000000, 1.000000, 2, 5.118668, 43729697.078501, 43729697.078501
Z3, 14, 10, 4K, 87864.000000, 0.001312, 66969512.195122, 87864000.000000, 1.000000, 2, 5.118668, 45402546.885946, 45402546.885946
Z3, 15, 10, 4K, 125616.000000, 0.001392, 90241379.310345, 125616000.000000, 1.000000, 2, 5.118668, 50056920.308991, 50056920.308991
Z3, 16, 10, 4K, 148008.000000, 0.001399, 105795568.263045, 148008000.000000, 1.000000, 2, 5.118668, 53167758.099531, 53167758.099531
Z3, 17, 10, 4K, 196960.000000, 0.001736, 113456221.198157, 196960000.000000, 1.000000, 2, 5.118668, 54699888.686553, 54699888.686553
Z3, 18, 10, 4K, 128568.000000, 0.001476, 87105691.056911, 128568000.000000, 1.000000, 2, 5.118668, 49429782.658304, 49429782.658304
Z3, 19, 10, 4K, 101392.000000, 0.001411, 71858256.555634, 101392000.000000, 1.000000, 2, 5.118668, 46380295.758049, 46380295.758049
Z3, 20, 10, 4K, 96624.000000, 0.001261, 76624900.872324, 96624000.000000, 1.000000, 2, 5.118668, 47333624.621387, 47333624.621387
Z3, 21, 10, 4K, 235888.000000, 0.001941, 121529108.706852, 235888000.000000, 1.000000, 2, 5.118668, 56314466.188292, 56314466.188292
Z3, 22, 10, 4K, 238056.000000, 0.002019, 117907875.185736, 119028000.000000, 1.000000, 2, 5.118668, 55590219.484069, 55590219.484069
Z3, 23, 10, 4K, 231240.000000, 0.002026, 114136229.022705, 115620000.000000, 1.000000, 2, 5.118668, 54835890.251463, 54835890.251463
Z3, 24, 10, 4K, 299680.000000, 0.002552, 117429467.084640, 149840000.000000, 1.000000, 2, 5.118668, 55494537.863850, 55494537.863850
Z3, 25, 10, 4K, 228120.000000, 0.001867, 122185324.049277, 228120000.000000, 1.000000, 2, 5.118668, 56445709.256777, 56445709.256777
Z3, 26, 10, 4K, 227320.000000, 0.001813, 125383342.526200, 227320000.000000, 1.000000, 2, 5.118668, 57085312.952162, 57085312.952162
Z3, 27, 10, 4K, 304072.000000, 0.001941, 156657393.096342, 304072000.000000, 1.000000, 2, 5.118668, 63340123.066190, 63340123.066190
Z3, 28, 10, 4K, 353400.000000, 0.002325, 152000000.000000, 176700000.000000, 1.000000, 2, 5.118668, 62408644.446922, 62408644.446922
Z3, 29, 10, 4K, 172656.000000, 0.001601, 107842598.376015, 172656000.000000, 1.000000, 2, 5.118668, 53577164.122125, 53577164.122125
Z3, 30, 10, 4K, 98848.000000, 0.001364, 72469208.211144, 98848000.000000, 1.000000, 2, 5.118668, 46502486.089151, 46502486.089151
Z3, 31, 10, 4K, 91496.000000, 0.001346, 67976225.854383, 91496000.000000, 1.000000, 2, 5.118668, 45603889.617798, 45603889.617798
Z3, 32, 10, 4K, 97576.000000, 0.001404, 69498575.498575, 97576000.000000, 1.000000, 2, 5.118668, 45908359.546637, 45908359.546637
Z3, 33, 10, 4K, 97704.000000, 0.001411, 69244507.441531, 97704000.000000, 1.000000, 2, 5.118668, 45857545.935228, 45857545.935228
Z3, 34, 10, 4K, 88320.000000, 0.001290, 68465116.279070, 88320000.000000, 1.000000, 2, 5.118668, 45701667.702736, 45701667.702736
Z3, 35, 10, 4K, 87440.000000, 0.001381, 63316437.364229, 87440000.000000, 1.000000, 2, 5.118668, 44671931.919768, 44671931.919768
Z3, 36, 10, 4K, 104440.000000, 0.001434, 72831241.283124, 104440000.000000, 1.000000, 2, 5.118668, 46574892.703547, 46574892.703547
Z3, 37, 10, 4K, 121960.000000, 0.001446, 84343015.214385, 121960000.000000, 1.000000, 2, 5.118668, 48877247.489799, 48877247.489799
Z3, 38, 10, 4K, 101328.000000, 0.004454, 22749887.741356, 25332000.000000, 1.000000, 2, 5.118668, 36558621.995193, 36558621.995193
Z1, 0, 11, 4K, 106528.000000, 0.025187, 4229483.463692, 4261120.000000, 1.862866, 2, 5.255802, 31999714.642419, 31999714.642419
Z2, 0, 11, 4K, 20560.000000, 0.023058, 891664.498222, 893912.000000, 1.862866, 2, 5.255802, 31332150.849325, 31332150.849325
Z2, 1, 11, 4K, 91920.000000, 0.001919, 47899947.889526, 91920000.000000, 1.862866, 2, 5.255802, 40733807.527586, 40733807.527586
Z2, 2, 11, 4K, 89648.000000, 0.001390, 64494964.028777, 89648000.000000, 1.862866, 2, 5.255802, 44052810.755436, 44052810.755436
Z2, 3, 11, 4K, 207096.000000, 0.002065, 100288619.854722, 103548000.000000, 1.862866, 2, 5.255802, 51211541.920625, 51211541.920625
Z2, 4, 11, 4K, 144872.000000, 0.001523, 95122783.978989, 144872000.000000, 1.862866, 2, 5.255802, 50178374.745479, 50178374.745479
Z2, 5, 11, 4K, 187144.000000, 0.001891, 98965626.652565, 187144000.000000, 1.862866, 2, 5.255802, 50946943.280194, 50946943.280194
Z2, 6, 11, 4K, 96736.000000, 0.001273, 75990573.448547, 96736000.000000, 1.862866, 2, 5.255802, 46351932.639390, 46351932.639390
Z2, 7, 11, 4K, 148752.000000, 0.001448, 102729281.767956, 148752000.000000, 1.862866, 2, 5.255802, 51699674.303272, 51699674.303272
Z3, 0, 11, 4K, 6624.000000, 0.022886, 289434.588832, 301088.000000, 1.862866, 2, 5.255802, 31211704.867447, 31211704.867447
Z3, 1, 11, 4K, 30984.000000, 0.000876, 35369863.013699, 30984000.000000, 1.862866, 2, 5.255802, 38227790.552421, 38227790.552421
Z3, 2, 11, 4K, 34936.000000, 0.001250, 27948800.000000, 34936000.000000, 1.862866, 2, 5.255802, 36743577.949681, 36743577.949681
Z3, 3, 11, 4K, 27632.000000, 0.005934, 4656555.443209, 5526400.000000, 1.862866, 2, 5.255802, 32085129.038323, 32085129.038323
Z3, 4, 11, 4K, 23520.000000, 0.000997, 23590772.316951, 23520000.000000, 1.862866, 2, 5.255802, 35871972.413071, 35871972.413071
Z3, 5, 11, 4K, 31368.000000, 0.001261, 24875495.638382, 31368000.000000, 1.862866, 2, 5.255802, 36128917.077357, 36128917.077357
Z3, 6, 11, 4K, 54312.000000, 0.001084, 50103321.033210, 54312000.000000, 1.862866, 2, 5.255802, 41174482.156323, 41174482.156323
Z3, 7, 11, 4K, 40752.000000, 0.000984, 41414634.146341, 40752000.000000, 1.862866, 2, 5.255802, 39436744.778949, 39436744.778949
Z3, 8, 11, 4K, 38360.000000, 0.001139, 33678665.496049, 38360000.000000, 1.862866, 2, 5.255802, 37889551.048891, 37889551.048891
Z3, 9, 11, 4K, 36560.000000, 0.001000, 36560000.000000, 36560000.000000, 1.862866, 2, 5.255802, 38465817.949681, 38465817.949681
Z3, 10, 11, 4K, 21080.000000, 0.001267, 16637726.913970, 21080000.000000, 1.862866, 2, 5.255802, 34481363.332475, 34481363.332475
Z3, 11, 11, 4K, 15416.000000, 0.000850, 18136470.588235, 15416000.000000, 1.862866, 2, 5.255802, 34781112.067328, 34781112.067328
Z3, 12, 11, 4K, 138720.000000, 0.001710, 81122807.017544, 138720000.000000, 1.862866, 2, 5.255802, 47378379.353190, 47378379.353190
Z3, 13, 11, 4K, 120856.000000, 0.001517, 79667765.326302, 120856000.000000, 1.862866, 2, 5.255802, 47087371.014941, 47087371.014941
Z3, 14, 11, 4K, 114584.000000, 0.001429, 80184744.576627, 114584000.000000, 1.862866, 2, 5.255802, 47190766.865006, 47190766.865006
Z3, 15, 11, 4K, 144272.000000, 0.001427, 101101611.772950, 144272000.000000, 1.862866, 2, 5.255802, 51374140.304271, 51374140.304271
Z3, 16, 11, 4K, 138616.000000, 0.001821, 76120812.740253, 138616000.000000, 1.862866, 2, 5.255802, 46377980.497732, 46377980.497732
Z3, 17, 11, 4K, 211528.000000, 0.002278, 92856892.010536, 105764000.000000, 1.862866, 2, 5.255802, 49725196.351788, 49725196.351788
Z3, 18, 11, 4K, 135616.000000, 0.001527, 88812049.770792, 135616000.000000, 1.862866, 2, 5.255802, 48916227.903840, 48916227.903840
Z3, 19, 11, 4K, 99488.000000, 0.001246, 79845906.902087, 99488000.000000, 1.862866, 2, 5.255802, 47122999.330098, 47122999.330098
Z3, 20, 11, 4K, 90224.000000, 0.001295, 69671042.471042, 90224000.000000, 1.862866, 2, 5.255802, 45088026.443890, 45088026.443890
Z3, 21, 11, 4K, 254456.000000, 0.002483, 102479258.960934, 127228000.000000, 1.862866, 2, 5.255802, 51649669.741868, 51649669.741868
Z3, 22, 11, 4K, 295200.000000, 0.002540, 116220472.440945, 147600000.000000, 1.862866, 2, 5.255802, 54397912.437870, 54397912.437870
Z3, 23, 11, 4K, 337696.000000, 0.002494, 135403368.083400, 168848000.000000, 1.862866, 2, 5.255802, 58234491.566361, 58234491.566361
Z3, 24, 11, 4K, 372720.000000, 0.002506, 148731045.490822, 186360000.000000, 1.862866, 2, 5.255802, 60900027.047845, 60900027.047845
Z3, 25, 11, 4K, 225672.000000, 0.001575, 143283809.523810, 225672000.000000, 1.862866, 2, 5.255802, 59810579.854443, 59810579.854443
Z3, 26, 11, 4K, 265312.000000, 0.002162, 122716003.700278, 132656000.000000, 1.862866, 2, 5.255802, 55697018.689737, 55697018.689737
Z3, 27, 11, 4K, 373248.000000, 0.002373, 157289506.953224, 186624000.000000, 1.862866, 2, 5.255802, 62611719.340326, 62611719.340326
Z3, 28, 11, 4K, 513952.000000, 0.002546, 201866457.187745, 256976000.000000, 1.862866, 2, 5.255802, 71527109.387230, 71527109.387230
Z3, 29, 11, 4K, 265808.000000, 0.001898, 140046364.594310, 265808000.000000, 1.862866, 2, 5.255802, 59163090.868543, 59163090.868543
Z3, 30, 11, 4K, 102392.000000, 0.001333, 76813203.300825, 102392000.000000, 1.862866, 2, 5.255802, 46516458.609846, 46516458.609846
Z3, 31, 11, 4K, 91552.000000, 0.001128, 81163120.567376, 91552000.000000, 1.862866, 2, 5.255802, 47386442.063156, 47386442.063156
Z3, 32, 11, 4K, 101968.000000, 0.001320, 77248484.848485, 101968000.000000, 1.862866, 2, 5.255802, 46603514.919378, 46603514.919378
Z3, 33, 11, 4K, 107392.000000, 0.001398, 76818311.874106, 107392000.000000, 1.862866, 2, 5.255802, 46517480.324502, 46517480.324502
Z3, 34, 11, 4K, 80560.000000, 0.001310, 61496183.206107, 80560000.000000, 1.862866, 2, 5.255802, 43453054.590902, 43453054.590902
Z3, 35, 11, 4K, 93112.000000, 0.001362, 68364170.337739, 93112000.000000, 1.862866, 2, 5.255802, 44826652.017229, 44826652.017229
Z3, 36, 11, 4K, 90024.000000, 0.001267, 71052880.820837, 90024000.000000, 1.862866, 2, 5.255802, 45364394.113848, 45364394.113848
Z3, 37, 11, 4K, 76112.000000, 0.001165, 65332188.841202, 76112000.000000, 1.862866, 2, 5.255802, 44220255.717921, 44220255.717921
Z3, 38, 11, 4K, 104384.000000, 0.001349, 77378799.110452, 104384000.000000, 1.862866, 2, 5.255802, 46629577.771771, 46629577.771771
Z1, 0, 12, 4K, 177168.000000, 0.027864, 6358311.800172, 6561776.000000, 1.711091, 2, 5.407577, 43224185.702777, 43224185.702777
Z2, 0, 12, 4K, 6624.000000, 0.027063, 244762.221483, 245328.000000, 1.711091, 2, 5.407577, 42001475.787039, 42001475.787039
Z2, 1, 12, 4K, 20480.000000, 0.001445, 14173010.380623, 20480000.000000, 1.711091, 2, 5.407577, 44787125.418867, 44787125.418867
Z2, 2, 12, 4K, 11144.000000, 0.000660, 16884848.484848, 11144000.000000, 1.711091, 2, 5.407577, 45329493.039712, 45329493.039712
Z2, 3, 12, 4K, 104480.000000, 0.001710, 61099415.204678, 104480000.000000, 1.711091, 2, 5.407577, 54172406.383678, 54172406.383678
Z2, 4, 12, 4K, 214760.000000, 0.001800, 119311111.111111, 214760000.000000, 1.711091, 2, 5.407577, 65814745.564965, 65814745.564965
Z2, 5, 12, 4K, 256424.000000, 0.002118, 121068932.955619, 128212000.000000, 1.711091, 2, 5.407577, 66166309.933866, 66166309.933866
Z2, 6, 12, 4K, 80536.000000, 0.001810, 44495027.624309, 80536000.000000, 1.711091, 2, 5.407577, 50851528.867605, 50851528.867605
Z2, 7, 12, 4K, 97728.000000, 0.001489, 65633310.946944, 97728000.000000, 1.711091, 2, 5.407577, 55079185.532132, 55079185.532132
Z3, 0, 12, 4K, 19496.000000, 0.021162, 921273.981665, 928376.000000, 1.711091, 2, 5.407577, 42136778.139076, 42136778.139076
Z3, 1, 12, 4K, 41600.000000, 0.000895, 46480446.927374, 41600000.000000, 1.711091, 2, 5.407577, 51248612.728218, 51248612.728218
Z3, 2, 12, 4K, 26232.000000, 0.001068, 24561797.752809, 26232000.000000, 1.711091, 2, 5.407577, 46864882.893304, 46864882.893304
Z3, 3, 12, 4K, 35912.000000, 0.001230, 29196747.967480, 35912000.000000, 1.711091, 2, 5.407577, 47791872.936239, 47791872.936239
Z3, 4, 12, 4K, 31912.000000, 0.000814, 39203931.203931, 31912000.000000, 1.711091, 2, 5.407577, 49793309.583529, 49793309.583529
Z3, 5, 12, 4K, 19240.000000, 0.000837, 22986857.825568, 19240000.000000, 1.711091, 2, 5.407577, 46549894.907856, 46549894.907856
Z3, 6, 12, 4K, 15136.000000, 0.000870, 17397701.149425, 15136000.000000, 1.711091, 2, 5.407577, 45432063.572628, 45432063.572628
Z3, 7, 12, 4K, 11880.000000, 0.000831, 14296028.880866, 11880000.000000, 1.711091, 2, 5.407577, 44811729.118916, 44811729.118916
Z3, 8, 12, 4K, 11424.000000, 0.000812, 14068965.517241, 11424000.000000, 1.711091, 2, 5.407577, 44766316.446191, 44766316.446191
Z3, 9, 12, 4K, 12184.000000, 0.000878, 13876993.166287, 12184000.000000, 1.711091, 2, 5.407577, 44727921.976000, 44727921.976000
Z3, 10, 12, 4K, 110704.000000, 0.001618, 68420271.940667, 110704000.000000, 1.711091, 2, 5.407577, 55636577.730876, 55636577.730876
Z3, 11, 12, 4K, 129784.000000, 0.001401, 92636688.079943, 129784000.000000, 1.711091, 2, 5.407577, 60479860.958731, 60479860.958731
Z3, 12, 12, 4K, 166568.000000, 0.001425, 116889824.561403, 166568000.000000, 1.711091, 2, 5.407577, 65330488.255023, 65330488.255023
Z3, 13, 12, 4K, 122960.000000, 0.001470, 83646258.503401, 122960000.000000, 1.711091, 2, 5.407577, 58681775.043423, 58681775.043423
Z3, 14, 12, 4K, 171640.000000, 0.001662, 103273164.861613, 171640000.000000, 1.711091, 2, 5.407577, 62607156.315065, 62607156.315065
Z3, 15, 12, 4K, 164560.000000, 0.001611, 102147734.326505, 164560000.000000, 1.711091, 2, 5.407577, 62382070.208044, 62382070.208044
Z3, 16, 12, 4K, 200832.000000, 0.006588, 30484517.304189, 33472000.000000, 1.711091, 2, 5.407577, 48049426.803581, 48049426.803581
Z3, 17, 12, 4K, 163440.000000, 0.001723, 94857806.152060, 163440000.000000, 1.711091, 2, 5.407577, 60924084.573155, 60924084.573155
Z3, 18, 12, 4K, 195408.000000, 0.001670, 117010778.443114, 195408000.000000, 1.711091, 2, 5.407577, 65354679.031365, 65354679.031365
Z3, 19, 12, 4K, 141952.000000, 0.001508, 94132625.994695, 141952000.000000, 1.711091, 2, 5.407577, 60779048.541682, 60779048.541682
Z3, 20, 12, 4K, 115864.000000, 0.001409, 82231369.765791, 115864000.000000, 1.711091, 2, 5.407577, 58398797.295901, 58398797.295901
Z3, 21, 12, 4K, 248576.000000, 0.001995, 124599498.746867, 248576000.000000, 1.711091, 2, 5.407577, 66872423.092116, 66872423.092116
Z3, 22, 12, 4K, 345040.000000, 0.002495, 138292585.170341, 172520000.000000, 1.711091, 2, 5.407577, 69611040.376811, 69611040.376811
Z3, 23, 12, 4K, 295296.000000, 0.002228, 132538599.640934, 147648000.000000, 1.711091, 2, 5.407577, 68460243.270929, 68460243.270929
Z3, 24, 12, 4K, 385520.000000, 0.002247, 171570983.533600, 192760000.000000, 1.711091, 2, 5.407577, 76266720.049463, 76266720.049463
Z3, 25, 12, 4K, 219952.000000, 0.001640, 134117073.170732, 219952000.000000, 1.711091, 2, 5.407577, 68775937.976889, 68775937.976889
Z3, 26, 12, 4K, 323240.000000, 0.002456, 131612377.850163, 161620000.000000, 1.711091, 2, 5.407577, 68274998.912775, 68274998.912775
Z3, 27, 12, 4K, 481656.000000, 0.002272, 211996478.873239, 240828000.000000, 1.711091, 2, 5.407577, 84351819.117391, 84351819.117391
Z3, 28, 12, 4K, 552784.000000, 0.002468, 223980551.053485, 276392000.000000, 1.711091, 2, 5.407577, 86748633.553440, 86748633.553440
Z3, 29, 12, 4K, 439328.000000, 0.002335, 188149036.402570, 219664000.000000, 1.711091, 2, 5.407577, 79582330.623257, 79582330.623257
Z3, 30, 12, 4K, 78928.000000, 0.001294, 60995363.214838, 78928000.000000, 1.711091, 2, 5.407577, 54151595.985710, 54151595.985710
Z3, 31, 12, 4K, 90936.000000, 0.001781, 51058955.642897, 90936000.000000, 1.711091, 2, 5.407577, 52164314.471322, 52164314.471322
Z3, 32, 12, 4K, 108688.000000, 0.001265, 85919367.588933, 108688000.000000, 1.711091, 2, 5.407577, 59136396.860529, 59136396.860529
Z3, 33, 12, 4K, 106656.000000, 0.001393, 76565685.570711, 106656000.000000, 1.711091, 2, 5.407577, 57265660.456885, 57265660.456885
Z3, 34, 12, 4K, 105120.000000, 0.001357, 77464996.315402, 105120000.000000, 1.711091, 2, 5.407577, 57445522.605823, 57445522.605823
Z3, 35, 12, 4K, 114168.000000, 0.001829, 62420995.079278, 114168000.000000, 1.711091, 2, 5.407577, 54436722.358598, 54436722.358598
Z3, 36, 12, 4K, 172408.000000, 0.001740, 99085057.471264, 172408000.000000, 1.711091, 2, 5.407577, 61769534.836996, 61769534.836996
Z3, 37, 12, 4K, 121920.000000, 0.001477, 82545700.744753, 121920000.000000, 1.711091, 2, 5.407577, 58461663.491693, 58461663.491693
Z3, 38, 12, 4K, 90808.000000, 0.001352, 67165680.473373, 90808000.000000, 1.711091, 2, 5.407577, 55385659.437417, 55385659.437417
Z1, 0, 13, 4K, 12072.000000, 0.023337, 517290.140121, 524864.000000, 1.553589, 2, 6.565079, 46717403.956828, 46717403.956828
Z2, 0, 13, 4K, 6624.000000, 0.021469, 308537.891844, 315424.000000, 1.553589, 2, 6.565079, 46675653.507173, 46675653.507173
Z2, 1, 13, 4K, 14096.000000, 0.001324, 10646525.679758, 14096000.000000, 1.553589, 2, 6.565079, 48743251.064756, 48743251.064756
Z2, 2, 13, 4K, 11568.000000, 0.001168, 9904109.589041, 11568000.000000, 1.553589, 2, 6.565079, 48594767.846613, 48594767.846613
Z2, 3, 13, 4K, 265632.000000, 0.002203, 120577394.462097, 132816000.000000, 1.553589, 2, 6.565079, 70729424.821224, 70729424.821224
Z2, 4, 13, 4K, 231376.000000, 0.002164, 106920517.560074, 115688000.000000, 1.553589, 2, 6.565079, 67998049.440819, 67998049.440819
Z2, 5, 13, 4K, 217208.000000, 0.002145, 101262470.862471, 108604000.000000, 1.553589, 2, 6.565079, 66866440.101298, 66866440.101298
Z2, 6, 13, 4K, 162672.000000, 0.001637, 99372021.991448, 162672000.000000, 1.553589, 2, 6.565079, 66488350.327094, 66488350.327094
Z2, 7, 13, 4K, 176832.000000, 0.001490, 118679194.630872, 176832000.000000, 1.553589, 2, 6.565079, 70349784.854979, 70349784.854979
Z3, 0, 13, 4K, 18240.000000, 0.023630, 771900.126957, 793040.000000, 1.553589, 2, 6.565079, 46768325.954196, 46768325.954196
Z3, 1, 13, 4K, 19120.000000, 0.000855, 22362573.099415, 19120000.000000, 1.553589, 2, 6.565079, 51086460.548687, 51086460.548687
Z3, 2, 13, 4K, 17576.000000, 0.000941, 18678002.125399, 17576000.000000, 1.553589, 2, 6.565079, 50349546.353884, 50349546.353884
Z3, 3, 13, 4K, 13752.000000, 0.001060, 12973584.905660, 13752000.000000, 1.553589, 2, 6.565079, 49208662.909936, 49208662.909936
Z3, 4, 13, 4K, 20424.000000, 0.000985, 20735025.380711, 20424000.000000, 1.553589, 2, 6.565079, 50760951.004946, 50760951.004946
Z3, 5, 13, 4K, 31888.000000, 0.001028, 31019455.252918, 31888000.000000, 1.553589, 2, 6.565079, 52817836.979388, 52817836.979388
Z3, 6, 13, 4K, 34824.000000, 0.000959, 36312825.860271, 34824000.000000, 1.553589, 2, 6.565079, 53876511.100859, 53876511.100859
Z3, 7, 13, 4K, 27304.000000, 0.001066, 25613508.442777, 27304000.000000, 1.553589, 2, 6.565079, 51736647.617360, 51736647.617360
Z3, 8, 13, 4K, 24832.000000, 0.000927, 26787486.515642, 24832000.000000, 1.553589, 2, 6.565079, 51971443.231933, 51971443.231933
Z3, 9, 13, 4K, 102416.000000, 0.001309, 78239877.769290, 102416000.000000, 1.553589, 2, 6.565079, 62261921.482662, 62261921.482662
Z3, 10, 13, 4K, 123344.000000, 0.001317, 93655277.145027, 123344000.000000, 1.553589, 2, 6.565079, 65345001.357810, 65345001.357810
Z3, 11, 13, 4K, 125056.000000, 0.001399, 89389563.974267, 125056000.000000, 1.553589, 2, 6.565079, 64491858.723658, 64491858.723658
Z3, 12, 13, 4K, 117608.000000, 0.001380, 85223188.405797, 117608000.000000, 1.553589, 2, 6.565079, 63658583.609964, 63658583.609964
Z3, 13, 13, 4K, 166128.000000, 0.001523, 109079448.456993, 166128000.000000, 1.553589, 2, 6.565079, 68429835.620203, 68429835.620203
Z3, 14, 13, 4K, 184040.000000, 0.001556, 118277634.961440, 184040000.000000, 1.553589, 2, 6.565079, 70269472.921092, 70269472.921092
Z3, 15, 13, 4K, 326472.000000, 0.002527, 129193510.091017, 163236000.000000, 1.553589, 2, 6.565079, 72452647.947008, 72452647.947008
Z3, 16, 13, 4K, 315832.000000, 0.002673, 118156378.600823, 157916000.000000, 1.553589, 2, 6.565079, 70245221.648969, 70245221.648969
Z3, 17, 13, 4K, 278216.000000, 0.002003, 138899650.524214, 139108000.000000, 1.553589, 2, 6.565079, 74393876.033647, 74393876.033647
Z3, 18, 13, 4K, 183344.000000, 0.001717, 106781595.806639, 183344000.000000, 1.553589, 2, 6.565079, 67970265.090132, 67970265.090132
Z3, 19, 13, 4K, 213632.000000, 0.001428, 149602240.896359, 213632000.000000, 1.553589, 2, 6.565079, 76534394.108076, 76534394.108076
Z3, 20, 13, 4K, 248704.000000, 0.001797, 138399554.813578, 248704000.000000, 1.553589, 2, 6.565079, 74293856.891520, 74293856.891520
Z3, 21, 13, 4K, 291920.000000, 0.002161, 135085608.514577, 145960000.000000, 1.553589, 2, 6.565079, 73631067.631720, 73631067.631720
Z3, 22, 13, 4K, 272896.000000, 0.001981, 137756688.541141, 272896000.000000, 1.553589, 2, 6.565079, 74165283.637032, 74165283.637032
Z3, 23, 13, 4K, 353984.000000, 0.002099, 168644116.245831, 176992000.000000, 1.553589, 2, 6.565079, 80342769.177971, 80342769.177971
Z3, 24, 13, 4K, 187896.000000, 0.004328, 43414048.059150, 46974000.000000, 1.553589, 2, 6.565079, 55296755.540634, 55296755.540634
Z3, 25, 13, 4K, 267712.000000, 0.002004, 133588822.355289, 133856000.000000, 1.553589, 2, 6.565079, 73331710.399862, 73331710.399862
Z3, 26, 13, 4K, 360608.000000, 0.002254, 159985803.016859, 180304000.000000, 1.553589, 2, 6.565079, 78611106.532176, 78611106.532176
Z3, 27, 13, 4K, 316984.000000, 0.005046, 62818866.428855, 63396800.000000, 1.553589, 2, 6.565079, 59177719.214575, 59177719.214575
Z3, 28, 13, 4K, 344104.000000, 0.002138, 160946679.139383, 172052000.000000, 1.553589, 2, 6.565079, 78803281.756681, 78803281.756681
Z3, 29, 13, 4K, 316392.000000, 0.002141, 147777673.984120, 158196000.000000, 1.553589, 2, 6.565079, 76169480.725628, 76169480.725628
Z3, 30, 13, 4K, 94808.000000, 0.001253, 75664804.469274, 94808000.000000, 1.553589, 2, 6.565079, 61746906.822659, 61746906.822659
Z3, 31, 13, 4K, 89856.000000, 0.001161, 77395348.837209, 89856000.000000, 1.553589, 2, 6.565079, 62093015.696246, 62093015.696246
Z3, 32, 13, 4K, 76680.000000, 0.001099, 69772520.473157, 76680000.000000, 1.553589, 2, 6.565079, 60568450.023436, 60568450.023436
Z3, 33, 13, 4K, 75464.000000, 0.001195, 63149790.794979, 75464000.000000, 1.553589, 2, 6.565079, 59243904.087800, 59243904.087800
Z3, 34, 13, 4K, 75568.000000, 0.001171, 64532877.882152, 75568000.000000, 1.553589, 2, 6.565079, 59520521.505235, 59520521.505235
Z3, 35, 13, 4K, 53048.000000, 0.001164, 45573883.161512, 53048000.000000, 1.553589, 2, 6.565079, 55728722.561107, 55728722.561107
Z3, 36, 13, 4K, 71632.000000, 0.001173, 61067348.678602, 71632000.000000, 1.553589, 2, 6.565079, 58827415.664525, 58827415.664525
Z3, 37, 13, 4K, 124120.000000, 0.001503, 82581503.659348, 124120000.000000, 1.553589, 2, 6.565079, 63130246.660674, 63130246.660674
Z3, 38, 13, 4K, 159576.000000, 0.001401, 113901498.929336, 159576000.000000, 1.553589, 2, 6.565079, 69394245.714672, 69394245.714672
Z1, 0, 14, 4K, 36464.000000, 0.021289, 1712809.432101, 1736376.000000, 1.403393, 2, 6.715275, 56581735.137324, 56581735.137324
Z2, 0, 14, 4K, 6624.000000, 0.020202, 327888.327888, 331200.000000, 1.403393, 2, 6.715275, 56304750.916481, 56304750.916481
Z2, 1, 14, 4K, 65528.000000, 0.001027, 63805258.033106, 65528000.000000, 1.403393, 2, 6.715275, 69000224.857525, 69000224.857525
Z2, 2, 14, 4K, 26120.000000, 0.000923, 28299024.918743, 26120000.000000, 1.403393, 2, 6.715275, 61898978.234652, 61898978.234652
Z2, 3, 14, 4K, 276584.000000, 0.002319, 119268650.280293, 138292000.000000, 1.403393, 2, 6.715275, 80092903.306962, 80092903.306962
Z2, 4, 14, 4K, 310648.000000, 0.002163, 143619047.619048, 155324000.000000, 1.403393, 2, 6.715275, 84962982.774713, 84962982.774713
Z2, 5, 14, 4K, 211048.000000, 0.001805, 116924099.722992, 211048000.000000, 1.403393, 2, 6.715275, 79623993.195502, 79623993.195502
Z2, 6, 14, 4K, 102528.000000, 0.001496, 68534759.358289, 102528000.000000, 1.403393, 2, 6.715275, 69946125.122561, 69946125.122561
Z2, 7, 14, 4K, 101856.000000, 0.004322, 23566867.191115, 25464000.000000, 1.403393, 2, 6.715275, 60952546.689126, 60952546.689126
Z3, 0, 14, 4K, 19944.000000, 0.020840, 957005.758157, 997200.000000, 1.403393, 2, 6.715275, 56430574.402535, 56430574.402535
Z3, 1, 14, 4K, 27688.000000, 0.000959, 28871741.397289, 27688000.000000, 1.403393, 2, 6.715275, 62013521.530361, 62013521.530361
Z3, 2, 14, 4K, 29160.000000, 0.000935, 31187165.775401, 29160000.000000, 1.403393, 2, 6.715275, 62476606.405984, 62476606.405984
Z3, 3, 14, 4K, 17040.000000, 0.000889, 19167604.049494, 17040000.000000, 1.403393, 2, 6.715275, 60072694.060802, 60072694.060802
Z3, 4, 14, 4K, 29288.000000, 0.000828, 35371980.676329, 29288000.000000, 1.403393, 2, 6.715275, 63313569.386169, 63313569.386169
Z3, 5, 14, 4K, 29392.000000, 0.001114, 26384201.077199, 29392000.000000, 1.403393, 2, 6.715275, 61516013.466343, 61516013.466343
Z3, 6, 14, 4K, 19864.000000, 0.001276, 15567398.119122, 19864000.000000, 1.403393, 2, 6.715275, 59352652.874728, 59352652.874728
Z3, 7, 14, 4K, 46568.000000, 0.001355, 34367527.675277, 46568000.000000, 1.403393, 2, 6.715275, 63112678.785959, 63112678.785959
Z3, 8, 14, 4K, 77848.000000, 0.001205, 64604149.377593, 77848000.000000, 1.403393, 2, 6.715275, 69160003.126422, 69160003.126422
Z3, 9, 14, 4K, 121432.000000, 0.001582, 76758533.501896, 121432000.000000, 1.403393, 2, 6.715275, 71590879.951283, 71590879.951283
Z3, 10, 14, 4K, 178104.000000, 0.001894, 94035902.851109, 178104000.000000, 1.403393, 2, 6.715275, 75046353.821125, 75046353.821125
Z3, 11, 14, 4K, 144672.000000, 0.001328, 108939759.036145, 144672000.000000, 1.403393, 2, 6.715275, 78027125.058132, 78027125.058132
Z3, 12, 14, 4K, 153792.000000, 0.001694, 90786304.604486, 153792000.000000, 1.403393, 2, 6.715275, 74396434.171801, 74396434.171801
Z3, 13, 14, 4K, 193616.000000, 0.001712, 113093457.943925, 193616000.000000, 1.403393, 2, 6.715275, 78857864.839689, 78857864.839689
Z3, 14, 14, 4K, 215184.000000, 0.002274, 94627968.337731, 107592000.000000, 1.403393, 2, 6.715275, 75164766.918450, 75164766.918450
Z3, 15, 14, 4K, 391928.000000, 0.002612, 150049004.594181, 195964000.000000, 1.403393, 2, 6.715275, 86248974.169740, 86248974.169740
Z3, 16, 14, 4K, 320024.000000, 0.002492, 128420545.746388, 160012000.000000, 1.403393, 2, 6.715275, 81923282.400181, 81923282.400181
Z3, 17, 14, 4K, 268840.000000, 0.001955, 137514066.496164, 268840000.000000, 1.403393, 2, 6.715275, 83741986.550136, 83741986.550136
Z3, 18, 14, 4K, 275832.000000, 0.002130, 129498591.549296, 137916000.000000, 1.403393, 2, 6.715275, 82138891.560763, 82138891.560763
Z3, 19, 14, 4K, 163384.000000, 0.001540, 106093506.493507, 163384000.000000, 1.403393, 2, 6.715275, 77457874.549605, 77457874.549605
Z3, 20, 14, 4K, 193688.000000, 0.001498, 129297730.307076, 193688000.000000, 1.403393, 2, 6.715275, 82098719.312319, 82098719.312319
Z3, 21, 14, 4K, 225432.000000, 0.001984, 113625000.000000, 225432000.000000, 1.403393, 2, 6.715275, 78964173.250903, 78964173.250903
Z3, 22, 14, 4K, 248896.000000, 0.001801, 138198778.456413, 248896000.000000, 1.403393, 2, 6.715275, 83878928.942186, 83878928.942186
Z3, 23, 14, 4K, 266808.000000, 0.001937, 137742901.393908, 266808000.000000, 1.403393, 2, 6.715275, 83787753.529685, 83787753.529685
Z3, 24, 14, 4K, 164848.000000, 0.001684, 97890736.342043, 164848000.000000, 1.403393, 2, 6.715275, 75817320.519312, 75817320.519312
Z3, 25, 14, 4K, 188952.000000, 0.001755, 107664957.264957, 188952000.000000, 1.403393, 2, 6.715275, 77772164.703895, 77772164.703895
Z3, 26, 14, 4K, 335320.000000, 0.002425, 138276288.659794, 167660000.000000, 1.403393, 2, 6.715275, 83894430.982862, 83894430.982862
Z3, 27, 14, 4K, 365224.000000, 0.002110, 173091943.127962, 182612000.000000, 1.403393, 2, 6.715275, 90857561.876496, 90857561.876496
Z3, 28, 14, 4K, 392736.000000, 0.002572, 152696734.059098, 196368000.000000, 1.403393, 2, 6.715275, 86778520.062723, 86778520.062723
Z3, 29, 14, 4K, 324128.000000, 0.002161, 149989819.527996, 162064000.000000, 1.403393, 2, 6.715275, 86237137.156503, 86237137.156503
Z3, 30, 14, 4K, 37424.000000, 0.001087, 34428702.851886, 37424000.000000, 1.403393, 2, 6.715275, 63124913.821281, 63124913.821281
Z3, 31, 14, 4K, 36240.000000, 0.000996, 36385542.168675, 36240000.000000, 1.403393, 2, 6.715275, 63516281.684638, 63516281.684638
Z3, 32, 14, 4K, 32904.000000, 0.001111, 29616561.656166, 32904000.000000, 1.403393, 2, 6.715275, 62162485.582137, 62162485.582137
Z3, 33, 14, 4K, 33208.000000, 0.001058, 31387523.629490, 33208000.000000, 1.403393, 2, 6.715275, 62516677.976801, 62516677.976801
Z3, 34, 14, 4K, 27104.000000, 0.000862, 31443155.452436, 27104000.000000, 1.403393, 2, 6.715275, 62527804.341391, 62527804.341391
Z3, 35, 14, 4K, 27712.000000, 0.000840, 32990476.190476, 27712000.000000, 1.403393, 2, 6.715275, 62837268.488999, 62837268.488999
Z3, 36, 14, 4K, 69480.000000, 0.001107, 62764227.642276, 69480000.000000, 1.403393, 2, 6.715275, 68792018.779359, 68792018.779359
Z3, 37, 14, 4K, 104904.000000, 0.001455, 72098969.072165, 104904000.000000, 1.403393, 2, 6.715275, 70658967.065336, 70658967.065336
Z3, 38, 14, 4K, 111104.000000, 0.001311, 84747520.976354, 111104000.000000, 1.403393, 2, 6.715275, 73188677.446174, 73188677.446174
Z1, 0, 15, 4K, 278440.000000, 0.022045, 12630528.464504, 12656360.000000, 1.261221, 2, 7.857447, 71164805.590804, 71164805.590804
Z2, 0, 15, 4K, 6624.000000, 0.019907, 332747.274828, 348624.000000, 1.261221, 2, 7.857447, 68705249.352869, 68705249.352869
Z2, 1, 15, 4K, 92296.000000, 0.001180, 78216949.152542, 92296000.000000, 1.261221, 2, 7.857447, 84282089.728411, 84282089.728411
Z2, 2, 15, 4K, 97816.000000, 0.001370, 71398540.145985, 97816000.000000, 1.261221, 2, 7.857447, 82918407.927100, 82918407.927100
Z2, 3, 15, 4K, 40600.000000, 0.001039, 39076034.648701, 40600000.000000, 1.261221, 2, 7.857447, 76453906.827643, 76453906.827643
Z2, 4, 15, 4K, 232152.000000, 0.002036, 114023575.638507, 116076000.000000, 1.261221, 2, 7.857447, 91443415.025604, 91443415.025604
Z2, 5, 15, 4K, 255400.000000, 0.001895, 134775725.593668, 255400000.000000, 1.261221, 2, 7.857447, 95593845.016637, 95593845.016637
Z2, 6, 15, 4K, 249784.000000, 0.001808, 138154867.256637, 249784000.000000, 1.261221, 2, 7.857447, 96269673.349230, 96269673.349230
Z2, 7, 15, 4K, 288648.000000, 0.001796, 160717149.220490, 288648000.000000, 1.261221, 2, 7.857447, 100782129.742001, 100782129.742001
Z3, 0, 15, 4K, 12608.000000, 0.019617, 642707.855432, 663576.000000, 1.261221, 2, 7.857447, 68767241.468989, 68767241.468989
Z3, 1, 15, 4K, 14232.000000, 0.000755, 18850331.125828, 14232000.000000, 1.261221, 2, 7.857447, 72408766.123069, 72408766.123069
Z3, 2, 15, 4K, 18288.000000, 0.000705, 25940425.531915, 18288000.000000, 1.261221, 2, 7.857447, 73826785.004286, 73826785.004286
Z3, 3, 15, 4K, 17960.000000, 0.000865, 20763005.780347, 17960000.000000, 1.261221, 2, 7.857447, 72791301.053972, 72791301.053972
Z3, 4, 15, 4K, 30136.000000, 0.000821, 36706455.542022, 30136000.000000, 1.261221, 2, 7.857447, 75979991.006307, 75979991.006307
Z3, 5, 15, 4K, 38832.000000, 0.001022, 37996086.105675, 38832000.000000, 1.261221, 2, 7.857447, 76237917.119038, 76237917.119038
Z3, 6, 15, 4K, 80120.000000, 0.001038, 77186897.880539, 80120000.000000, 1.261221, 2, 7.857447, 84076079.474011, 84076079.474011
Z3, 7, 15, 4K, 115624.000000, 0.001276, 90614420.062696, 115624000.000000, 1.261221, 2, 7.857447, 86761583.910442, 86761583.910442
Z3, 8, 15, 4K, 91976.000000, 0.001179, 78011874.469890, 91976000.000000, 1.261221, 2, 7.857447, 84241074.791881, 84241074.791881
Z3, 9, 15, 4K, 131496.000000, 0.001215, 108227160.493827, 131496000.000000, 1.261221, 2, 7.857447, 90284131.996668, 90284131.996668
Z3, 10, 15, 4K, 151608.000000, 0.001297, 116891287.586739, 151608000.000000, 1.261221, 2, 7.857447, 92016957.415251, 92016957.415251
Z3, 11, 15, 4K, 133200.000000, 0.001443, 92307692.307692, 133200000.000000, 1.261221, 2, 7.857447, 87100238.359441, 87100238.359441
Z3, 12, 15, 4K, 197848.000000, 0.001669, 118542840.023966, 197848000.000000, 1.261221, 2, 7.857447, 92347267.902696, 92347267.902696
Z3, 13, 15, 4K, 216432.000000, 0.001590, 136120754.716981, 216432000.000000, 1.261221, 2, 7.857447, 95862850.841299, 95862850.841299
Z3, 14, 15, 4K, 250032.000000, 0.001924, 129954261.954262, 250032000.000000, 1.261221, 2, 7.857447, 94629552.288755, 94629552.288755
Z3, 15, 15, 4K, 238656.000000, 0.001921, 124235294.117647, 238656000.000000, 1.261221, 2, 7.857447, 93485758.721432, 93485758.721432
Z3, 16, 15, 4K, 165160.000000, 0.001552, 106417525.773196, 165160000.000000, 1.261221, 2, 7.857447, 89922205.052542, 89922205.052542
Z3, 17, 15, 4K, 167848.000000, 0.001580, 106232911.392405, 167848000.000000, 1.261221, 2, 7.857447, 89885282.176384, 89885282.176384
Z3, 18, 15, 4K, 132104.000000, 0.001487, 88839273.705447, 132104000.000000, 1.261221, 2, 7.857447, 86406554.638992, 86406554.638992
Z3, 19, 15, 4K, 143824.000000, 0.001749, 82232132.647227, 143824000.000000, 1.261221, 2, 7.857447, 85085126.427348, 85085126.427348
Z3, 20, 15, 4K, 175072.000000, 0.001535, 114053420.195440, 175072000.000000, 1.261221, 2, 7.857447, 91449383.936991, 91449383.936991
Z3, 21, 15, 4K, 170296.000000, 0.001519, 112110599.078341, 170296000.000000, 1.261221, 2, 7.857447, 91060819.713571, 91060819.713571
Z3, 22, 15, 4K, 193376.000000, 0.001628, 118781326.781327, 193376000.000000, 1.261221, 2, 7.857447, 92394965.254168, 92394965.254168
Z3, 23, 15, 4K, 150872.000000, 0.001596, 94531328.320802, 150872000.000000, 1.261221, 2, 7.857447, 87544965.562063, 87544965.562063
Z3, 24, 15, 4K, 172416.000000, 0.001623, 106232902.033272, 172416000.000000, 1.261221, 2, 7.857447, 89885280.304557, 89885280.304557
Z3, 25, 15, 4K, 210512.000000, 0.001629, 129227747.084101, 210512000.000000, 1.261221, 2, 7.857447, 94484249.314723, 94484249.314723
Z3, 26, 15, 4K, 202256.000000, 0.001595, 126806269.592476, 202256000.000000, 1.261221, 2, 7.857447, 93999953.816398, 93999953.816398
Z3, 27, 15, 4K, 207528.000000, 0.001486, 139655450.874832, 207528000.000000, 1.261221, 2, 7.857447, 96569790.072869, 96569790.072869
Z3, 28, 15, 4K, 46288.000000, 0.001101, 42041780.199818, 46288000.000000, 1.261221, 2, 7.857447, 77047055.937867, 77047055.937867
Z3, 29, 15, 4K, 38120.000000, 0.000851, 44794359.576968, 38120000.000000, 1.261221, 2, 7.857447, 77597571.813297, 77597571.813297
Z3, 30, 15, 4K, 29864.000000, 0.000981, 30442405.708461, 29864000.000000, 1.261221, 2, 7.857447, 74727181.039595, 74727181.039595
Z3, 31, 15, 4K, 29864.000000, 0.000983, 30380467.955239, 29864000.000000, 1.261221, 2, 7.857447, 74714793.488951, 74714793.488951
Z3, 32, 15, 4K, 42832.000000, 0.000979, 43750766.087845, 42832000.000000, 1.261221, 2, 7.857447, 77388853.115472, 77388853.115472
Z3, 33, 15, 4K, 53400.000000, 0.000931, 57357679.914071, 53400000.000000, 1.261221, 2, 7.857447, 80110235.880717, 80110235.880717
Z3, 34, 15, 4K, 54248.000000, 0.001115, 48652914.798206, 54248000.000000, 1.261221, 2, 7.857447, 78369282.857544, 78369282.857544
Z3, 35, 15, 4K, 56416.000000, 0.000846, 66685579.196217, 56416000.000000, 1.261221, 2, 7.857447, 81975815.737147, 81975815.737147
Z3, 36, 15, 4K, 63392.000000, 0.001356, 46749262.536873, 63392000.000000, 1.261221, 2, 7.857447, 77988552.405278, 77988552.405278
Z3, 37, 15, 4K, 78136.000000, 0.001243, 62860820.595334, 78136000.000000, 1.261221, 2, 7.857447, 81210864.016970, 81210864.016970
Z3, 38, 15, 4K, 85200.000000, 0.001222, 69721767.594108, 85200000.000000, 1.261221, 2, 7.857447, 82583053.416725, 82583053.416725
