Zone, Tile_no, Seg_no, Reso, Seg_d_size, Seg_d_time, Bitrate, Bitrate1, Buf_lev, Buf_limit, Elapsed, Ref_vp, Local_avg,QoE,QoE1,Z1,Z2,Z3,delay,jitter,loss
Z1,0,1,720,9960.0,0.151974,65537.526156,65960.0,1.0,2,6.6e-05,65537.526156,65537.526156,5581521.682289399,15370149.675398603,792720.8812005001,16755390.2181635,114641670.14925551,50,25,3
Z2,0,1,720,8952.0,0.19793,45228.110948,45440.0,1.0,2,6.6e-05,22614.055474,22614.055474,5581521.682289399,15370149.675398603,792720.8812005001,16755390.2181635,114641670.14925551,50,25,3
Z2,1,1,720,5424.0,0.055336,98019.37256,98616.0,1.0,2,6.6e-05,32673.124187,32673.124187,5581521.682289399,15370149.675398603,792720.8812005001,16755390.2181635,114641670.14925551,50,25,3
Z2,2,1,720,7080.0,0.072244,98001.218094,98328.0,1.0,2,6.6e-05,24500.304524,24500.304524,5581521.682289399,15370149.675398603,792720.8812005001,16755390.2181635,114641670.14925551,50,25,3
Z2,3,1,720,18976.0,0.063904,296945.418127,301200.0,1.0,2,6.6e-05,59389.083625,59389.083625,5581521.682289399,15370149.675398603,792720.8812005001,16755390.2181635,114641670.14925551,50,25,3
Z2,4,1,720,8720.0,0.038524,226352.403696,229472.0,1.0,2,6.6e-05,45270.480739,45270.480739,5581521.682289399,15370149.675398603,792720.8812005001,16755390.2181635,114641670.14925551,50,25,3
Z2,5,1,720,8336.0,0.038005,219339.560584,219368.0,1.0,2,6.6e-05,43867.912117,43867.912117,5581521.682289399,15370149.675398603,792720.8812005001,16755390.2181635,114641670.14925551,50,25,3
Z2,6,1,720,6376.0,0.06365,100172.82011,101200.0,1.0,2,6.6e-05,20034.564022,20034.564022,5581521.682289399,15370149.675398603,792720.8812005001,16755390.2181635,114641670.14925551,50,25,3
Z2,7,1,720,6872.0,0.039513,173917.444892,176200.0,1.0,2,6.6e-05,34783.488978,34783.488978,5581521.682289399,15370149.675398603,792720.8812005001,16755390.2181635,114641670.14925551,50,25,3
Z3,0,1,720,7080.0,0.148155,47787.789815,47832.0,1.0,2,6.6e-05,9557.557963,9557.557963,5581521.682289399,15370149.675398603,792720.8812005001,16755390.2181635,114641670.14925551,50,25,3
Z3,1,1,720,7080.0,0.06664,106242.496999,107272.0,1.0,2,6.6e-05,21248.4994,21248.4994,5581521.682289399,15370149.675398603,792720.8812005001,16755390.2181635,114641670.14925551,50,25,3
Z3,2,1,720,5664.0,0.074006,76534.335054,76536.0,1.0,2,6.6e-05,15306.867011,15306.867011,5581521.682289399,15370149.675398603,792720.8812005001,16755390.2181635,114641670.14925551,50,25,3
Z3,3,1,720,7080.0,0.028332,249894.112664,252856.0,1.0,2,6.6e-05,49978.822533,49978.822533,5581521.682289399,15370149.675398603,792720.8812005001,16755390.2181635,114641670.14925551,50,25,3
Z3,4,1,720,7080.0,0.06934,102105.566772,102608.0,1.0,2,6.6e-05,20421.113354,20421.113354,5581521.682289399,15370149.675398603,792720.8812005001,16755390.2181635,114641670.14925551,50,25,3
Z3,5,1,720,5664.0,0.072862,77735.994071,78664.0,1.0,2,6.6e-05,15547.198814,15547.198814,5581521.682289399,15370149.675398603,792720.8812005001,16755390.2181635,114641670.14925551,50,25,3
Z3,6,1,720,7080.0,0.055265,128110.01538,128720.0,1.0,2,6.6e-05,25622.003076,25622.003076,5581521.682289399,15370149.675398603,792720.8812005001,16755390.2181635,114641670.14925551,50,25,3
Z3,7,1,720,7080.0,0.068259,103722.586033,104112.0,1.0,2,6.6e-05,20744.517207,20744.517207,5581521.682289399,15370149.675398603,792720.8812005001,16755390.2181635,114641670.14925551,50,25,3
Z3,8,1,720,5664.0,0.057306,98837.81803,99368.0,1.0,2,6.6e-05,19767.563606,19767.563606,5581521.682289399,15370149.675398603,792720.8812005001,16755390.2181635,114641670.14925551,50,25,3
Z3,9,1,720,7080.0,0.032168,220094.503855,221248.0,1.0,2,6.6e-05,44018.900771,44018.900771,5581521.682289399,15370149.675398603,792720.8812005001,16755390.2181635,114641670.14925551,50,25,3
Z3,10,1,720,12904.0,0.030807,418865.842179,430128.0,1.0,2,6.6e-05,83773.168436,83773.168436,5581521.682289399,15370149.675398603,792720.8812005001,16755390.2181635,114641670.14925551,50,25,3
Z3,11,1,720,17344.0,0.040383,429487.655697,433600.0,1.0,2,6.6e-05,85897.531139,85897.531139,5581521.682289399,15370149.675398603,792720.8812005001,16755390.2181635,114641670.14925551,50,25,3
Z3,12,1,720,16912.0,0.072664,232742.485963,234888.0,1.0,2,6.6e-05,46548.497193,46548.497193,5581521.682289399,15370149.675398603,792720.8812005001,16755390.2181635,114641670.14925551,50,25,3
Z3,13,1,720,13240.0,0.064351,205746.608444,206872.0,1.0,2,6.6e-05,41149.321689,41149.321689,5581521.682289399,15370149.675398603,792720.8812005001,16755390.2181635,114641670.14925551,50,25,3
Z3,14,1,720,28328.0,0.06517,434678.533067,435808.0,1.0,2,6.6e-05,86935.706613,86935.706613,5581521.682289399,15370149.675398603,792720.8812005001,16755390.2181635,114641670.14925551,50,25,3
Z3,15,1,720,30528.0,0.062372,489450.394408,492384.0,1.0,2,6.6e-05,97890.078882,97890.078882,5581521.682289399,15370149.675398603,792720.8812005001,16755390.2181635,114641670.14925551,50,25,3
Z3,16,1,720,16360.0,0.04686,349125.05335,355648.0,1.0,2,6.6e-05,69825.01067,69825.01067,5581521.682289399,15370149.675398603,792720.8812005001,16755390.2181635,114641670.14925551,50,25,3
Z3,17,1,720,33216.0,0.061933,536321.508727,544520.0,1.0,2,6.6e-05,107264.301745,107264.301745,5581521.682289399,15370149.675398603,792720.8812005001,16755390.2181635,114641670.14925551,50,25,3
Z3,18,1,720,28000.0,0.052432,534025.022887,538456.0,1.0,2,6.6e-05,106805.004577,106805.004577,5581521.682289399,15370149.675398603,792720.8812005001,16755390.2181635,114641670.14925551,50,25,3
Z3,19,1,720,15744.0,0.060609,259763.401475,262400.0,1.0,2,6.6e-05,51952.680295,51952.680295,5581521.682289399,15370149.675398603,792720.8812005001,16755390.2181635,114641670.14925551,50,25,3
Z3,20,1,720,16024.0,0.045378,353122.658557,356088.0,1.0,2,6.6e-05,70624.531711,70624.531711,5581521.682289399,15370149.675398603,792720.8812005001,16755390.2181635,114641670.14925551,50,25,3
Z3,21,1,720,11576.0,0.053757,215339.39766,218408.0,1.0,2,6.6e-05,43067.879532,43067.879532,5581521.682289399,15370149.675398603,792720.8812005001,16755390.2181635,114641670.14925551,50,25,3
Z3,22,1,720,10816.0,0.04679,231160.504381,235128.0,1.0,2,6.6e-05,46232.100876,46232.100876,5581521.682289399,15370149.675398603,792720.8812005001,16755390.2181635,114641670.14925551,50,25,3
Z3,23,1,720,13224.0,0.05694,232244.467861,236136.0,1.0,2,6.6e-05,46448.893572,46448.893572,5581521.682289399,15370149.675398603,792720.8812005001,16755390.2181635,114641670.14925551,50,25,3
Z3,24,1,720,17528.0,0.03893,450244.027742,461256.0,1.0,2,6.6e-05,90048.805548,90048.805548,5581521.682289399,15370149.675398603,792720.8812005001,16755390.2181635,114641670.14925551,50,25,3
Z3,25,1,720,23824.0,0.075189,316854.859088,317648.0,1.0,2,6.6e-05,63370.971818,63370.971818,5581521.682289399,15370149.675398603,792720.8812005001,16755390.2181635,114641670.14925551,50,25,3
Z3,26,1,720,11024.0,0.054377,202732.773047,204144.0,1.0,2,6.6e-05,40546.554609,40546.554609,5581521.682289399,15370149.675398603,792720.8812005001,16755390.2181635,114641670.14925551,50,25,3
Z3,27,1,720,15112.0,0.044809,337253.676717,343448.0,1.0,2,6.6e-05,67450.735343,67450.735343,5581521.682289399,15370149.675398603,792720.8812005001,16755390.2181635,114641670.14925551,50,25,3
Z3,28,1,720,24552.0,0.042942,571747.939081,584568.0,1.0,2,6.6e-05,114349.587816,114349.587816,5581521.682289399,15370149.675398603,792720.8812005001,16755390.2181635,114641670.14925551,50,25,3
Z3,29,1,720,10824.0,0.075711,142964.694694,144320.0,1.0,2,6.6e-05,28592.938939,28592.938939,5581521.682289399,15370149.675398603,792720.8812005001,16755390.2181635,114641670.14925551,50,25,3
Z3,30,1,720,6872.0,0.040004,171782.821718,171800.0,1.0,2,6.6e-05,34356.564344,34356.564344,5581521.682289399,15370149.675398603,792720.8812005001,16755390.2181635,114641670.14925551,50,25,3
Z3,31,1,720,6872.0,0.065502,104912.827089,105720.0,1.0,2,6.6e-05,20982.565418,20982.565418,5581521.682289399,15370149.675398603,792720.8812005001,16755390.2181635,114641670.14925551,50,25,3
Z3,32,1,720,6376.0,0.035464,179787.953982,182168.0,1.0,2,6.6e-05,35957.590796,35957.590796,5581521.682289399,15370149.675398603,792720.8812005001,16755390.2181635,114641670.14925551,50,25,3
Z3,33,1,720,6872.0,0.054039,127167.416125,127256.0,1.0,2,6.6e-05,25433.483225,25433.483225,5581521.682289399,15370149.675398603,792720.8812005001,16755390.2181635,114641670.14925551,50,25,3
Z3,34,1,720,6872.0,0.062126,110613.913659,110832.0,1.0,2,6.6e-05,22122.782732,22122.782732,5581521.682289399,15370149.675398603,792720.8812005001,16755390.2181635,114641670.14925551,50,25,3
Z3,35,1,720,6376.0,0.056798,112257.473855,113856.0,1.0,2,6.6e-05,22451.494771,22451.494771,5581521.682289399,15370149.675398603,792720.8812005001,16755390.2181635,114641670.14925551,50,25,3
Z3,36,1,720,6872.0,0.050696,135553.100836,137440.0,1.0,2,6.6e-05,27110.620167,27110.620167,5581521.682289399,15370149.675398603,792720.8812005001,16755390.2181635,114641670.14925551,50,25,3
Z3,37,1,720,6872.0,0.05733,119867.434153,120560.0,1.0,2,6.6e-05,23973.486831,23973.486831,5581521.682289399,15370149.675398603,792720.8812005001,16755390.2181635,114641670.14925551,50,25,3
Z3,38,1,720,6376.0,0.069,92405.797101,92400.0,1.0,2,6.6e-05,18481.15942,18481.15942,5581521.682289399,15370149.675398603,792720.8812005001,16755390.2181635,114641670.14925551,50,25,3
Z1,0,2,720,7080.0,0.165284,42835.362165,42904.0,1.0,2,2.98415,27048.231853,27048.231853,5581521.682289399,15370149.675398603,792720.8812005001,16755390.2181635,114641670.14925551,50,25,3
Z2,0,2,720,6624.0,0.149732,44239.040419,44456.0,1.0,2,2.98415,27328.967504,27328.967504,5581521.682289399,15370149.675398603,792720.8812005001,16755390.2181635,114641670.14925551,50,25,3
Z2,1,2,720,5424.0,0.071008,76385.759351,76392.0,1.0,2,2.98415,33758.311291,33758.311291,5581521.682289399,15370149.675398603,792720.8812005001,16755390.2181635,114641670.14925551,50,25,3
Z2,2,2,720,7080.0,0.058248,121549.237742,122064.0,1.0,2,2.98415,42791.006969,42791.006969,5581521.682289399,15370149.675398603,792720.8812005001,16755390.2181635,114641670.14925551,50,25,3
Z2,3,2,720,12648.0,0.050519,250361.250223,252960.0,1.0,2,2.98415,68553.409465,68553.409465,5581521.682289399,15370149.675398603,792720.8812005001,16755390.2181635,114641670.14925551,50,25,3
Z2,4,2,720,15344.0,0.051767,296405.045685,300856.0,1.0,2,2.98415,77762.168557,77762.168557,5581521.682289399,15370149.675398603,792720.8812005001,16755390.2181635,114641670.14925551,50,25,3
Z2,5,2,720,18392.0,0.060599,303503.358141,306528.0,1.0,2,2.98415,79181.831049,79181.831049,5581521.682289399,15370149.675398603,792720.8812005001,16755390.2181635,114641670.14925551,50,25,3
Z2,6,2,720,9160.0,0.067359,135987.767039,136712.0,1.0,2,2.98415,45678.712828,45678.712828,5581521.682289399,15370149.675398603,792720.8812005001,16755390.2181635,114641670.14925551,50,25,3
Z2,7,2,720,8048.0,0.03932,204679.552391,206352.0,1.0,2,2.98415,59417.069898,59417.069898,5581521.682289399,15370149.675398603,792720.8812005001,16755390.2181635,114641670.14925551,50,25,3
Z3,0,2,720,7080.0,0.193658,36559.295252,36680.0,1.0,2,2.98415,25793.018471,25793.018471,5581521.682289399,15370149.675398603,792720.8812005001,16755390.2181635,114641670.14925551,50,25,3
Z3,1,2,720,7080.0,0.062858,112634.827707,114192.0,1.0,2,2.98415,41008.124962,41008.124962,5581521.682289399,15370149.675398603,792720.8812005001,16755390.2181635,114641670.14925551,50,25,3
Z3,2,2,720,5664.0,0.050876,111329.507037,113280.0,1.0,2,2.98415,40747.060828,40747.060828,5581521.682289399,15370149.675398603,792720.8812005001,16755390.2181635,114641670.14925551,50,25,3
Z3,3,2,720,7080.0,0.052846,133974.189153,136152.0,1.0,2,2.98415,45275.997251,45275.997251,5581521.682289399,15370149.675398603,792720.8812005001,16755390.2181635,114641670.14925551,50,25,3
Z3,4,2,720,7080.0,0.034993,202326.179522,208232.0,1.0,2,2.98415,58946.395325,58946.395325,5581521.682289399,15370149.675398603,792720.8812005001,16755390.2181635,114641670.14925551,50,25,3
Z3,5,2,720,5664.0,0.055281,102458.349162,102976.0,1.0,2,2.98415,38972.829253,38972.829253,5581521.682289399,15370149.675398603,792720.8812005001,16755390.2181635,114641670.14925551,50,25,3
Z3,6,2,720,7080.0,0.069213,102292.92185,102608.0,1.0,2,2.98415,38939.74379,38939.74379,5581521.682289399,15370149.675398603,792720.8812005001,16755390.2181635,114641670.14925551,50,25,3
Z3,7,2,720,7080.0,0.067299,105202.157536,105664.0,1.0,2,2.98415,39521.590927,39521.590927,5581521.682289399,15370149.675398603,792720.8812005001,16755390.2181635,114641670.14925551,50,25,3
Z3,8,2,720,5664.0,0.306182,18498.801367,18504.0,1.0,2,2.98415,22180.919694,22180.919694,5581521.682289399,15370149.675398603,792720.8812005001,16755390.2181635,114641670.14925551,50,25,3
Z3,9,2,720,17112.0,0.033961,503872.088572,518544.0,1.0,2,2.98415,119255.577135,119255.577135,5581521.682289399,15370149.675398603,792720.8812005001,16755390.2181635,114641670.14925551,50,25,3
Z3,10,2,720,15320.0,0.052607,291215.997871,294608.0,1.0,2,2.98415,76724.358994,76724.358994,5581521.682289399,15370149.675398603,792720.8812005001,16755390.2181635,114641670.14925551,50,25,3
Z3,11,2,720,10704.0,0.052299,204669.30534,205840.0,1.0,2,2.98415,59415.020488,59415.020488,5581521.682289399,15370149.675398603,792720.8812005001,16755390.2181635,114641670.14925551,50,25,3
Z3,12,2,720,18776.0,0.048921,383802.457023,391160.0,1.0,2,2.98415,95241.650825,95241.650825,5581521.682289399,15370149.675398603,792720.8812005001,16755390.2181635,114641670.14925551,50,25,3
Z3,13,2,720,21848.0,0.058914,370845.639407,376688.0,1.0,2,2.98415,92650.287302,92650.287302,5581521.682289399,15370149.675398603,792720.8812005001,16755390.2181635,114641670.14925551,50,25,3
Z3,14,2,720,12752.0,0.0734,173732.970027,174680.0,1.0,2,2.98415,53227.753426,53227.753426,5581521.682289399,15370149.675398603,792720.8812005001,16755390.2181635,114641670.14925551,50,25,3
Z3,15,2,720,21856.0,0.053241,410510.696644,412376.0,1.0,2,2.98415,100583.298749,100583.298749,5581521.682289399,15370149.675398603,792720.8812005001,16755390.2181635,114641670.14925551,50,25,3
Z3,16,2,720,16880.0,0.040227,419618.664081,422000.0,1.0,2,2.98415,102404.892237,102404.892237,5581521.682289399,15370149.675398603,792720.8812005001,16755390.2181635,114641670.14925551,50,25,3
Z3,17,2,720,12128.0,0.047761,253931.031595,258040.0,1.0,2,2.98415,69267.365739,69267.365739,5581521.682289399,15370149.675398603,792720.8812005001,16755390.2181635,114641670.14925551,50,25,3
Z3,18,2,720,11592.0,0.043742,265008.45869,269576.0,1.0,2,2.98415,71482.851158,71482.851158,5581521.682289399,15370149.675398603,792720.8812005001,16755390.2181635,114641670.14925551,50,25,3
Z3,19,2,720,9952.0,0.069361,143481.207018,144224.0,1.0,2,2.98415,47177.400824,47177.400824,5581521.682289399,15370149.675398603,792720.8812005001,16755390.2181635,114641670.14925551,50,25,3
Z3,20,2,720,11064.0,0.058926,187760.920477,190752.0,1.0,2,2.98415,56033.343516,56033.343516,5581521.682289399,15370149.675398603,792720.8812005001,16755390.2181635,114641670.14925551,50,25,3
Z3,21,2,720,14728.0,0.02939,501122.830895,507856.0,1.0,2,2.98415,118705.725599,118705.725599,5581521.682289399,15370149.675398603,792720.8812005001,16755390.2181635,114641670.14925551,50,25,3
Z3,22,2,720,16264.0,0.069697,233352.94202,235704.0,1.0,2,2.98415,65151.747824,65151.747824,5581521.682289399,15370149.675398603,792720.8812005001,16755390.2181635,114641670.14925551,50,25,3
Z3,23,2,720,9504.0,0.028594,332377.421837,339424.0,1.0,2,2.98415,84956.643788,84956.643788,5581521.682289399,15370149.675398603,792720.8812005001,16755390.2181635,114641670.14925551,50,25,3
Z3,24,2,720,12688.0,0.037956,334281.799979,342912.0,1.0,2,2.98415,85337.519416,85337.519416,5581521.682289399,15370149.675398603,792720.8812005001,16755390.2181635,114641670.14925551,50,25,3
Z3,25,2,720,17320.0,0.051796,334388.755888,339600.0,1.0,2,2.98415,85358.910598,85358.910598,5581521.682289399,15370149.675398603,792720.8812005001,16755390.2181635,114641670.14925551,50,25,3
Z3,26,2,720,10632.0,0.052671,201856.80925,204456.0,1.0,2,2.98415,58852.52127,58852.52127,5581521.682289399,15370149.675398603,792720.8812005001,16755390.2181635,114641670.14925551,50,25,3
Z3,27,2,720,9320.0,0.048705,191356.123601,194160.0,1.0,2,2.98415,56752.384141,56752.384141,5581521.682289399,15370149.675398603,792720.8812005001,16755390.2181635,114641670.14925551,50,25,3
Z3,28,2,720,6376.0,0.04807,132639.900146,132832.0,1.0,2,2.98415,45009.139449,45009.139449,5581521.682289399,15370149.675398603,792720.8812005001,16755390.2181635,114641670.14925551,50,25,3
Z3,29,2,720,6872.0,0.048705,141094.343497,143160.0,1.0,2,2.98415,46700.02812,46700.02812,5581521.682289399,15370149.675398603,792720.8812005001,16755390.2181635,114641670.14925551,50,25,3
Z3,30,2,720,6872.0,0.041603,165180.395645,167608.0,1.0,2,2.98415,51517.238549,51517.238549,5581521.682289399,15370149.675398603,792720.8812005001,16755390.2181635,114641670.14925551,50,25,3
Z3,31,2,720,6376.0,0.070996,89807.8765,91080.0,1.0,2,2.98415,36442.73472,36442.73472,5581521.682289399,15370149.675398603,792720.8812005001,16755390.2181635,114641670.14925551,50,25,3
Z3,32,2,720,6872.0,0.05556,123686.105112,124944.0,1.0,2,2.98415,43218.380443,43218.380443,5581521.682289399,15370149.675398603,792720.8812005001,16755390.2181635,114641670.14925551,50,25,3
Z3,33,2,720,6872.0,0.054886,125204.970302,127256.0,1.0,2,2.98415,43522.153481,43522.153481,5581521.682289399,15370149.675398603,792720.8812005001,16755390.2181635,114641670.14925551,50,25,3
Z3,34,2,720,6376.0,0.032802,194378.391561,199248.0,1.0,2,2.98415,57356.837733,57356.837733,5581521.682289399,15370149.675398603,792720.8812005001,16755390.2181635,114641670.14925551,50,25,3
Z3,35,2,720,6872.0,0.049825,137922.729553,140240.0,1.0,2,2.98415,46065.705331,46065.705331,5581521.682289399,15370149.675398603,792720.8812005001,16755390.2181635,114641670.14925551,50,25,3
Z3,36,2,720,6872.0,0.061527,111690.802412,112648.0,1.0,2,2.98415,40819.319903,40819.319903,5581521.682289399,15370149.675398603,792720.8812005001,16755390.2181635,114641670.14925551,50,25,3
Z3,37,2,720,6376.0,0.050308,126739.285998,127520.0,1.0,2,2.98415,43829.01662,43829.01662,5581521.682289399,15370149.675398603,792720.8812005001,16755390.2181635,114641670.14925551,50,25,3
Z3,38,2,720,6872.0,0.027281,251896.9246,254512.0,1.0,2,2.98415,68860.54434,68860.54434,5581521.682289399,15370149.675398603,792720.8812005001,16755390.2181635,114641670.14925551,50,25,3
Z1,0,3,720,9896.0,0.194691,50829.262781,51008.0,1.0,2,6.09221,79026.396896,79026.396896,5581521.682289399,15370149.675398603,792720.8812005001,16755390.2181635,114641670.14925551,50,25,3
Z2,0,3,720,6624.0,0.170009,38962.643154,38960.0,1.0,2,6.09221,76653.072971,76653.072971,5581521.682289399,15370149.675398603,792720.8812005001,16755390.2181635,114641670.14925551,50,25,3
Z2,1,3,720,5424.0,0.049616,109319.574331,110688.0,1.0,2,6.09221,90724.459206,90724.459206,5581521.682289399,15370149.675398603,792720.8812005001,16755390.2181635,114641670.14925551,50,25,3
Z2,2,3,720,7080.0,0.033393,212020.483335,214544.0,1.0,2,6.09221,111264.641007,111264.641007,5581521.682289399,15370149.675398603,792720.8812005001,16755390.2181635,114641670.14925551,50,25,3
Z2,3,3,720,18632.0,0.060642,307245.803239,310528.0,1.0,2,6.09221,130309.704988,130309.704988,5581521.682289399,15370149.675398603,792720.8812005001,16755390.2181635,114641670.14925551,50,25,3
Z2,4,3,720,9664.0,0.036228,266754.996136,268440.0,1.0,2,6.09221,122211.543567,122211.543567,5581521.682289399,15370149.675398603,792720.8812005001,16755390.2181635,114641670.14925551,50,25,3
Z2,5,3,720,8424.0,0.065483,128644.075562,129600.0,1.0,2,6.09221,94589.359453,94589.359453,5581521.682289399,15370149.675398603,792720.8812005001,16755390.2181635,114641670.14925551,50,25,3
Z2,6,3,720,6376.0,0.068044,93704.073835,93760.0,1.0,2,6.09221,87601.359107,87601.359107,5581521.682289399,15370149.675398603,792720.8812005001,16755390.2181635,114641670.14925551,50,25,3
Z2,7,3,720,6872.0,0.075574,90930.743377,91624.0,1.0,2,6.09221,87046.693016,87046.693016,5581521.682289399,15370149.675398603,792720.8812005001,16755390.2181635,114641670.14925551,50,25,3
Z3,0,3,720,7080.0,0.180215,39286.407902,39328.0,1.0,2,6.09221,76717.825921,76717.825921,5581521.682289399,15370149.675398603,792720.8812005001,16755390.2181635,114641670.14925551,50,25,3
Z3,1,3,720,7080.0,0.068987,102628.031368,104112.0,1.0,2,6.09221,89386.150614,89386.150614,5581521.682289399,15370149.675398603,792720.8812005001,16755390.2181635,114641670.14925551,50,25,3
Z3,2,3,720,5664.0,0.064592,87688.87788,88496.0,1.0,2,6.09221,86398.319916,86398.319916,5581521.682289399,15370149.675398603,792720.8812005001,16755390.2181635,114641670.14925551,50,25,3
Z3,3,3,720,7080.0,0.063999,110626.728543,112376.0,1.0,2,6.09221,90985.890049,90985.890049,5581521.682289399,15370149.675398603,792720.8812005001,16755390.2181635,114641670.14925551,50,25,3
Z3,4,3,720,7080.0,0.049841,142051.724484,144488.0,1.0,2,6.09221,97270.889237,97270.889237,5581521.682289399,15370149.675398603,792720.8812005001,16755390.2181635,114641670.14925551,50,25,3
Z3,5,3,720,5664.0,0.059818,94687.217894,96000.0,1.0,2,6.09221,87797.987919,87797.987919,5581521.682289399,15370149.675398603,792720.8812005001,16755390.2181635,114641670.14925551,50,25,3
Z3,6,3,720,7080.0,0.061132,115814.957796,116064.0,1.0,2,6.09221,92023.535899,92023.535899,5581521.682289399,15370149.675398603,792720.8812005001,16755390.2181635,114641670.14925551,50,25,3
Z3,7,3,720,7080.0,0.050652,139777.303956,141600.0,1.0,2,6.09221,96816.005131,96816.005131,5581521.682289399,15370149.675398603,792720.8812005001,16755390.2181635,114641670.14925551,50,25,3
Z3,8,3,720,5664.0,0.033428,169438.793826,171632.0,1.0,2,6.09221,102748.303105,102748.303105,5581521.682289399,15370149.675398603,792720.8812005001,16755390.2181635,114641670.14925551,50,25,3
Z3,9,3,720,7080.0,0.042354,167162.487604,168568.0,1.0,2,6.09221,102293.041861,102293.041861,5581521.682289399,15370149.675398603,792720.8812005001,16755390.2181635,114641670.14925551,50,25,3
Z3,10,3,720,14120.0,0.062143,227217.868465,227736.0,1.0,2,6.09221,114304.118033,114304.118033,5581521.682289399,15370149.675398603,792720.8812005001,16755390.2181635,114641670.14925551,50,25,3
Z3,11,3,720,17536.0,0.049469,354484.626736,357872.0,1.0,2,6.09221,139757.469687,139757.469687,5581521.682289399,15370149.675398603,792720.8812005001,16755390.2181635,114641670.14925551,50,25,3
Z3,12,3,720,16008.0,0.052532,304728.54641,307840.0,1.0,2,6.09221,129806.253622,129806.253622,5581521.682289399,15370149.675398603,792720.8812005001,16755390.2181635,114641670.14925551,50,25,3
Z3,13,3,720,10896.0,0.066835,163028.353408,165088.0,1.0,2,6.09221,101466.215022,101466.215022,5581521.682289399,15370149.675398603,792720.8812005001,16755390.2181635,114641670.14925551,50,25,3
Z3,14,3,720,19720.0,0.070327,280404.396604,281712.0,1.0,2,6.09221,124941.423661,124941.423661,5581521.682289399,15370149.675398603,792720.8812005001,16755390.2181635,114641670.14925551,50,25,3
Z3,15,3,720,20104.0,0.029828,673997.586161,693240.0,1.0,2,6.09221,203660.061572,203660.061572,5581521.682289399,15370149.675398603,792720.8812005001,16755390.2181635,114641670.14925551,50,25,3
Z3,16,3,720,12504.0,0.052951,236142.849049,240456.0,1.0,2,6.09221,116089.11415,116089.11415,5581521.682289399,15370149.675398603,792720.8812005001,16755390.2181635,114641670.14925551,50,25,3
Z3,17,3,720,23072.0,0.064652,356864.443482,360496.0,1.0,2,6.09221,140233.433037,140233.433037,5581521.682289399,15370149.675398603,792720.8812005001,16755390.2181635,114641670.14925551,50,25,3
Z3,18,3,720,18112.0,0.068867,262999.695064,266352.0,1.0,2,6.09221,121460.483353,121460.483353,5581521.682289399,15370149.675398603,792720.8812005001,16755390.2181635,114641670.14925551,50,25,3
Z3,19,3,720,12544.0,0.051281,244613.014567,245960.0,1.0,2,6.09221,117783.147254,117783.147254,5581521.682289399,15370149.675398603,792720.8812005001,16755390.2181635,114641670.14925551,50,25,3
Z3,20,3,720,15304.0,0.05153,296992.04347,300072.0,1.0,2,6.09221,128258.953034,128258.953034,5581521.682289399,15370149.675398603,792720.8812005001,16755390.2181635,114641670.14925551,50,25,3
Z3,21,3,720,12280.0,0.24283,50570.357864,50736.0,1.0,2,6.09221,78974.615913,78974.615913,5581521.682289399,15370149.675398603,792720.8812005001,16755390.2181635,114641670.14925551,50,25,3
Z3,22,3,720,10368.0,0.063751,162632.743016,164568.0,1.0,2,6.09221,101387.092943,101387.092943,5581521.682289399,15370149.675398603,792720.8812005001,16755390.2181635,114641670.14925551,50,25,3
Z3,23,3,720,10520.0,0.067444,155981.258526,157008.0,1.0,2,6.09221,100056.796045,100056.796045,5581521.682289399,15370149.675398603,792720.8812005001,16755390.2181635,114641670.14925551,50,25,3
Z3,24,3,720,15288.0,0.058001,263581.662385,263584.0,1.0,2,6.09221,121576.876817,121576.876817,5581521.682289399,15370149.675398603,792720.8812005001,16755390.2181635,114641670.14925551,50,25,3
Z3,25,3,720,16344.0,0.072248,226220.795039,227000.0,1.0,2,6.09221,114104.703348,114104.703348,5581521.682289399,15370149.675398603,792720.8812005001,16755390.2181635,114641670.14925551,50,25,3
Z3,26,3,720,9016.0,0.073852,122082.001842,123504.0,1.0,2,6.09221,93276.944709,93276.944709,5581521.682289399,15370149.675398603,792720.8812005001,16755390.2181635,114641670.14925551,50,25,3
Z3,27,3,720,13800.0,0.050267,274533.988501,276000.0,1.0,2,6.09221,123767.34204,123767.34204,5581521.682289399,15370149.675398603,792720.8812005001,16755390.2181635,114641670.14925551,50,25,3
Z3,28,3,720,17664.0,0.032842,537847.877718,552000.0,1.0,2,6.09221,176430.119884,176430.119884,5581521.682289399,15370149.675398603,792720.8812005001,16755390.2181635,114641670.14925551,50,25,3
Z3,29,3,720,10240.0,0.0717,142817.294282,144224.0,1.0,2,6.09221,97424.003197,97424.003197,5581521.682289399,15370149.675398603,792720.8812005001,16755390.2181635,114641670.14925551,50,25,3
Z3,30,3,720,6872.0,0.321751,21358.130977,21408.0,1.0,2,6.09221,73132.170536,73132.170536,5581521.682289399,15370149.675398603,792720.8812005001,16755390.2181635,114641670.14925551,50,25,3
Z3,31,3,720,6872.0,0.049491,138853.528924,140240.0,1.0,2,6.09221,96631.250125,96631.250125,5581521.682289399,15370149.675398603,792720.8812005001,16755390.2181635,114641670.14925551,50,25,3
Z3,32,3,720,6376.0,0.037962,167957.431115,172320.0,1.0,2,6.09221,102452.030563,102452.030563,5581521.682289399,15370149.675398603,792720.8812005001,16755390.2181635,114641670.14925551,50,25,3
Z3,33,3,720,6872.0,0.038913,176599.079999,180840.0,1.0,2,6.09221,104180.36034,104180.36034,5581521.682289399,15370149.675398603,792720.8812005001,16755390.2181635,114641670.14925551,50,25,3
Z3,34,3,720,6872.0,0.03634,189102.916896,190888.0,1.0,2,6.09221,106681.127719,106681.127719,5581521.682289399,15370149.675398603,792720.8812005001,16755390.2181635,114641670.14925551,50,25,3
Z3,35,3,720,6376.0,0.536544,11883.461561,11888.0,1.0,2,6.09221,71237.236652,71237.236652,5581521.682289399,15370149.675398603,792720.8812005001,16755390.2181635,114641670.14925551,50,25,3
Z3,36,3,720,6872.0,0.055693,123390.731331,124944.0,1.0,2,6.09221,93538.690606,93538.690606,5581521.682289399,15370149.675398603,792720.8812005001,16755390.2181635,114641670.14925551,50,25,3
Z3,37,3,720,6872.0,0.05735,119825.632084,120560.0,1.0,2,6.09221,92825.670757,92825.670757,5581521.682289399,15370149.675398603,792720.8812005001,16755390.2181635,114641670.14925551,50,25,3
Z3,38,3,720,6376.0,0.053064,120156.791799,120296.0,1.0,2,6.09221,92891.9027,92891.9027,5581521.682289399,15370149.675398603,792720.8812005001,16755390.2181635,114641670.14925551,50,25,3
Z1,0,4,720,22592.0,0.192576,117314.722499,117664.0,1.0,2,10.068757,116354.8472,116354.8472,5581521.682289399,15370149.675398603,792720.8812005001,16755390.2181635,114641670.14925551,50,25,3
Z2,0,4,720,6624.0,0.161736,40955.631399,41136.0,1.0,2,10.068757,101083.02898,101083.02898,5581521.682289399,15370149.675398603,792720.8812005001,16755390.2181635,114641670.14925551,50,25,3
Z2,1,4,720,6648.0,0.053777,123621.622627,125432.0,1.0,2,10.068757,117616.227225,117616.227225,5581521.682289399,15370149.675398603,792720.8812005001,16755390.2181635,114641670.14925551,50,25,3
Z2,2,4,720,7200.0,0.043132,166929.425948,167440.0,1.0,2,10.068757,126277.78789,126277.78789,5581521.682289399,15370149.675398603,792720.8812005001,16755390.2181635,114641670.14925551,50,25,3
Z2,3,4,720,7296.0,0.057798,126232.741617,128000.0,1.0,2,10.068757,118138.451023,118138.451023,5581521.682289399,15370149.675398603,792720.8812005001,16755390.2181635,114641670.14925551,50,25,3
Z2,4,4,720,17272.0,0.059777,288940.562424,292744.0,1.0,2,10.068757,150680.015185,150680.015185,5581521.682289399,15370149.675398603,792720.8812005001,16755390.2181635,114641670.14925551,50,25,3
Z2,5,4,720,26240.0,0.077001,340774.795133,340776.0,1.0,2,10.068757,161046.861726,161046.861726,5581521.682289399,15370149.675398603,792720.8812005001,16755390.2181635,114641670.14925551,50,25,3
Z2,6,4,720,12720.0,0.056167,226467.498709,227136.0,1.0,2,10.068757,138185.402442,138185.402442,5581521.682289399,15370149.675398603,792720.8812005001,16755390.2181635,114641670.14925551,50,25,3
Z2,7,4,720,11496.0,0.026513,433598.612002,442152.0,1.0,2,10.068757,179611.6251,179611.6251,5581521.682289399,15370149.675398603,792720.8812005001,16755390.2181635,114641670.14925551,50,25,3
Z3,0,4,720,6448.0,0.175288,36785.176395,36840.0,1.0,2,10.068757,100248.937979,100248.937979,5581521.682289399,15370149.675398603,792720.8812005001,16755390.2181635,114641670.14925551,50,25,3
Z3,1,4,720,7448.0,0.04717,157896.968412,158464.0,1.0,2,10.068757,124471.296382,124471.296382,5581521.682289399,15370149.675398603,792720.8812005001,16755390.2181635,114641670.14925551,50,25,3
Z3,2,4,720,7424.0,0.064552,115008.055521,116000.0,1.0,2,10.068757,115893.513804,115893.513804,5581521.682289399,15370149.675398603,792720.8812005001,16755390.2181635,114641670.14925551,50,25,3
Z3,3,4,720,6648.0,0.055467,119855.048948,120872.0,1.0,2,10.068757,116862.91249,116862.91249,5581521.682289399,15370149.675398603,792720.8812005001,16755390.2181635,114641670.14925551,50,25,3
Z3,4,4,720,7224.0,0.054015,133740.627603,133776.0,1.0,2,10.068757,119640.028221,119640.028221,5581521.682289399,15370149.675398603,792720.8812005001,16755390.2181635,114641670.14925551,50,25,3
Z3,5,4,720,7240.0,0.042345,170976.502539,172376.0,1.0,2,10.068757,127087.203208,127087.203208,5581521.682289399,15370149.675398603,792720.8812005001,16755390.2181635,114641670.14925551,50,25,3
Z3,6,4,720,6648.0,0.068948,96420.490805,97760.0,1.0,2,10.068757,112176.000861,112176.000861,5581521.682289399,15370149.675398603,792720.8812005001,16755390.2181635,114641670.14925551,50,25,3
Z3,7,4,720,7232.0,0.064492,112137.939589,113000.0,1.0,2,10.068757,115319.490618,115319.490618,5581521.682289399,15370149.675398603,792720.8812005001,16755390.2181635,114641670.14925551,50,25,3
Z3,8,4,720,7296.0,0.066925,109017.556967,110544.0,1.0,2,10.068757,114695.414093,114695.414093,5581521.682289399,15370149.675398603,792720.8812005001,16755390.2181635,114641670.14925551,50,25,3
Z3,9,4,720,16456.0,0.05718,287792.934593,288696.0,1.0,2,10.068757,150450.489618,150450.489618,5581521.682289399,15370149.675398603,792720.8812005001,16755390.2181635,114641670.14925551,50,25,3
Z3,10,4,720,25392.0,0.060574,419189.751378,423200.0,1.0,2,10.068757,176729.852976,176729.852976,5581521.682289399,15370149.675398603,792720.8812005001,16755390.2181635,114641670.14925551,50,25,3
Z3,11,4,720,21592.0,0.053181,406009.665106,407392.0,1.0,2,10.068757,174093.835721,174093.835721,5581521.682289399,15370149.675398603,792720.8812005001,16755390.2181635,114641670.14925551,50,25,3
Z3,12,4,720,13528.0,0.052969,255394.664804,260152.0,1.0,2,10.068757,143970.835661,143970.835661,5581521.682289399,15370149.675398603,792720.8812005001,16755390.2181635,114641670.14925551,50,25,3
Z3,13,4,720,29512.0,0.067483,437324.955915,440472.0,1.0,2,10.068757,180356.893883,180356.893883,5581521.682289399,15370149.675398603,792720.8812005001,16755390.2181635,114641670.14925551,50,25,3
Z3,14,4,720,29688.0,0.042926,691608.81517,706856.0,1.0,2,10.068757,231213.665734,231213.665734,5581521.682289399,15370149.675398603,792720.8812005001,16755390.2181635,114641670.14925551,50,25,3
Z3,15,4,720,16760.0,0.034968,479295.355754,492936.0,1.0,2,10.068757,188750.973851,188750.973851,5581521.682289399,15370149.675398603,792720.8812005001,16755390.2181635,114641670.14925551,50,25,3
Z3,16,4,720,33128.0,0.067459,491083.472924,494440.0,1.0,2,10.068757,191108.597285,191108.597285,5581521.682289399,15370149.675398603,792720.8812005001,16755390.2181635,114641670.14925551,50,25,3
Z3,17,4,720,26248.0,0.302624,86734.693878,86912.0,1.0,2,10.068757,110238.841475,110238.841475,5581521.682289399,15370149.675398603,792720.8812005001,16755390.2181635,114641670.14925551,50,25,3
Z3,18,4,720,14624.0,0.047249,309509.195962,311144.0,1.0,2,10.068757,154793.741892,154793.741892,5581521.682289399,15370149.675398603,792720.8812005001,16755390.2181635,114641670.14925551,50,25,3
Z3,19,4,720,26816.0,0.328652,81593.904799,81752.0,1.0,2,10.068757,109210.68366,109210.68366,5581521.682289399,15370149.675398603,792720.8812005001,16755390.2181635,114641670.14925551,50,25,3
Z3,20,4,720,23128.0,0.034991,660969.963705,680232.0,1.0,2,10.068757,225085.895441,225085.895441,5581521.682289399,15370149.675398603,792720.8812005001,16755390.2181635,114641670.14925551,50,25,3
Z3,21,4,720,19440.0,0.44697,43492.851869,43584.0,1.0,2,10.068757,101590.473074,101590.473074,5581521.682289399,15370149.675398603,792720.8812005001,16755390.2181635,114641670.14925551,50,25,3
Z3,22,4,720,29088.0,0.095128,305777.478765,306184.0,1.0,2,10.068757,154047.398453,154047.398453,5581521.682289399,15370149.675398603,792720.8812005001,16755390.2181635,114641670.14925551,50,25,3
Z3,23,4,720,29840.0,0.124343,239981.341933,240640.0,1.0,2,10.068757,140888.171087,140888.171087,5581521.682289399,15370149.675398603,792720.8812005001,16755390.2181635,114641670.14925551,50,25,3
Z3,24,4,720,17200.0,0.074863,229753.015508,232432.0,1.0,2,10.068757,138842.505802,138842.505802,5581521.682289399,15370149.675398603,792720.8812005001,16755390.2181635,114641670.14925551,50,25,3
Z3,25,4,720,25664.0,0.214474,119660.191911,119920.0,1.0,2,10.068757,116823.941082,116823.941082,5581521.682289399,15370149.675398603,792720.8812005001,16755390.2181635,114641670.14925551,50,25,3
Z3,26,4,720,26808.0,0.058139,461101.842137,462200.0,1.0,2,10.068757,185112.271127,185112.271127,5581521.682289399,15370149.675398603,792720.8812005001,16755390.2181635,114641670.14925551,50,25,3
Z3,27,4,720,17472.0,0.043671,400082.434568,406320.0,1.0,2,10.068757,172908.389613,172908.389613,5581521.682289399,15370149.675398603,792720.8812005001,16755390.2181635,114641670.14925551,50,25,3
Z3,28,4,720,6448.0,0.075229,85711.627165,85968.0,1.0,2,10.068757,110034.228133,110034.228133,5581521.682289399,15370149.675398603,792720.8812005001,16755390.2181635,114641670.14925551,50,25,3
Z3,29,4,720,7200.0,0.052434,137315.482321,138456.0,1.0,2,10.068757,120354.999164,120354.999164,5581521.682289399,15370149.675398603,792720.8812005001,16755390.2181635,114641670.14925551,50,25,3
Z3,30,4,720,7520.0,0.058891,127693.535515,129648.0,1.0,2,10.068757,118430.609803,118430.609803,5581521.682289399,15370149.675398603,792720.8812005001,16755390.2181635,114641670.14925551,50,25,3
Z3,31,4,720,6728.0,0.026098,257797.532378,258768.0,1.0,2,10.068757,144451.409176,144451.409176,5581521.682289399,15370149.675398603,792720.8812005001,16755390.2181635,114641670.14925551,50,25,3
Z3,32,4,720,7224.0,0.057644,125320.935397,126736.0,1.0,2,10.068757,117956.089779,117956.089779,5581521.682289399,15370149.675398603,792720.8812005001,16755390.2181635,114641670.14925551,50,25,3
Z3,33,4,720,7256.0,0.028886,251194.350204,259136.0,1.0,2,10.068757,143130.772741,143130.772741,5581521.682289399,15370149.675398603,792720.8812005001,16755390.2181635,114641670.14925551,50,25,3
Z3,34,4,720,6544.0,0.321696,20342.186412,20384.0,1.0,2,10.068757,96960.339982,96960.339982,5581521.682289399,15370149.675398603,792720.8812005001,16755390.2181635,114641670.14925551,50,25,3
Z3,35,4,720,12272.0,0.06651,184513.606976,185936.0,1.0,2,10.068757,129794.624095,129794.624095,5581521.682289399,15370149.675398603,792720.8812005001,16755390.2181635,114641670.14925551,50,25,3
Z3,36,4,720,8544.0,0.038954,219335.626637,224840.0,1.0,2,10.068757,136759.028027,136759.028027,5581521.682289399,15370149.675398603,792720.8812005001,16755390.2181635,114641670.14925551,50,25,3
Z3,37,4,720,6424.0,0.05625,114204.444444,114712.0,1.0,2,10.068757,115732.791589,115732.791589,5581521.682289399,15370149.675398603,792720.8812005001,16755390.2181635,114641670.14925551,50,25,3
Z3,38,4,720,6872.0,0.072263,95097.075959,95440.0,1.0,2,10.068757,111911.317892,111911.317892,5581521.682289399,15370149.675398603,792720.8812005001,16755390.2181635,114641670.14925551,50,25,3
Z1,0,5,720,8792.0,0.191241,45973.405284,46024.0,1.0,2,14.506687,121105.998949,121105.998949,5581521.682289399,15370149.675398603,792720.8812005001,16755390.2181635,114641670.14925551,50,25,3
Z2,0,5,720,6624.0,0.209911,31556.230974,31688.0,1.0,2,14.506687,118222.564086,118222.564086,5581521.682289399,15370149.675398603,792720.8812005001,16755390.2181635,114641670.14925551,50,25,3
Z2,1,5,720,7616.0,0.050716,150169.571733,152320.0,1.0,2,14.506687,141945.232238,141945.232238,5581521.682289399,15370149.675398603,792720.8812005001,16755390.2181635,114641670.14925551,50,25,3
Z2,2,5,720,8816.0,0.026128,337415.799143,339072.0,1.0,2,14.506687,179394.47772,179394.47772,5581521.682289399,15370149.675398603,792720.8812005001,16755390.2181635,114641670.14925551,50,25,3
Z2,3,5,720,14976.0,0.060317,248288.210621,249600.0,1.0,2,14.506687,161568.960016,161568.960016,5581521.682289399,15370149.675398603,792720.8812005001,16755390.2181635,114641670.14925551,50,25,3
Z2,4,5,720,20272.0,0.148553,136463.080517,136968.0,1.0,2,14.506687,139203.933995,139203.933995,5581521.682289399,15370149.675398603,792720.8812005001,16755390.2181635,114641670.14925551,50,25,3
Z2,5,5,720,21272.0,0.072854,291981.222719,295440.0,1.0,2,14.506687,170307.562436,170307.562436,5581521.682289399,15370149.675398603,792720.8812005001,16755390.2181635,114641670.14925551,50,25,3
Z2,6,5,720,9680.0,0.033239,291224.164385,293328.0,1.0,2,14.506687,170156.150769,170156.150769,5581521.682289399,15370149.675398603,792720.8812005001,16755390.2181635,114641670.14925551,50,25,3
Z2,7,5,720,12888.0,0.074697,172537.049681,174160.0,1.0,2,14.506687,146418.727828,146418.727828,5581521.682289399,15370149.675398603,792720.8812005001,16755390.2181635,114641670.14925551,50,25,3
Z3,0,5,720,7712.0,0.178635,43171.830828,43320.0,1.0,2,14.506687,120545.684057,120545.684057,5581521.682289399,15370149.675398603,792720.8812005001,16755390.2181635,114641670.14925551,50,25,3
Z3,1,5,720,9624.0,0.049642,193868.095564,196408.0,1.0,2,14.506687,150684.937004,150684.937004,5581521.682289399,15370149.675398603,792720.8812005001,16755390.2181635,114641670.14925551,50,25,3
Z3,2,5,720,9096.0,0.067178,135401.47072,135760.0,1.0,2,14.506687,138991.612036,138991.612036,5581521.682289399,15370149.675398603,792720.8812005001,16755390.2181635,114641670.14925551,50,25,3
Z3,3,5,720,7632.0,0.035325,216050.955414,218056.0,1.0,2,14.506687,155121.508974,155121.508974,5581521.682289399,15370149.675398603,792720.8812005001,16755390.2181635,114641670.14925551,50,25,3
Z3,4,5,720,8304.0,0.051985,159738.386073,162816.0,1.0,2,14.506687,143858.995106,143858.995106,5581521.682289399,15370149.675398603,792720.8812005001,16755390.2181635,114641670.14925551,50,25,3
Z3,5,5,720,8504.0,0.03442,247065.6595,250112.0,1.0,2,14.506687,161324.449792,161324.449792,5581521.682289399,15370149.675398603,792720.8812005001,16755390.2181635,114641670.14925551,50,25,3
Z3,6,5,720,7384.0,0.057622,128145.499983,129536.0,1.0,2,14.506687,137540.417888,137540.417888,5581521.682289399,15370149.675398603,792720.8812005001,16755390.2181635,114641670.14925551,50,25,3
Z3,7,5,720,8968.0,0.0598,149966.555184,152000.0,1.0,2,14.506687,141904.628928,141904.628928,5581521.682289399,15370149.675398603,792720.8812005001,16755390.2181635,114641670.14925551,50,25,3
Z3,8,5,720,8912.0,0.065105,136886.567852,137104.0,1.0,2,14.506687,139288.631462,139288.631462,5581521.682289399,15370149.675398603,792720.8812005001,16755390.2181635,114641670.14925551,50,25,3
Z3,9,5,720,16688.0,0.055168,302494.199536,303416.0,1.0,2,14.506687,172410.157799,172410.157799,5581521.682289399,15370149.675398603,792720.8812005001,16755390.2181635,114641670.14925551,50,25,3
Z3,10,5,720,23832.0,0.065188,365588.758667,366640.0,1.0,2,14.506687,185029.069625,185029.069625,5581521.682289399,15370149.675398603,792720.8812005001,16755390.2181635,114641670.14925551,50,25,3
Z3,11,5,720,21144.0,0.060963,346833.325132,352400.0,1.0,2,14.506687,181277.982918,181277.982918,5581521.682289399,15370149.675398603,792720.8812005001,16755390.2181635,114641670.14925551,50,25,3
Z3,12,5,720,14272.0,0.041638,342763.821509,348096.0,1.0,2,14.506687,180464.082193,180464.082193,5581521.682289399,15370149.675398603,792720.8812005001,16755390.2181635,114641670.14925551,50,25,3
Z3,13,5,720,27640.0,0.07002,394744.358755,394856.0,1.0,2,14.506687,190860.189643,190860.189643,5581521.682289399,15370149.675398603,792720.8812005001,16755390.2181635,114641670.14925551,50,25,3
Z3,14,5,720,33288.0,0.069576,478440.84167,482432.0,1.0,2,14.506687,207599.486226,207599.486226,5581521.682289399,15370149.675398603,792720.8812005001,16755390.2181635,114641670.14925551,50,25,3
Z3,15,5,720,17576.0,0.075151,233875.796729,234344.0,1.0,2,14.506687,158686.477237,158686.477237,5581521.682289399,15370149.675398603,792720.8812005001,16755390.2181635,114641670.14925551,50,25,3
Z3,16,5,720,34872.0,0.061397,567975.633989,571672.0,1.0,2,14.506687,225506.444689,225506.444689,5581521.682289399,15370149.675398603,792720.8812005001,16755390.2181635,114641670.14925551,50,25,3
Z3,17,5,720,27336.0,0.044735,611065.161507,621272.0,1.0,2,14.506687,234124.350193,234124.350193,5581521.682289399,15370149.675398603,792720.8812005001,16755390.2181635,114641670.14925551,50,25,3
Z3,18,5,720,25312.0,0.371877,68065.516286,68224.0,1.0,2,14.506687,125524.421149,125524.421149,5581521.682289399,15370149.675398603,792720.8812005001,16755390.2181635,114641670.14925551,50,25,3
Z3,19,5,720,18312.0,0.03274,559315.821625,572248.0,1.0,2,14.506687,223774.482217,223774.482217,5581521.682289399,15370149.675398603,792720.8812005001,16755390.2181635,114641670.14925551,50,25,3
Z3,20,5,720,41432.0,0.073859,560960.749536,567560.0,1.0,2,14.506687,224103.467799,224103.467799,5581521.682289399,15370149.675398603,792720.8812005001,16755390.2181635,114641670.14925551,50,25,3
Z3,21,5,720,36760.0,0.069358,530003.748666,532752.0,1.0,2,14.506687,217912.067625,217912.067625,5581521.682289399,15370149.675398603,792720.8812005001,16755390.2181635,114641670.14925551,50,25,3
Z3,22,5,720,21272.0,0.072712,292551.435802,295440.0,1.0,2,14.506687,170421.605052,170421.605052,5581521.682289399,15370149.675398603,792720.8812005001,16755390.2181635,114641670.14925551,50,25,3
Z3,23,5,720,43464.0,0.07377,589182.594551,595392.0,1.0,2,14.506687,229747.836802,229747.836802,5581521.682289399,15370149.675398603,792720.8812005001,16755390.2181635,114641670.14925551,50,25,3
Z3,24,5,720,42000.0,0.060748,691380.786199,700000.0,1.0,2,14.506687,250187.475131,250187.475131,5581521.682289399,15370149.675398603,792720.8812005001,16755390.2181635,114641670.14925551,50,25,3
Z3,25,5,720,20304.0,0.054553,372188.513922,376000.0,1.0,2,14.506687,186349.020676,186349.020676,5581521.682289399,15370149.675398603,792720.8812005001,16755390.2181635,114641670.14925551,50,25,3
Z3,26,5,720,32736.0,0.057596,568372.803667,574312.0,1.0,2,14.506687,225585.878625,225585.878625,5581521.682289399,15370149.675398603,792720.8812005001,16755390.2181635,114641670.14925551,50,25,3
Z3,27,5,720,34608.0,0.295467,117129.831758,117312.0,1.0,2,14.506687,135337.284243,135337.284243,5581521.682289399,15370149.675398603,792720.8812005001,16755390.2181635,114641670.14925551,50,25,3
Z3,28,5,720,13208.0,0.050322,262469.695163,264160.0,1.0,2,14.506687,164405.256924,164405.256924,5581521.682289399,15370149.675398603,792720.8812005001,16755390.2181635,114641670.14925551,50,25,3
Z3,29,5,720,16320.0,0.054948,297008.080367,302216.0,1.0,2,14.506687,171312.933965,171312.933965,5581521.682289399,15370149.675398603,792720.8812005001,16755390.2181635,114641670.14925551,50,25,3
Z3,30,5,720,8752.0,0.045105,194036.1379,194488.0,1.0,2,14.506687,150718.545472,150718.545472,5581521.682289399,15370149.675398603,792720.8812005001,16755390.2181635,114641670.14925551,50,25,3
Z3,31,5,720,12760.0,0.057859,220536.130939,223856.0,1.0,2,14.506687,156018.544079,156018.544079,5581521.682289399,15370149.675398603,792720.8812005001,16755390.2181635,114641670.14925551,50,25,3
Z3,32,5,720,15440.0,0.049036,314870.707236,315096.0,1.0,2,14.506687,174885.459339,174885.459339,5581521.682289399,15370149.675398603,792720.8812005001,16755390.2181635,114641670.14925551,50,25,3
Z3,33,5,720,10000.0,0.068259,146500.82773,147056.0,1.0,2,14.506687,141211.483438,141211.483438,5581521.682289399,15370149.675398603,792720.8812005001,16755390.2181635,114641670.14925551,50,25,3
Z3,34,5,720,15200.0,0.066289,229298.978714,230296.0,1.0,2,14.506687,157771.113635,157771.113635,5581521.682289399,15370149.675398603,792720.8812005001,16755390.2181635,114641670.14925551,50,25,3
Z3,35,5,720,18352.0,0.057062,321615.085346,321960.0,1.0,2,14.506687,176234.334961,176234.334961,5581521.682289399,15370149.675398603,792720.8812005001,16755390.2181635,114641670.14925551,50,25,3
Z3,36,5,720,11224.0,0.030311,370294.612517,374128.0,1.0,2,14.506687,185970.240395,185970.240395,5581521.682289399,15370149.675398603,792720.8812005001,16755390.2181635,114641670.14925551,50,25,3
Z3,37,5,720,23240.0,0.061716,376563.613974,380976.0,1.0,2,14.506687,187224.040686,187224.040686,5581521.682289399,15370149.675398603,792720.8812005001,16755390.2181635,114641670.14925551,50,25,3
Z3,38,5,720,16824.0,0.030961,543393.30125,560800.0,1.0,2,14.506687,220589.978142,220589.978142,5581521.682289399,15370149.675398603,792720.8812005001,16755390.2181635,114641670.14925551,50,25,3
Z1,0,6,720,14912.0,0.178493,83543.892478,83768.0,1.0,2,18.259465,218817.597217,218817.597217,5581521.682289399,15370149.675398603,792720.8812005001,16755390.2181635,114641670.14925551,50,25,3
Z2,0,6,720,6624.0,0.219718,30147.734824,30240.0,1.0,2,18.259465,208138.365686,208138.365686,5581521.682289399,15370149.675398603,792720.8812005001,16755390.2181635,114641670.14925551,50,25,3
Z2,1,6,720,6768.0,0.043485,155639.875819,157392.0,1.0,2,18.259465,233236.793885,233236.793885,5581521.682289399,15370149.675398603,792720.8812005001,16755390.2181635,114641670.14925551,50,25,3
Z2,2,6,720,7488.0,0.075586,99065.964597,99840.0,1.0,2,18.259465,221922.011641,221922.011641,5581521.682289399,15370149.675398603,792720.8812005001,16755390.2181635,114641670.14925551,50,25,3
Z2,3,6,720,7752.0,0.033193,233543.216943,234904.0,1.0,2,18.259465,248817.46211,248817.46211,5581521.682289399,15370149.675398603,792720.8812005001,16755390.2181635,114641670.14925551,50,25,3
Z2,4,6,720,10768.0,0.061708,174499.254554,176520.0,1.0,2,18.259465,237008.669632,237008.669632,5581521.682289399,15370149.675398603,792720.8812005001,16755390.2181635,114641670.14925551,50,25,3
Z2,5,6,720,17456.0,0.057402,304100.902408,306240.0,1.0,2,18.259465,262928.999203,262928.999203,5581521.682289399,15370149.675398603,792720.8812005001,16755390.2181635,114641670.14925551,50,25,3
Z2,6,6,720,9568.0,0.0261,366590.038314,368000.0,1.0,2,18.259465,275426.826384,275426.826384,5581521.682289399,15370149.675398603,792720.8812005001,16755390.2181635,114641670.14925551,50,25,3
Z2,7,6,720,12800.0,0.06901,185480.365164,185504.0,1.0,2,18.259465,239204.891754,239204.891754,5581521.682289399,15370149.675398603,792720.8812005001,16755390.2181635,114641670.14925551,50,25,3
Z3,0,6,720,6760.0,0.151771,44540.788425,44768.0,1.0,2,18.259465,211016.976406,211016.976406,5581521.682289399,15370149.675398603,792720.8812005001,16755390.2181635,114641670.14925551,50,25,3
Z3,1,6,720,8320.0,0.06416,129675.810474,130000.0,1.0,2,18.259465,228043.980816,228043.980816,5581521.682289399,15370149.675398603,792720.8812005001,16755390.2181635,114641670.14925551,50,25,3
Z3,2,6,720,7800.0,0.034221,227930.218287,229408.0,1.0,2,18.259465,247694.862379,247694.862379,5581521.682289399,15370149.675398603,792720.8812005001,16755390.2181635,114641670.14925551,50,25,3
Z3,3,6,720,6928.0,0.042374,163496.483693,164952.0,1.0,2,18.259465,234808.11546,234808.11546,5581521.682289399,15370149.675398603,792720.8812005001,16755390.2181635,114641670.14925551,50,25,3
Z3,4,6,720,7472.0,0.069936,106840.539922,108288.0,1.0,2,18.259465,223476.926706,223476.926706,5581521.682289399,15370149.675398603,792720.8812005001,16755390.2181635,114641670.14925551,50,25,3
Z3,5,6,720,7416.0,0.042195,175755.421258,176568.0,1.0,2,18.259465,237259.902973,237259.902973,5581521.682289399,15370149.675398603,792720.8812005001,16755390.2181635,114641670.14925551,50,25,3
Z3,6,6,720,6760.0,0.035898,188311.326536,193136.0,1.0,2,18.259465,239771.084029,239771.084029,5581521.682289399,15370149.675398603,792720.8812005001,16755390.2181635,114641670.14925551,50,25,3
Z3,7,6,720,7600.0,0.027428,277089.106023,281480.0,1.0,2,18.259465,257526.639926,257526.639926,5581521.682289399,15370149.675398603,792720.8812005001,16755390.2181635,114641670.14925551,50,25,3
Z3,8,6,720,7600.0,0.043343,175345.49985,176744.0,1.0,2,18.259465,237177.918691,237177.918691,5581521.682289399,15370149.675398603,792720.8812005001,16755390.2181635,114641670.14925551,50,25,3
Z3,9,6,720,12912.0,0.063047,204799.593954,204952.0,1.0,2,18.259465,243068.737512,243068.737512,5581521.682289399,15370149.675398603,792720.8812005001,16755390.2181635,114641670.14925551,50,25,3
Z3,10,6,720,17552.0,0.034617,507034.116186,516232.0,1.0,2,18.259465,303515.641958,303515.641958,5581521.682289399,15370149.675398603,792720.8812005001,16755390.2181635,114641670.14925551,50,25,3
Z3,11,6,720,14968.0,0.066915,223686.766794,226784.0,1.0,2,18.259465,246846.17208,246846.17208,5581521.682289399,15370149.675398603,792720.8812005001,16755390.2181635,114641670.14925551,50,25,3
Z3,12,6,720,10336.0,0.069286,149178.766273,149792.0,1.0,2,18.259465,231944.571976,231944.571976,5581521.682289399,15370149.675398603,792720.8812005001,16755390.2181635,114641670.14925551,50,25,3
Z3,13,6,720,18344.0,0.062787,292162.390304,295864.0,1.0,2,18.259465,260541.296782,260541.296782,5581521.682289399,15370149.675398603,792720.8812005001,16755390.2181635,114641670.14925551,50,25,3
Z3,14,6,720,20456.0,0.057146,357960.312183,358872.0,1.0,2,18.259465,273700.881158,273700.881158,5581521.682289399,15370149.675398603,792720.8812005001,16755390.2181635,114641670.14925551,50,25,3
Z3,15,6,720,12480.0,0.073114,170692.343464,170952.0,1.0,2,18.259465,236247.287414,236247.287414,5581521.682289399,15370149.675398603,792720.8812005001,16755390.2181635,114641670.14925551,50,25,3
Z3,16,6,720,18912.0,0.03886,486670.097787,497680.0,1.0,2,18.259465,299442.838279,299442.838279,5581521.682289399,15370149.675398603,792720.8812005001,16755390.2181635,114641670.14925551,50,25,3
Z3,17,6,720,16112.0,0.026031,618954.323691,619688.0,1.0,2,18.259465,325899.68346,325899.68346,5581521.682289399,15370149.675398603,792720.8812005001,16755390.2181635,114641670.14925551,50,25,3
Z3,18,6,720,16088.0,0.038506,417805.0174,423368.0,1.0,2,18.259465,285669.822201,285669.822201,5581521.682289399,15370149.675398603,792720.8812005001,16755390.2181635,114641670.14925551,50,25,3
Z3,19,6,720,31984.0,0.19324,165514.386255,165720.0,1.0,2,18.259465,235211.695972,235211.695972,5581521.682289399,15370149.675398603,792720.8812005001,16755390.2181635,114641670.14925551,50,25,3
Z3,20,6,720,21472.0,0.062886,341443.24651,346320.0,1.0,2,18.259465,270397.468023,270397.468023,5581521.682289399,15370149.675398603,792720.8812005001,16755390.2181635,114641670.14925551,50,25,3
Z3,21,6,720,19320.0,0.045047,428885.386374,429328.0,1.0,2,18.259465,287885.895996,287885.895996,5581521.682289399,15370149.675398603,792720.8812005001,16755390.2181635,114641670.14925551,50,25,3
Z3,22,6,720,33040.0,0.040985,806148.590948,826000.0,1.0,2,18.259465,363338.536911,363338.536911,5581521.682289399,15370149.675398603,792720.8812005001,16755390.2181635,114641670.14925551,50,25,3
Z3,23,6,720,26472.0,0.043699,605780.452642,615624.0,1.0,2,18.259465,323264.90925,323264.90925,5581521.682289399,15370149.675398603,792720.8812005001,16755390.2181635,114641670.14925551,50,25,3
Z3,24,6,720,12984.0,0.051208,253554.132167,254584.0,1.0,2,18.259465,252819.645155,252819.645155,5581521.682289399,15370149.675398603,792720.8812005001,16755390.2181635,114641670.14925551,50,25,3
Z3,25,6,720,21128.0,0.059526,354937.338306,358096.0,1.0,2,18.259465,273096.286383,273096.286383,5581521.682289399,15370149.675398603,792720.8812005001,16755390.2181635,114641670.14925551,50,25,3
Z3,26,6,720,21576.0,0.064722,333364.234727,337120.0,1.0,2,18.259465,268781.665667,268781.665667,5581521.682289399,15370149.675398603,792720.8812005001,16755390.2181635,114641670.14925551,50,25,3
Z3,27,6,720,14376.0,0.067424,213217.845278,214560.0,1.0,2,18.259465,244752.387777,244752.387777,5581521.682289399,15370149.675398603,792720.8812005001,16755390.2181635,114641670.14925551,50,25,3
Z3,28,6,720,7048.0,0.061681,114265.332923,115536.0,1.0,2,18.259465,224961.885306,224961.885306,5581521.682289399,15370149.675398603,792720.8812005001,16755390.2181635,114641670.14925551,50,25,3
Z3,29,6,720,8656.0,0.028253,306374.544296,309136.0,1.0,2,18.259465,263383.727581,263383.727581,5581521.682289399,15370149.675398603,792720.8812005001,16755390.2181635,114641670.14925551,50,25,3
Z3,30,6,720,9488.0,0.048483,195697.460966,197664.0,1.0,2,18.259465,241248.310914,241248.310914,5581521.682289399,15370149.675398603,792720.8812005001,16755390.2181635,114641670.14925551,50,25,3
Z3,31,6,720,8424.0,0.06244,134913.516976,135864.0,1.0,2,18.259465,229091.522117,229091.522117,5581521.682289399,15370149.675398603,792720.8812005001,16755390.2181635,114641670.14925551,50,25,3
Z3,32,6,720,9328.0,0.039496,236175.815272,239176.0,1.0,2,18.259465,249343.981776,249343.981776,5581521.682289399,15370149.675398603,792720.8812005001,16755390.2181635,114641670.14925551,50,25,3
Z3,33,6,720,8680.0,0.030997,280027.099397,289328.0,1.0,2,18.259465,258114.238601,258114.238601,5581521.682289399,15370149.675398603,792720.8812005001,16755390.2181635,114641670.14925551,50,25,3
Z3,34,6,720,7160.0,0.045938,155862.249118,159104.0,1.0,2,18.259465,233281.268545,233281.268545,5581521.682289399,15370149.675398603,792720.8812005001,16755390.2181635,114641670.14925551,50,25,3
Z3,35,6,720,10360.0,0.07287,142170.989433,143888.0,1.0,2,18.259465,230543.016608,230543.016608,5581521.682289399,15370149.675398603,792720.8812005001,16755390.2181635,114641670.14925551,50,25,3
Z3,36,6,720,9048.0,0.033803,267668.550129,274176.0,1.0,2,18.259465,255642.528747,255642.528747,5581521.682289399,15370149.675398603,792720.8812005001,16755390.2181635,114641670.14925551,50,25,3
Z3,37,6,720,7176.0,0.035298,203297.63726,205024.0,1.0,2,18.259465,242768.346173,242768.346173,5581521.682289399,15370149.675398603,792720.8812005001,16755390.2181635,114641670.14925551,50,25,3
Z3,38,6,720,8768.0,0.055713,157377.990774,159416.0,1.0,2,18.259465,233584.416876,233584.416876,5581521.682289399,15370149.675398603,792720.8812005001,16755390.2181635,114641670.14925551,50,25,3
Z1,0,7,720,7408.0,0.167569,44208.654345,44352.0,1.0,2,21.216938,192046.762825,192046.762825,5581521.682289399,15370149.675398603,792720.8812005001,16755390.2181635,114641670.14925551,50,25,3
Z2,0,7,720,6624.0,0.161756,40950.567521,41136.0,1.0,2,21.216938,191395.145461,191395.145461,5581521.682289399,15370149.675398603,792720.8812005001,16755390.2181635,114641670.14925551,50,25,3
Z2,1,7,720,6792.0,0.062229,109145.253821,109544.0,1.0,2,21.216938,205034.08272,205034.08272,5581521.682289399,15370149.675398603,792720.8812005001,16755390.2181635,114641670.14925551,50,25,3
Z2,2,7,720,7464.0,0.047541,157001.325172,158808.0,1.0,2,21.216938,214605.296991,214605.296991,5581521.682289399,15370149.675398603,792720.8812005001,16755390.2181635,114641670.14925551,50,25,3
Z2,3,7,720,10144.0,0.072842,139260.31685,140888.0,1.0,2,21.216938,211057.095326,211057.095326,5581521.682289399,15370149.675398603,792720.8812005001,16755390.2181635,114641670.14925551,50,25,3
Z2,4,7,720,14352.0,0.046121,311181.457471,312000.0,1.0,2,21.216938,245441.32345,245441.32345,5581521.682289399,15370149.675398603,792720.8812005001,16755390.2181635,114641670.14925551,50,25,3
Z2,5,7,720,15008.0,0.061839,242694.739566,246032.0,1.0,2,21.216938,231743.979869,231743.979869,5581521.682289399,15370149.675398603,792720.8812005001,16755390.2181635,114641670.14925551,50,25,3
Z2,6,7,720,7168.0,0.062995,113786.808477,115608.0,1.0,2,21.216938,205962.393652,205962.393652,5581521.682289399,15370149.675398603,792720.8812005001,16755390.2181635,114641670.14925551,50,25,3
Z2,7,7,720,8160.0,0.075622,107905.106979,108800.0,1.0,2,21.216938,204786.053352,204786.053352,5581521.682289399,15370149.675398603,792720.8812005001,16755390.2181635,114641670.14925551,50,25,3
Z3,0,7,720,6656.0,0.18297,36377.548232,36568.0,1.0,2,21.216938,190480.541603,190480.541603,5581521.682289399,15370149.675398603,792720.8812005001,16755390.2181635,114641670.14925551,50,25,3
Z3,1,7,720,7664.0,0.03949,194074.449228,196512.0,1.0,2,21.216938,222019.921802,222019.921802,5581521.682289399,15370149.675398603,792720.8812005001,16755390.2181635,114641670.14925551,50,25,3
Z3,2,7,720,7664.0,0.045304,169168.285361,170304.0,1.0,2,21.216938,217038.689028,217038.689028,5581521.682289399,15370149.675398603,792720.8812005001,16755390.2181635,114641670.14925551,50,25,3
Z3,3,7,720,6920.0,0.075737,91368.81577,92264.0,1.0,2,21.216938,201478.79511,201478.79511,5581521.682289399,15370149.675398603,792720.8812005001,16755390.2181635,114641670.14925551,50,25,3
Z3,4,7,720,7504.0,0.066245,113276.473696,113696.0,1.0,2,21.216938,205860.326695,205860.326695,5581521.682289399,15370149.675398603,792720.8812005001,16755390.2181635,114641670.14925551,50,25,3
Z3,5,7,720,7480.0,0.053078,140924.676891,141128.0,1.0,2,21.216938,211389.967334,211389.967334,5581521.682289399,15370149.675398603,792720.8812005001,16755390.2181635,114641670.14925551,50,25,3
Z3,6,7,720,6728.0,0.031083,216452.723354,217032.0,1.0,2,21.216938,226495.576627,226495.576627,5581521.682289399,15370149.675398603,792720.8812005001,16755390.2181635,114641670.14925551,50,25,3
Z3,7,7,720,7632.0,0.07414,102940.383059,103128.0,1.0,2,21.216938,203793.108568,203793.108568,5581521.682289399,15370149.675398603,792720.8812005001,16755390.2181635,114641670.14925551,50,25,3
Z3,8,7,720,7392.0,0.027428,269505.6147,273776.0,1.0,2,21.216938,237106.154896,237106.154896,5581521.682289399,15370149.675398603,792720.8812005001,16755390.2181635,114641670.14925551,50,25,3
Z3,9,7,720,12800.0,0.062537,204678.830133,206448.0,1.0,2,21.216938,224140.797983,224140.797983,5581521.682289399,15370149.675398603,792720.8812005001,16755390.2181635,114641670.14925551,50,25,3
Z3,10,7,720,16760.0,0.031079,539270.890312,540640.0,1.0,2,21.216938,291059.210019,291059.210019,5581521.682289399,15370149.675398603,792720.8812005001,16755390.2181635,114641670.14925551,50,25,3
Z3,11,7,720,14104.0,0.042495,331897.870338,335808.0,1.0,2,21.216938,249584.606024,249584.606024,5581521.682289399,15370149.675398603,792720.8812005001,16755390.2181635,114641670.14925551,50,25,3
Z3,12,7,720,9704.0,0.050009,194045.071887,194080.0,1.0,2,21.216938,222014.046334,222014.046334,5581521.682289399,15370149.675398603,792720.8812005001,16755390.2181635,114641670.14925551,50,25,3
Z3,13,7,720,17248.0,0.063005,273756.051107,273776.0,1.0,2,21.216938,237956.242178,237956.242178,5581521.682289399,15370149.675398603,792720.8812005001,16755390.2181635,114641670.14925551,50,25,3
Z3,14,7,720,21552.0,0.072364,297827.649107,299328.0,1.0,2,21.216938,242770.561778,242770.561778,5581521.682289399,15370149.675398603,792720.8812005001,16755390.2181635,114641670.14925551,50,25,3
Z3,15,7,720,16688.0,0.036287,459889.216524,463552.0,1.0,2,21.216938,275182.875261,275182.875261,5581521.682289399,15370149.675398603,792720.8812005001,16755390.2181635,114641670.14925551,50,25,3
Z3,16,7,720,23312.0,0.149829,155590.706739,156456.0,1.0,2,21.216938,214323.173304,214323.173304,5581521.682289399,15370149.675398603,792720.8812005001,16755390.2181635,114641670.14925551,50,25,3
Z3,17,7,720,14952.0,0.056369,265252.177615,267000.0,1.0,2,21.216938,236255.467479,236255.467479,5581521.682289399,15370149.675398603,792720.8812005001,16755390.2181635,114641670.14925551,50,25,3
Z3,18,7,720,16856.0,0.063215,266645.574626,267552.0,1.0,2,21.216938,236534.146882,236534.146882,5581521.682289399,15370149.675398603,792720.8812005001,16755390.2181635,114641670.14925551,50,25,3
Z3,19,7,720,23928.0,0.071578,334292.659756,337008.0,1.0,2,21.216938,250063.563907,250063.563907,5581521.682289399,15370149.675398603,792720.8812005001,16755390.2181635,114641670.14925551,50,25,3
Z3,20,7,720,29544.0,0.069259,426572.719791,428168.0,1.0,2,21.216938,268519.575914,268519.575914,5581521.682289399,15370149.675398603,792720.8812005001,16755390.2181635,114641670.14925551,50,25,3
Z3,21,7,720,31920.0,0.285954,111626.345496,112000.0,1.0,2,21.216938,205530.301055,205530.301055,5581521.682289399,15370149.675398603,792720.8812005001,16755390.2181635,114641670.14925551,50,25,3
Z3,22,7,720,15096.0,0.056941,265116.524121,269568.0,1.0,2,21.216938,236228.336781,236228.336781,5581521.682289399,15370149.675398603,792720.8812005001,16755390.2181635,114641670.14925551,50,25,3
Z3,23,7,720,22296.0,0.05039,442468.743798,445920.0,1.0,2,21.216938,271698.780716,271698.780716,5581521.682289399,15370149.675398603,792720.8812005001,16755390.2181635,114641670.14925551,50,25,3
Z3,24,7,720,24272.0,0.047173,514531.617663,516424.0,1.0,2,21.216938,286111.355489,286111.355489,5581521.682289399,15370149.675398603,792720.8812005001,16755390.2181635,114641670.14925551,50,25,3
Z3,25,7,720,13368.0,0.050326,265628.104757,267360.0,1.0,2,21.216938,236330.652908,236330.652908,5581521.682289399,15370149.675398603,792720.8812005001,16755390.2181635,114641670.14925551,50,25,3
Z3,26,7,720,21768.0,0.061374,354677.876625,356848.0,1.0,2,21.216938,254140.607281,254140.607281,5581521.682289399,15370149.675398603,792720.8812005001,16755390.2181635,114641670.14925551,50,25,3
Z3,27,7,720,21680.0,0.05798,373922.042083,380344.0,1.0,2,21.216938,257989.440373,257989.440373,5581521.682289399,15370149.675398603,792720.8812005001,16755390.2181635,114641670.14925551,50,25,3
Z3,28,7,720,9672.0,0.047623,203095.143103,205784.0,1.0,2,21.216938,223824.060577,223824.060577,5581521.682289399,15370149.675398603,792720.8812005001,16755390.2181635,114641670.14925551,50,25,3
Z3,29,7,720,13368.0,0.070874,188616.417868,190968.0,1.0,2,21.216938,220928.31553,220928.31553,5581521.682289399,15370149.675398603,792720.8812005001,16755390.2181635,114641670.14925551,50,25,3
Z3,30,7,720,13424.0,0.033484,400907.896309,406784.0,1.0,2,21.216938,263386.611218,263386.611218,5581521.682289399,15370149.675398603,792720.8812005001,16755390.2181635,114641670.14925551,50,25,3
Z3,31,7,720,8064.0,0.033704,239259.435082,244360.0,1.0,2,21.216938,231056.918973,231056.918973,5581521.682289399,15370149.675398603,792720.8812005001,16755390.2181635,114641670.14925551,50,25,3
Z3,32,7,720,9424.0,0.056133,167886.982702,168280.0,1.0,2,21.216938,216782.428497,216782.428497,5581521.682289399,15370149.675398603,792720.8812005001,16755390.2181635,114641670.14925551,50,25,3
Z3,33,7,720,7368.0,0.054989,133990.434451,136440.0,1.0,2,21.216938,210003.118846,210003.118846,5581521.682289399,15370149.675398603,792720.8812005001,16755390.2181635,114641670.14925551,50,25,3
Z3,34,7,720,8792.0,0.04823,182293.17852,183160.0,1.0,2,21.216938,219663.66766,219663.66766,5581521.682289399,15370149.675398603,792720.8812005001,16755390.2181635,114641670.14925551,50,25,3
Z3,35,7,720,8568.0,0.044112,194232.861806,194720.0,1.0,2,21.216938,222051.604318,222051.604318,5581521.682289399,15370149.675398603,792720.8812005001,16755390.2181635,114641670.14925551,50,25,3
Z3,36,7,720,7064.0,0.066788,105767.503144,107024.0,1.0,2,21.216938,204358.532585,204358.532585,5581521.682289399,15370149.675398603,792720.8812005001,16755390.2181635,114641670.14925551,50,25,3
Z3,37,7,720,10104.0,0.033591,300794.855765,306176.0,1.0,2,21.216938,243364.003109,243364.003109,5581521.682289399,15370149.675398603,792720.8812005001,16755390.2181635,114641670.14925551,50,25,3
Z3,38,7,720,8640.0,0.027079,319066.435245,320000.0,1.0,2,21.216938,247018.319005,247018.319005,5581521.682289399,15370149.675398603,792720.8812005001,16755390.2181635,114641670.14925551,50,25,3
Z1,0,8,720,7744.0,0.193533,40013.847768,40120.0,1.0,2,24.473146,230989.730199,230989.730199,5581521.682289399,15370149.675398603,792720.8812005001,16755390.2181635,114641670.14925551,50,25,3
Z2,0,8,720,6624.0,0.147027,45052.949458,45056.0,1.0,2,24.473146,231997.550537,231997.550537,5581521.682289399,15370149.675398603,792720.8812005001,16755390.2181635,114641670.14925551,50,25,3
Z2,1,8,720,6968.0,0.045102,154494.257461,154840.0,1.0,2,24.473146,253885.812138,253885.812138,5581521.682289399,15370149.675398603,792720.8812005001,16755390.2181635,114641670.14925551,50,25,3
Z2,2,8,720,7968.0,0.052144,152807.609696,153224.0,1.0,2,24.473146,253548.482585,253548.482585,5581521.682289399,15370149.675398603,792720.8812005001,16755390.2181635,114641670.14925551,50,25,3
Z2,3,8,720,12752.0,0.028672,444754.464286,455424.0,1.0,2,24.473146,311937.853503,311937.853503,5581521.682289399,15370149.675398603,792720.8812005001,16755390.2181635,114641670.14925551,50,25,3
Z2,4,8,720,18720.0,0.04406,424875.170222,425448.0,1.0,2,24.473146,307961.99469,307961.99469,5581521.682289399,15370149.675398603,792720.8812005001,16755390.2181635,114641670.14925551,50,25,3
Z2,5,8,720,25648.0,0.058498,438442.339909,442200.0,1.0,2,24.473146,310675.428627,310675.428627,5581521.682289399,15370149.675398603,792720.8812005001,16755390.2181635,114641670.14925551,50,25,3
Z2,6,8,720,9784.0,0.170617,57344.813237,57552.0,1.0,2,24.473146,234455.923293,234455.923293,5581521.682289399,15370149.675398603,792720.8812005001,16755390.2181635,114641670.14925551,50,25,3
Z2,7,8,720,13192.0,0.072456,182069.117809,183216.0,1.0,2,24.473146,259400.784207,259400.784207,5581521.682289399,15370149.675398603,792720.8812005001,16755390.2181635,114641670.14925551,50,25,3
Z3,0,8,720,6768.0,0.186871,36217.497632,36384.0,1.0,2,24.473146,230230.460172,230230.460172,5581521.682289399,15370149.675398603,792720.8812005001,16755390.2181635,114641670.14925551,50,25,3
Z3,1,8,720,8032.0,0.027978,287082.707842,297480.0,1.0,2,24.473146,280403.502214,280403.502214,5581521.682289399,15370149.675398603,792720.8812005001,16755390.2181635,114641670.14925551,50,25,3
Z3,2,8,720,7872.0,0.054506,144424.467031,145776.0,1.0,2,24.473146,251871.854052,251871.854052,5581521.682289399,15370149.675398603,792720.8812005001,16755390.2181635,114641670.14925551,50,25,3
Z3,3,8,720,7024.0,0.041216,170419.254658,171312.0,1.0,2,24.473146,257070.811577,257070.811577,5581521.682289399,15370149.675398603,792720.8812005001,16755390.2181635,114641670.14925551,50,25,3
Z3,4,8,720,7816.0,0.038231,204441.421883,205680.0,1.0,2,24.473146,263875.245022,263875.245022,5581521.682289399,15370149.675398603,792720.8812005001,16755390.2181635,114641670.14925551,50,25,3
Z3,5,8,720,7936.0,0.044187,179600.33494,180360.0,1.0,2,24.473146,258907.027634,258907.027634,5581521.682289399,15370149.675398603,792720.8812005001,16755390.2181635,114641670.14925551,50,25,3
Z3,6,8,720,6928.0,0.031648,218907.987867,223480.0,1.0,2,24.473146,266768.558219,266768.558219,5581521.682289399,15370149.675398603,792720.8812005001,16755390.2181635,114641670.14925551,50,25,3
Z3,7,8,720,8048.0,0.064002,125746.070435,125744.0,1.0,2,24.473146,248136.174733,248136.174733,5581521.682289399,15370149.675398603,792720.8812005001,16755390.2181635,114641670.14925551,50,25,3
Z3,8,8,720,7664.0,0.03259,235164.160786,239496.0,1.0,2,24.473146,270019.792803,270019.792803,5581521.682289399,15370149.675398603,792720.8812005001,16755390.2181635,114641670.14925551,50,25,3
Z3,9,8,720,14248.0,0.064054,222437.318513,222624.0,1.0,2,24.473146,267474.424348,267474.424348,5581521.682289399,15370149.675398603,792720.8812005001,16755390.2181635,114641670.14925551,50,25,3
Z3,10,8,720,19448.0,0.06583,295427.616588,299200.0,1.0,2,24.473146,282072.483963,282072.483963,5581521.682289399,15370149.675398603,792720.8812005001,16755390.2181635,114641670.14925551,50,25,3
Z3,11,8,720,17344.0,0.070023,247690.0447,247768.0,1.0,2,24.473146,272524.969585,272524.969585,5581521.682289399,15370149.675398603,792720.8812005001,16755390.2181635,114641670.14925551,50,25,3
Z3,12,8,720,11952.0,0.047436,251960.536302,254296.0,1.0,2,24.473146,273379.067906,273379.067906,5581521.682289399,15370149.675398603,792720.8812005001,16755390.2181635,114641670.14925551,50,25,3
Z3,13,8,720,25224.0,0.049463,509956.937509,514768.0,1.0,2,24.473146,324978.348147,324978.348147,5581521.682289399,15370149.675398603,792720.8812005001,16755390.2181635,114641670.14925551,50,25,3
Z3,14,8,720,35992.0,0.068149,528136.87655,529288.0,1.0,2,24.473146,328614.335956,328614.335956,5581521.682289399,15370149.675398603,792720.8812005001,16755390.2181635,114641670.14925551,50,25,3
Z3,15,8,720,20016.0,0.03695,541705.006766,556000.0,1.0,2,24.473146,331327.961999,331327.961999,5581521.682289399,15370149.675398603,792720.8812005001,16755390.2181635,114641670.14925551,50,25,3
Z3,16,8,720,36432.0,0.074615,488266.434363,492320.0,1.0,2,24.473146,320640.247518,320640.247518,5581521.682289399,15370149.675398603,792720.8812005001,16755390.2181635,114641670.14925551,50,25,3
Z3,17,8,720,22472.0,0.059237,379357.496159,380880.0,1.0,2,24.473146,298858.459877,298858.459877,5581521.682289399,15370149.675398603,792720.8812005001,16755390.2181635,114641670.14925551,50,25,3
Z3,18,8,720,21736.0,0.068337,318070.737668,319640.0,1.0,2,24.473146,286601.108179,286601.108179,5581521.682289399,15370149.675398603,792720.8812005001,16755390.2181635,114641670.14925551,50,25,3
Z3,19,8,720,16848.0,0.04453,378351.673029,382904.0,1.0,2,24.473146,298657.295251,298657.295251,5581521.682289399,15370149.675398603,792720.8812005001,16755390.2181635,114641670.14925551,50,25,3
Z3,20,8,720,47160.0,0.068956,683914.380184,693528.0,1.0,2,24.473146,359769.836682,359769.836682,5581521.682289399,15370149.675398603,792720.8812005001,16755390.2181635,114641670.14925551,50,25,3
Z3,21,8,720,39472.0,0.064498,611987.968619,616744.0,1.0,2,24.473146,345384.554369,345384.554369,5581521.682289399,15370149.675398603,792720.8812005001,16755390.2181635,114641670.14925551,50,25,3
Z3,22,8,720,26968.0,0.075275,358259.714381,359568.0,1.0,2,24.473146,294638.903522,294638.903522,5581521.682289399,15370149.675398603,792720.8812005001,16755390.2181635,114641670.14925551,50,25,3
Z3,23,8,720,39776.0,0.052562,756744.416118,764920.0,1.0,2,24.473146,374335.843869,374335.843869,5581521.682289399,15370149.675398603,792720.8812005001,16755390.2181635,114641670.14925551,50,25,3
Z3,24,8,720,34992.0,0.051584,678349.875931,686112.0,1.0,2,24.473146,358656.935832,358656.935832,5581521.682289399,15370149.675398603,792720.8812005001,16755390.2181635,114641670.14925551,50,25,3
Z3,25,8,720,22464.0,0.073441,305878.187933,307720.0,1.0,2,24.473146,284162.598232,284162.598232,5581521.682289399,15370149.675398603,792720.8812005001,16755390.2181635,114641670.14925551,50,25,3
Z3,26,8,720,43144.0,0.183796,234738.51444,235752.0,1.0,2,24.473146,269934.663534,269934.663534,5581521.682289399,15370149.675398603,792720.8812005001,16755390.2181635,114641670.14925551,50,25,3
Z3,27,8,720,43672.0,0.066532,656405.939999,661696.0,1.0,2,24.473146,354268.148645,354268.148645,5581521.682289399,15370149.675398603,792720.8812005001,16755390.2181635,114641670.14925551,50,25,3
Z3,28,8,720,18320.0,0.034341,533473.107947,538816.0,1.0,2,24.473146,329681.582235,329681.582235,5581521.682289399,15370149.675398603,792720.8812005001,16755390.2181635,114641670.14925551,50,25,3
Z3,29,8,720,24560.0,0.043049,570512.671607,571160.0,1.0,2,24.473146,337089.494967,337089.494967,5581521.682289399,15370149.675398603,792720.8812005001,16755390.2181635,114641670.14925551,50,25,3
Z3,30,8,720,19040.0,0.075273,252945.943433,253864.0,1.0,2,24.473146,273576.149332,273576.149332,5581521.682289399,15370149.675398603,792720.8812005001,16755390.2181635,114641670.14925551,50,25,3
Z3,31,8,720,20160.0,0.038849,518932.276249,530520.0,1.0,2,24.473146,326773.415895,326773.415895,5581521.682289399,15370149.675398603,792720.8812005001,16755390.2181635,114641670.14925551,50,25,3
Z3,32,8,720,16496.0,0.070639,233525.389657,235656.0,1.0,2,24.473146,269692.038577,269692.038577,5581521.682289399,15370149.675398603,792720.8812005001,16755390.2181635,114641670.14925551,50,25,3
Z3,33,8,720,11624.0,0.036064,322315.882875,322888.0,1.0,2,24.473146,287450.137221,287450.137221,5581521.682289399,15370149.675398603,792720.8812005001,16755390.2181635,114641670.14925551,50,25,3
Z3,34,8,720,21024.0,0.062284,337550.574786,339096.0,1.0,2,24.473146,290497.075603,290497.075603,5581521.682289399,15370149.675398603,792720.8812005001,16755390.2181635,114641670.14925551,50,25,3
Z3,35,8,720,28496.0,0.061257,465187.652023,467144.0,1.0,2,24.473146,316024.49105,316024.49105,5581521.682289399,15370149.675398603,792720.8812005001,16755390.2181635,114641670.14925551,50,25,3
Z3,36,8,720,12416.0,0.040149,309248.05101,310400.0,1.0,2,24.473146,284836.570848,284836.570848,5581521.682289399,15370149.675398603,792720.8812005001,16755390.2181635,114641670.14925551,50,25,3
Z3,37,8,720,17312.0,0.524831,32985.856399,33032.0,1.0,2,24.473146,229584.131925,229584.131925,5581521.682289399,15370149.675398603,792720.8812005001,16755390.2181635,114641670.14925551,50,25,3
Z3,38,8,720,14664.0,0.407219,36010.107583,36024.0,1.0,2,24.473146,230188.982162,230188.982162,5581521.682289399,15370149.675398603,792720.8812005001,16755390.2181635,114641670.14925551,50,25,3
Z1,0,9,720,24464.0,0.194068,126058.907187,126096.0,1.0,2,28.492875,236381.348408,236381.348408,5581521.682289399,15370149.675398603,792720.8812005001,16755390.2181635,114641670.14925551,50,25,3
Z2,0,9,720,6624.0,0.449279,14743.62256,14752.0,1.0,2,28.492875,214118.291482,214118.291482,5581521.682289399,15370149.675398603,792720.8812005001,16755390.2181635,114641670.14925551,50,25,3
Z2,1,9,720,6776.0,0.039072,173423.423423,173736.0,1.0,2,28.492875,245854.251655,245854.251655,5581521.682289399,15370149.675398603,792720.8812005001,16755390.2181635,114641670.14925551,50,25,3
Z2,2,9,720,7696.0,0.332784,23126.111832,23176.0,1.0,2,28.492875,215794.789337,215794.789337,5581521.682289399,15370149.675398603,792720.8812005001,16755390.2181635,114641670.14925551,50,25,3
Z2,3,9,720,7496.0,0.035969,208401.679224,214168.0,1.0,2,28.492875,252849.902815,252849.902815,5581521.682289399,15370149.675398603,792720.8812005001,16755390.2181635,114641670.14925551,50,25,3
Z2,4,9,720,16056.0,0.061396,261515.40817,263208.0,1.0,2,28.492875,263472.648604,263472.648604,5581521.682289399,15370149.675398603,792720.8812005001,16755390.2181635,114641670.14925551,50,25,3
Z2,5,9,720,26344.0,0.113449,232210.06796,233128.0,1.0,2,28.492875,257611.580563,257611.580563,5581521.682289399,15370149.675398603,792720.8812005001,16755390.2181635,114641670.14925551,50,25,3
Z2,6,9,720,23952.0,0.066182,361911.093651,362904.0,1.0,2,28.492875,283551.785701,283551.785701,5581521.682289399,15370149.675398603,792720.8812005001,16755390.2181635,114641670.14925551,50,25,3
Z2,7,9,720,32816.0,0.066324,494783.185574,497208.0,1.0,2,28.492875,310126.204085,310126.204085,5581521.682289399,15370149.675398603,792720.8812005001,16755390.2181635,114641670.14925551,50,25,3
Z3,0,9,720,6752.0,0.145666,46352.614886,46560.0,1.0,2,28.492875,220440.089948,220440.089948,5581521.682289399,15370149.675398603,792720.8812005001,16755390.2181635,114641670.14925551,50,25,3
Z3,1,9,720,9824.0,0.031202,314851.612076,316896.0,1.0,2,28.492875,274139.889386,274139.889386,5581521.682289399,15370149.675398603,792720.8812005001,16755390.2181635,114641670.14925551,50,25,3
Z3,2,9,720,8640.0,0.028614,301950.094359,308568.0,1.0,2,28.492875,271559.585842,271559.585842,5581521.682289399,15370149.675398603,792720.8812005001,16755390.2181635,114641670.14925551,50,25,3
Z3,3,9,720,7248.0,0.070892,102240.027083,103536.0,1.0,2,28.492875,231617.572387,231617.572387,5581521.682289399,15370149.675398603,792720.8812005001,16755390.2181635,114641670.14925551,50,25,3
Z3,4,9,720,8336.0,0.058175,143291.792007,143720.0,1.0,2,28.492875,239827.925372,239827.925372,5581521.682289399,15370149.675398603,792720.8812005001,16755390.2181635,114641670.14925551,50,25,3
Z3,5,9,720,9640.0,0.039151,246226.150034,247176.0,1.0,2,28.492875,260414.796977,260414.796977,5581521.682289399,15370149.675398603,792720.8812005001,16755390.2181635,114641670.14925551,50,25,3
Z3,6,9,720,10312.0,0.062462,165092.376165,166320.0,1.0,2,28.492875,244188.042203,244188.042203,5581521.682289399,15370149.675398603,792720.8812005001,16755390.2181635,114641670.14925551,50,25,3
Z3,7,9,720,21208.0,0.069137,306753.258024,307360.0,1.0,2,28.492875,272520.218575,272520.218575,5581521.682289399,15370149.675398603,792720.8812005001,16755390.2181635,114641670.14925551,50,25,3
Z3,8,9,720,8000.0,0.054677,146313.806537,148144.0,1.0,2,28.492875,240432.328278,240432.328278,5581521.682289399,15370149.675398603,792720.8812005001,16755390.2181635,114641670.14925551,50,25,3
Z3,9,9,720,16880.0,0.075365,223976.646985,225064.0,1.0,2,28.492875,255964.896367,255964.896367,5581521.682289399,15370149.675398603,792720.8812005001,16755390.2181635,114641670.14925551,50,25,3
Z3,10,9,720,23240.0,0.044673,520224.744253,528176.0,1.0,2,28.492875,315214.515821,315214.515821,5581521.682289399,15370149.675398603,792720.8812005001,16755390.2181635,114641670.14925551,50,25,3
Z3,11,9,720,21680.0,0.049919,434303.571786,442448.0,1.0,2,28.492875,298030.281328,298030.281328,5581521.682289399,15370149.675398603,792720.8812005001,16755390.2181635,114641670.14925551,50,25,3
Z3,12,9,720,16096.0,0.060976,263972.710575,268264.0,1.0,2,28.492875,263964.109085,263964.109085,5581521.682289399,15370149.675398603,792720.8812005001,16755390.2181635,114641670.14925551,50,25,3
Z3,13,9,720,39872.0,0.049691,802398.824737,813712.0,1.0,2,28.492875,371649.331918,371649.331918,5581521.682289399,15370149.675398603,792720.8812005001,16755390.2181635,114641670.14925551,50,25,3
Z3,14,9,720,46392.0,0.071942,644852.798087,653408.0,1.0,2,28.492875,340140.126588,340140.126588,5581521.682289399,15370149.675398603,792720.8812005001,16755390.2181635,114641670.14925551,50,25,3
Z3,15,9,720,26168.0,0.071589,365531.017335,368560.0,1.0,2,28.492875,284275.770438,284275.770438,5581521.682289399,15370149.675398603,792720.8812005001,16755390.2181635,114641670.14925551,50,25,3
Z3,16,9,720,48816.0,0.073223,666675.771274,668712.0,1.0,2,28.492875,344504.721225,344504.721225,5581521.682289399,15370149.675398603,792720.8812005001,16755390.2181635,114641670.14925551,50,25,3
Z3,17,9,720,38664.0,0.065579,589578.981076,594824.0,1.0,2,28.492875,329085.363186,329085.363186,5581521.682289399,15370149.675398603,792720.8812005001,16755390.2181635,114641670.14925551,50,25,3
Z3,18,9,720,19912.0,0.037276,534177.486855,538160.0,1.0,2,28.492875,318005.064341,318005.064341,5581521.682289399,15370149.675398603,792720.8812005001,16755390.2181635,114641670.14925551,50,25,3
Z3,19,9,720,61688.0,0.140417,439320.025353,440624.0,1.0,2,28.492875,299033.572041,299033.572041,5581521.682289399,15370149.675398603,792720.8812005001,16755390.2181635,114641670.14925551,50,25,3
Z3,20,9,720,59200.0,0.06719,881083.494568,883576.0,1.0,2,28.492875,387386.265884,387386.265884,5581521.682289399,15370149.675398603,792720.8812005001,16755390.2181635,114641670.14925551,50,25,3
Z3,21,9,720,41064.0,0.073365,559721.938254,562520.0,1.0,2,28.492875,323113.954621,323113.954621,5581521.682289399,15370149.675398603,792720.8812005001,16755390.2181635,114641670.14925551,50,25,3
Z3,22,9,720,55576.0,0.048625,1142951.156812,1157832.0,1.0,2,28.492875,439759.798333,439759.798333,5581521.682289399,15370149.675398603,792720.8812005001,16755390.2181635,114641670.14925551,50,25,3
Z3,23,9,720,50200.0,0.055482,904797.952489,912720.0,1.0,2,28.492875,392129.157468,392129.157468,5581521.682289399,15370149.675398603,792720.8812005001,16755390.2181635,114641670.14925551,50,25,3
Z3,24,9,720,30056.0,0.052655,570809.989555,578000.0,1.0,2,28.492875,325331.564881,325331.564881,5581521.682289399,15370149.675398603,792720.8812005001,16755390.2181635,114641670.14925551,50,25,3
Z3,25,9,720,59504.0,0.042847,1388755.338764,1416760.0,1.0,2,28.492875,488920.634723,488920.634723,5581521.682289399,15370149.675398603,792720.8812005001,16755390.2181635,114641670.14925551,50,25,3
Z3,26,9,720,65232.0,0.071576,911366.938639,918760.0,1.0,2,28.492875,393442.954698,393442.954698,5581521.682289399,15370149.675398603,792720.8812005001,16755390.2181635,114641670.14925551,50,25,3
Z3,27,9,720,36648.0,0.068981,531276.728374,538936.0,1.0,2,28.492875,317424.912645,317424.912645,5581521.682289399,15370149.675398603,792720.8812005001,16755390.2181635,114641670.14925551,50,25,3
Z3,28,9,720,8856.0,0.049493,178934.394763,180728.0,1.0,2,28.492875,246956.445923,246956.445923,5581521.682289399,15370149.675398603,792720.8812005001,16755390.2181635,114641670.14925551,50,25,3
Z3,29,9,720,14088.0,0.068597,205373.412831,207176.0,1.0,2,28.492875,252244.249537,252244.249537,5581521.682289399,15370149.675398603,792720.8812005001,16755390.2181635,114641670.14925551,50,25,3
Z3,30,9,720,15104.0,0.037483,402956.006723,408216.0,1.0,2,28.492875,291760.768315,291760.768315,5581521.682289399,15370149.675398603,792720.8812005001,16755390.2181635,114641670.14925551,50,25,3
Z3,31,9,720,11784.0,0.04623,254899.415964,256168.0,1.0,2,28.492875,262149.450163,262149.450163,5581521.682289399,15370149.675398603,792720.8812005001,16755390.2181635,114641670.14925551,50,25,3
Z3,32,9,720,18496.0,0.075052,246442.466557,246608.0,1.0,2,28.492875,260458.060282,260458.060282,5581521.682289399,15370149.675398603,792720.8812005001,16755390.2181635,114641670.14925551,50,25,3
Z3,33,9,720,22376.0,0.356156,62826.401914,62848.0,1.0,2,28.492875,223734.847353,223734.847353,5581521.682289399,15370149.675398603,792720.8812005001,16755390.2181635,114641670.14925551,50,25,3
Z3,34,9,720,8792.0,0.064515,136278.384872,137368.0,1.0,2,28.492875,238425.243945,238425.243945,5581521.682289399,15370149.675398603,792720.8812005001,16755390.2181635,114641670.14925551,50,25,3
Z3,35,9,720,19464.0,0.040701,478219.208373,486600.0,1.0,2,28.492875,306813.408645,306813.408645,5581521.682289399,15370149.675398603,792720.8812005001,16755390.2181635,114641670.14925551,50,25,3
Z3,36,9,720,20360.0,0.075222,270665.496796,271464.0,1.0,2,28.492875,265302.66633,265302.66633,5581521.682289399,15370149.675398603,792720.8812005001,16755390.2181635,114641670.14925551,50,25,3
Z3,37,9,720,11344.0,0.026938,421115.153315,436304.0,1.0,2,28.492875,295392.597634,295392.597634,5581521.682289399,15370149.675398603,792720.8812005001,16755390.2181635,114641670.14925551,50,25,3
Z3,38,9,720,15808.0,0.056678,278908.924098,282280.0,1.0,2,28.492875,266951.35179,266951.35179,5581521.682289399,15370149.675398603,792720.8812005001,16755390.2181635,114641670.14925551,50,25,3
Z1,0,10,720,35840.0,0.203052,176506.510648,176544.0,1.0,2,32.537235,193573.99367,193573.99367,5581521.682289399,15370149.675398603,792720.8812005001,16755390.2181635,114641670.14925551,50,25,3
Z2,0,10,720,6624.0,0.214805,30837.271013,30952.0,1.0,2,32.537235,164440.145743,164440.145743,5581521.682289399,15370149.675398603,792720.8812005001,16755390.2181635,114641670.14925551,50,25,3
Z2,1,10,720,7008.0,0.037207,188351.654259,189400.0,1.0,2,32.537235,195943.022392,195943.022392,5581521.682289399,15370149.675398603,792720.8812005001,16755390.2181635,114641670.14925551,50,25,3
Z2,2,10,720,7480.0,0.028459,262834.252785,267136.0,1.0,2,32.537235,210839.542097,210839.542097,5581521.682289399,15370149.675398603,792720.8812005001,16755390.2181635,114641670.14925551,50,25,3
Z2,3,10,720,7832.0,0.056648,138257.30829,139856.0,1.0,2,32.537235,185924.153198,185924.153198,5581521.682289399,15370149.675398603,792720.8812005001,16755390.2181635,114641670.14925551,50,25,3
Z2,4,10,720,29728.0,0.058104,511634.310891,512544.0,1.0,2,32.537235,260599.553718,260599.553718,5581521.682289399,15370149.675398603,792720.8812005001,16755390.2181635,114641670.14925551,50,25,3
Z2,5,10,720,35136.0,0.061714,569335.969148,576000.0,1.0,2,32.537235,272139.88537,272139.88537,5581521.682289399,15370149.675398603,792720.8812005001,16755390.2181635,114641670.14925551,50,25,3
Z2,6,10,720,23040.0,0.043907,524745.484775,535808.0,1.0,2,32.537235,263221.788495,263221.788495,5581521.682289399,15370149.675398603,792720.8812005001,16755390.2181635,114641670.14925551,50,25,3
Z2,7,10,720,35840.0,0.048255,742720.961558,746664.0,1.0,2,32.537235,306816.883852,306816.883852,5581521.682289399,15370149.675398603,792720.8812005001,16755390.2181635,114641670.14925551,50,25,3
Z3,0,10,720,6840.0,0.236777,28887.940974,28976.0,1.0,2,32.537235,164050.279735,164050.279735,5581521.682289399,15370149.675398603,792720.8812005001,16755390.2181635,114641670.14925551,50,25,3
Z3,1,10,720,22064.0,0.058589,376589.462186,380408.0,1.0,2,32.537235,233590.583977,233590.583977,5581521.682289399,15370149.675398603,792720.8812005001,16755390.2181635,114641670.14925551,50,25,3
Z3,2,10,720,15312.0,0.061567,248704.663212,251016.0,1.0,2,32.537235,208013.624183,208013.624183,5581521.682289399,15370149.675398603,792720.8812005001,16755390.2181635,114641670.14925551,50,25,3
Z3,3,10,720,7752.0,0.064878,119485.804125,121120.0,1.0,2,32.537235,182169.852365,182169.852365,5581521.682289399,15370149.675398603,792720.8812005001,16755390.2181635,114641670.14925551,50,25,3
Z3,4,10,720,11432.0,0.035149,325243.961421,326624.0,1.0,2,32.537235,223321.483824,223321.483824,5581521.682289399,15370149.675398603,792720.8812005001,16755390.2181635,114641670.14925551,50,25,3
Z3,5,10,720,17232.0,0.028012,615164.929316,615424.0,1.0,2,32.537235,281305.677403,281305.677403,5581521.682289399,15370149.675398603,792720.8812005001,16755390.2181635,114641670.14925551,50,25,3
Z3,6,10,720,23328.0,0.071287,327240.590851,328560.0,1.0,2,32.537235,223720.80971,223720.80971,5581521.682289399,15370149.675398603,792720.8812005001,16755390.2181635,114641670.14925551,50,25,3
Z3,7,10,720,18496.0,0.055068,335875.644658,336288.0,1.0,2,32.537235,225447.820472,225447.820472,5581521.682289399,15370149.675398603,792720.8812005001,16755390.2181635,114641670.14925551,50,25,3
Z3,8,10,720,7968.0,0.056699,140531.57904,142280.0,1.0,2,32.537235,186379.007348,186379.007348,5581521.682289399,15370149.675398603,792720.8812005001,16755390.2181635,114641670.14925551,50,25,3
Z3,9,10,720,19568.0,0.060963,320981.578991,326128.0,1.0,2,32.537235,222469.007338,222469.007338,5581521.682289399,15370149.675398603,792720.8812005001,16755390.2181635,114641670.14925551,50,25,3
Z3,10,10,720,36064.0,0.044804,804928.131417,819632.0,1.0,2,32.537235,319258.317823,319258.317823,5581521.682289399,15370149.675398603,792720.8812005001,16755390.2181635,114641670.14925551,50,25,3
Z3,11,10,720,29248.0,0.064738,451790.293182,457000.0,1.0,2,32.537235,248630.750176,248630.750176,5581521.682289399,15370149.675398603,792720.8812005001,16755390.2181635,114641670.14925551,50,25,3
Z3,12,10,720,24216.0,0.068113,355526.845096,356112.0,1.0,2,32.537235,229378.060559,229378.060559,5581521.682289399,15370149.675398603,792720.8812005001,16755390.2181635,114641670.14925551,50,25,3
Z3,13,10,720,54424.0,0.45095,120687.437632,120936.0,1.0,2,32.537235,182410.179066,182410.179066,5581521.682289399,15370149.675398603,792720.8812005001,16755390.2181635,114641670.14925551,50,25,3
Z3,14,10,720,56832.0,0.078603,723025.838708,728608.0,1.0,2,32.537235,302877.859282,302877.859282,5581521.682289399,15370149.675398603,792720.8812005001,16755390.2181635,114641670.14925551,50,25,3
Z3,15,10,720,29576.0,0.056561,522904.474815,528136.0,1.0,2,32.537235,262853.586503,262853.586503,5581521.682289399,15370149.675398603,792720.8812005001,16755390.2181635,114641670.14925551,50,25,3
Z3,16,10,720,52328.0,0.07559,692260.881069,697704.0,1.0,2,32.537235,296724.867754,296724.867754,5581521.682289399,15370149.675398603,792720.8812005001,16755390.2181635,114641670.14925551,50,25,3
Z3,17,10,720,52840.0,0.061918,853386.737298,866224.0,1.0,2,32.537235,328950.039,328950.039,5581521.682289399,15370149.675398603,792720.8812005001,16755390.2181635,114641670.14925551,50,25,3
Z3,18,10,720,23160.0,0.074231,311999.030055,312968.0,1.0,2,32.537235,220672.497551,220672.497551,5581521.682289399,15370149.675398603,792720.8812005001,16755390.2181635,114641670.14925551,50,25,3
Z3,19,10,720,77048.0,0.107517,716612.256666,720072.0,1.0,2,32.537235,301595.142873,301595.142873,5581521.682289399,15370149.675398603,792720.8812005001,16755390.2181635,114641670.14925551,50,25,3
Z3,20,10,720,68968.0,0.075654,911623.972295,919568.0,1.0,2,32.537235,340597.485999,340597.485999,5581521.682289399,15370149.675398603,792720.8812005001,16755390.2181635,114641670.14925551,50,25,3
Z3,21,10,720,52224.0,0.067492,773780.596219,779456.0,1.0,2,32.537235,313028.810784,313028.810784,5581521.682289399,15370149.675398603,792720.8812005001,16755390.2181635,114641670.14925551,50,25,3
Z3,22,10,720,76384.0,0.193377,395000.439556,395768.0,1.0,2,32.537235,237272.779451,237272.779451,5581521.682289399,15370149.675398603,792720.8812005001,16755390.2181635,114641670.14925551,50,25,3
Z3,23,10,720,57512.0,0.065711,875226.370014,884800.0,1.0,2,32.537235,333317.965543,333317.965543,5581521.682289399,15370149.675398603,792720.8812005001,16755390.2181635,114641670.14925551,50,25,3
Z3,24,10,720,35600.0,0.075939,468797.324168,474664.0,1.0,2,32.537235,252032.156374,252032.156374,5581521.682289399,15370149.675398603,792720.8812005001,16755390.2181635,114641670.14925551,50,25,3
Z3,25,10,720,72816.0,0.360365,202061.798454,202264.0,1.0,2,32.537235,198685.051231,198685.051231,5581521.682289399,15370149.675398603,792720.8812005001,16755390.2181635,114641670.14925551,50,25,3
Z3,26,10,720,93600.0,0.219701,426033.563798,427392.0,1.0,2,32.537235,243479.4043,243479.4043,5581521.682289399,15370149.675398603,792720.8812005001,16755390.2181635,114641670.14925551,50,25,3
Z3,27,10,720,43888.0,0.128857,340594.612633,342872.0,1.0,2,32.537235,226391.614067,226391.614067,5581521.682289399,15370149.675398603,792720.8812005001,16755390.2181635,114641670.14925551,50,25,3
Z3,28,10,720,13072.0,0.051888,251927.227875,256312.0,1.0,2,32.537235,208658.137115,208658.137115,5581521.682289399,15370149.675398603,792720.8812005001,16755390.2181635,114641670.14925551,50,25,3
Z3,29,10,720,20608.0,0.072016,286158.631415,286216.0,1.0,2,32.537235,215504.417823,215504.417823,5581521.682289399,15370149.675398603,792720.8812005001,16755390.2181635,114641670.14925551,50,25,3
Z3,30,10,720,22584.0,0.057599,392090.140454,396208.0,1.0,2,32.537235,236690.719631,236690.719631,5581521.682289399,15370149.675398603,792720.8812005001,16755390.2181635,114641670.14925551,50,25,3
Z3,31,10,720,14712.0,0.063996,229889.368086,233520.0,1.0,2,32.537235,204250.565157,204250.565157,5581521.682289399,15370149.675398603,792720.8812005001,16755390.2181635,114641670.14925551,50,25,3
Z3,32,10,720,20512.0,0.075682,271028.778309,273488.0,1.0,2,32.537235,212478.447202,212478.447202,5581521.682289399,15370149.675398603,792720.8812005001,16755390.2181635,114641670.14925551,50,25,3
Z3,33,10,720,17992.0,0.035734,503498.069066,514056.0,1.0,2,32.537235,258972.305353,258972.305353,5581521.682289399,15370149.675398603,792720.8812005001,16755390.2181635,114641670.14925551,50,25,3
Z3,34,10,720,11464.0,0.073794,155351.383581,157040.0,1.0,2,32.537235,189342.968256,189342.968256,5581521.682289399,15370149.675398603,792720.8812005001,16755390.2181635,114641670.14925551,50,25,3
Z3,35,10,720,22376.0,0.071887,311266.292932,315152.0,1.0,2,32.537235,220525.950126,220525.950126,5581521.682289399,15370149.675398603,792720.8812005001,16755390.2181635,114641670.14925551,50,25,3
Z3,36,10,720,29088.0,0.063792,455981.941309,461712.0,1.0,2,32.537235,249469.079802,249469.079802,5581521.682289399,15370149.675398603,792720.8812005001,16755390.2181635,114641670.14925551,50,25,3
Z3,37,10,720,17936.0,0.051485,348373.312615,351680.0,1.0,2,32.537235,227947.354063,227947.354063,5581521.682289399,15370149.675398603,792720.8812005001,16755390.2181635,114641670.14925551,50,25,3
Z3,38,10,720,24920.0,0.04644,536606.373816,541736.0,1.0,2,32.537235,265593.966303,265593.966303,5581521.682289399,15370149.675398603,792720.8812005001,16755390.2181635,114641670.14925551,50,25,3
