Zone, Tile_no, Seg_no, Reso, Seg_d_size, Seg_d_time, Bitrate, Bitrate1, Buf_lev, Buf_limit, Elapsed, Ref_vp, Local_avg
Z1, 0, 1, 720, 9960.000000, 0.473695, 21026.187737, 21056.000000, 1.000000, 2, 0.000065, 21026.187737, 21026.187737
Z2, 0, 1, 720, 8952.000000, 0.474907, 18850.006422, 18880.000000, 1.000000, 2, 0.000065, 9425.003211, 9425.003211
Z2, 1, 1, 720, 5424.000000, 0.150820, 35963.400080, 36160.000000, 1.000000, 2, 0.000065, 11987.800027, 11987.800027
Z2, 2, 1, 720, 7080.000000, 0.150832, 46939.641455, 47200.000000, 1.000000, 2, 0.000065, 11734.910364, 11734.910364
Z2, 3, 1, 720, 18976.000000, 0.150909, 125744.654063, 126504.000000, 1.000000, 2, 0.000065, 25148.930813, 25148.930813
Z2, 4, 1, 720, 8720.000000, 0.150923, 57777.807226, 58128.000000, 1.000000, 2, 0.000065, 11555.561445, 11555.561445
Z2, 5, 1, 720, 8336.000000, 0.150880, 55249.204666, 55568.000000, 1.000000, 2, 0.000065, 11049.840933, 11049.840933
Z2, 6, 1, 720, 6376.000000, 0.150769, 42289.860648, 42504.000000, 1.000000, 2, 0.000065, 8457.972130, 8457.972130
Z2, 7, 1, 720, 6872.000000, 0.150978, 45516.565327, 45808.000000, 1.000000, 2, 0.000065, 9103.313065, 9103.313065
Z3, 0, 1, 720, 7080.000000, 0.472082, 14997.394520, 15000.000000, 1.000000, 2, 0.000065, 2999.478904, 2999.478904
Z3, 1, 1, 720, 7080.000000, 0.150892, 46920.976593, 47200.000000, 1.000000, 2, 0.000065, 9384.195319, 9384.195319
Z3, 2, 1, 720, 5664.000000, 0.150940, 37524.844309, 37760.000000, 1.000000, 2, 0.000065, 7504.968862, 7504.968862
Z3, 3, 1, 720, 7080.000000, 0.150900, 46918.489066, 47200.000000, 1.000000, 2, 0.000065, 9383.697813, 9383.697813
Z3, 4, 1, 720, 7080.000000, 0.150875, 46926.263463, 47200.000000, 1.000000, 2, 0.000065, 9385.252693, 9385.252693
Z3, 5, 1, 720, 5664.000000, 0.150917, 37530.563157, 37760.000000, 1.000000, 2, 0.000065, 7506.112631, 7506.112631
Z3, 6, 1, 720, 7080.000000, 0.151457, 46745.941092, 46880.000000, 1.000000, 2, 0.000065, 9349.188218, 9349.188218
Z3, 7, 1, 720, 7080.000000, 0.150946, 46904.190903, 47200.000000, 1.000000, 2, 0.000065, 9380.838181, 9380.838181
Z3, 8, 1, 720, 5664.000000, 0.150873, 37541.508421, 37760.000000, 1.000000, 2, 0.000065, 7508.301684, 7508.301684
Z3, 9, 1, 720, 7080.000000, 0.150842, 46936.529614, 47200.000000, 1.000000, 2, 0.000065, 9387.305923, 9387.305923
Z3, 10, 1, 720, 12904.000000, 0.150954, 85482.994820, 86024.000000, 1.000000, 2, 0.000065, 17096.598964, 17096.598964
Z3, 11, 1, 720, 17344.000000, 0.151006, 114856.363323, 114856.000000, 1.000000, 2, 0.000065, 22971.272665, 22971.272665
Z3, 12, 1, 720, 16912.000000, 0.150980, 112014.836402, 112744.000000, 1.000000, 2, 0.000065, 22402.967280, 22402.967280
Z3, 13, 1, 720, 13240.000000, 0.150945, 87714.068038, 88264.000000, 1.000000, 2, 0.000065, 17542.813608, 17542.813608
Z3, 14, 1, 720, 28328.000000, 0.151077, 187507.032838, 187600.000000, 1.000000, 2, 0.000065, 37501.406568, 37501.406568
Z3, 15, 1, 720, 30528.000000, 0.151044, 202113.291491, 202168.000000, 1.000000, 2, 0.000065, 40422.658298, 40422.658298
Z3, 16, 1, 720, 16360.000000, 0.150991, 108350.828857, 109064.000000, 1.000000, 2, 0.000065, 21670.165771, 21670.165771
Z3, 17, 1, 720, 33216.000000, 0.151007, 219963.312959, 219968.000000, 1.000000, 2, 0.000065, 43992.662592, 43992.662592
Z3, 18, 1, 720, 28000.000000, 0.151062, 185354.357813, 185424.000000, 1.000000, 2, 0.000065, 37070.871563, 37070.871563
Z3, 19, 1, 720, 15744.000000, 0.151016, 104253.853896, 104264.000000, 1.000000, 2, 0.000065, 20850.770779, 20850.770779
Z3, 20, 1, 720, 16024.000000, 0.150869, 106211.348919, 106824.000000, 1.000000, 2, 0.000065, 21242.269784, 21242.269784
Z3, 21, 1, 720, 11576.000000, 0.150813, 76757.308720, 77168.000000, 1.000000, 2, 0.000065, 15351.461744, 15351.461744
Z3, 22, 1, 720, 10816.000000, 0.150898, 71677.557025, 72104.000000, 1.000000, 2, 0.000065, 14335.511405, 14335.511405
Z3, 23, 1, 720, 13224.000000, 0.151006, 87572.679231, 87576.000000, 1.000000, 2, 0.000065, 17514.535846, 17514.535846
Z3, 24, 1, 720, 17528.000000, 0.151079, 116018.771636, 116072.000000, 1.000000, 2, 0.000065, 23203.754327, 23203.754327
Z3, 25, 1, 720, 23824.000000, 0.151137, 157631.817490, 157768.000000, 1.000000, 2, 0.000065, 31526.363498, 31526.363498
Z3, 26, 1, 720, 11024.000000, 0.151219, 72900.892084, 73000.000000, 1.000000, 2, 0.000065, 14580.178417, 14580.178417
Z3, 27, 1, 720, 15112.000000, 0.151028, 100060.915857, 100072.000000, 1.000000, 2, 0.000065, 20012.183171, 20012.183171
Z3, 28, 1, 720, 24552.000000, 0.151035, 162558.347403, 162592.000000, 1.000000, 2, 0.000065, 32511.669481, 32511.669481
Z3, 29, 1, 720, 10824.000000, 0.151046, 71660.288919, 71680.000000, 1.000000, 2, 0.000065, 14332.057784, 14332.057784
Z3, 30, 1, 720, 6872.000000, 0.150824, 45563.040365, 45808.000000, 1.000000, 2, 0.000065, 9112.608073, 9112.608073
Z3, 31, 1, 720, 6872.000000, 0.150875, 45547.638774, 45808.000000, 1.000000, 2, 0.000065, 9109.527755, 9109.527755
Z3, 32, 1, 720, 6376.000000, 0.150825, 42274.158793, 42504.000000, 1.000000, 2, 0.000065, 8454.831759, 8454.831759
Z3, 33, 1, 720, 6872.000000, 0.150912, 45536.471586, 45808.000000, 1.000000, 2, 0.000065, 9107.294317, 9107.294317
Z3, 34, 1, 720, 6872.000000, 0.150925, 45532.549279, 45808.000000, 1.000000, 2, 0.000065, 9106.509856, 9106.509856
Z3, 35, 1, 720, 6376.000000, 0.150909, 42250.627862, 42504.000000, 1.000000, 2, 0.000065, 8450.125572, 8450.125572
Z3, 36, 1, 720, 6872.000000, 0.150920, 45534.057779, 45808.000000, 1.000000, 2, 0.000065, 9106.811556, 9106.811556
Z3, 37, 1, 720, 6872.000000, 0.150941, 45527.722753, 45808.000000, 1.000000, 2, 0.000065, 9105.544551, 9105.544551
Z3, 38, 1, 720, 6376.000000, 0.150903, 42252.307774, 42504.000000, 1.000000, 2, 0.000065, 8450.461555, 8450.461555
Z1, 0, 2, 720, 15344.000000, 0.472567, 32469.469938, 32504.000000, 1.000000, 2, 8.220486, 14944.355542, 14944.355542
Z2, 0, 2, 720, 6624.000000, 0.473793, 13980.789079, 14000.000000, 1.000000, 2, 8.220486, 11246.619371, 11246.619371
Z2, 1, 2, 720, 5664.000000, 0.150993, 37511.672727, 37760.000000, 1.000000, 2, 8.220486, 15952.796100, 15952.796100
Z2, 2, 2, 720, 7080.000000, 0.150868, 46928.440756, 47200.000000, 1.000000, 2, 8.220486, 17836.149706, 17836.149706
Z2, 3, 2, 720, 7080.000000, 0.150982, 46893.007113, 47200.000000, 1.000000, 2, 8.220486, 17829.062977, 17829.062977
Z2, 4, 2, 720, 12128.000000, 0.151073, 80279.070383, 80312.000000, 1.000000, 2, 8.220486, 24506.275631, 24506.275631
Z2, 5, 2, 720, 18392.000000, 0.151002, 121799.711262, 121800.000000, 1.000000, 2, 8.220486, 32810.403807, 32810.403807
Z2, 6, 2, 720, 10632.000000, 0.151018, 70402.203711, 70408.000000, 1.000000, 2, 8.220486, 22530.902297, 22530.902297
Z2, 7, 2, 720, 8048.000000, 0.150879, 53340.756500, 53648.000000, 1.000000, 2, 8.220486, 19118.612855, 19118.612855
Z3, 0, 2, 720, 5424.000000, 0.473387, 11457.855835, 11464.000000, 1.000000, 2, 8.220486, 10742.032722, 10742.032722
Z3, 1, 2, 720, 7080.000000, 0.150815, 46944.932533, 47200.000000, 1.000000, 2, 8.220486, 17839.448061, 17839.448061
Z3, 2, 2, 720, 7080.000000, 0.150930, 46909.163188, 47200.000000, 1.000000, 2, 8.220486, 17832.294192, 17832.294192
Z3, 3, 2, 720, 5664.000000, 0.150885, 37538.522716, 37760.000000, 1.000000, 2, 8.220486, 15958.166098, 15958.166098
Z3, 4, 2, 720, 7080.000000, 0.150860, 46930.929338, 47200.000000, 1.000000, 2, 8.220486, 17836.647422, 17836.647422
Z3, 5, 2, 720, 7080.000000, 0.150902, 46917.867225, 47200.000000, 1.000000, 2, 8.220486, 17834.035000, 17834.035000
Z3, 6, 2, 720, 5664.000000, 0.523732, 10814.691483, 10824.000000, 1.000000, 2, 8.220486, 10613.399851, 10613.399851
Z3, 7, 2, 720, 7080.000000, 0.150825, 46941.819990, 47200.000000, 1.000000, 2, 8.220486, 17838.825553, 17838.825553
Z3, 8, 2, 720, 7080.000000, 0.150868, 46928.440756, 47200.000000, 1.000000, 2, 8.220486, 17836.149706, 17836.149706
Z3, 9, 2, 720, 12648.000000, 0.616807, 20505.603860, 20528.000000, 1.000000, 2, 8.220486, 12551.582327, 12551.582327
Z3, 10, 2, 720, 17112.000000, 0.150976, 113342.518016, 114080.000000, 1.000000, 2, 8.220486, 31118.965158, 31118.965158
Z3, 11, 2, 720, 15320.000000, 0.150948, 101491.904497, 102128.000000, 1.000000, 2, 8.220486, 28748.842454, 28748.842454
Z3, 12, 2, 720, 10704.000000, 0.150904, 70932.513386, 71360.000000, 1.000000, 2, 8.220486, 22636.964232, 22636.964232
Z3, 13, 2, 720, 18776.000000, 0.150938, 124395.447137, 125168.000000, 1.000000, 2, 8.220486, 33329.550982, 33329.550982
Z3, 14, 2, 720, 21848.000000, 0.150959, 144728.038739, 145648.000000, 1.000000, 2, 8.220486, 37396.069303, 37396.069303
Z3, 15, 2, 720, 12752.000000, 0.150942, 84482.781466, 85008.000000, 1.000000, 2, 8.220486, 25347.017848, 25347.017848
Z3, 16, 2, 720, 21856.000000, 0.150877, 144859.720169, 145704.000000, 1.000000, 2, 8.220486, 37422.405589, 37422.405589
Z3, 17, 2, 720, 16880.000000, 0.150841, 111905.914175, 112528.000000, 1.000000, 2, 8.220486, 30831.644390, 30831.644390
Z3, 18, 2, 720, 9160.000000, 0.150961, 60677.923437, 61064.000000, 1.000000, 2, 8.220486, 20586.046242, 20586.046242
Z3, 19, 2, 720, 11592.000000, 0.150862, 76838.435126, 77280.000000, 1.000000, 2, 8.220486, 23818.148580, 23818.148580
Z3, 20, 2, 720, 9952.000000, 0.150894, 65953.583310, 66344.000000, 1.000000, 2, 8.220486, 21641.178217, 21641.178217
Z3, 21, 2, 720, 11064.000000, 0.150904, 73318.136034, 73760.000000, 1.000000, 2, 8.220486, 23114.088761, 23114.088761
Z3, 22, 2, 720, 14728.000000, 0.150826, 97648.946468, 98184.000000, 1.000000, 2, 8.220486, 27980.250848, 27980.250848
Z3, 23, 2, 720, 16264.000000, 0.150909, 107773.558900, 108424.000000, 1.000000, 2, 8.220486, 30005.173335, 30005.173335
Z3, 24, 2, 720, 9504.000000, 0.150898, 62982.942120, 63360.000000, 1.000000, 2, 8.220486, 21047.049979, 21047.049979
Z3, 25, 2, 720, 12688.000000, 0.150742, 84170.304228, 84584.000000, 1.000000, 2, 8.220486, 25284.522400, 25284.522400
Z3, 26, 2, 720, 17320.000000, 0.150777, 114871.631615, 115464.000000, 1.000000, 2, 8.220486, 31424.787878, 31424.787878
Z3, 27, 2, 720, 9320.000000, 0.151002, 61721.036807, 61720.000000, 1.000000, 2, 8.220486, 20794.668916, 20794.668916
Z3, 28, 2, 720, 6376.000000, 0.150864, 42263.230459, 42504.000000, 1.000000, 2, 8.220486, 16903.107647, 16903.107647
Z3, 29, 2, 720, 6872.000000, 0.151006, 45508.125505, 45504.000000, 1.000000, 2, 8.220486, 17552.086656, 17552.086656
Z3, 30, 2, 720, 6872.000000, 0.151040, 45497.881356, 45504.000000, 1.000000, 2, 8.220486, 17550.037826, 17550.037826
Z3, 31, 2, 720, 6376.000000, 0.150976, 42231.877914, 42504.000000, 1.000000, 2, 8.220486, 16896.837138, 16896.837138
Z3, 32, 2, 720, 6872.000000, 0.151011, 45506.618723, 45504.000000, 1.000000, 2, 8.220486, 17551.785299, 17551.785299
Z3, 33, 2, 720, 6872.000000, 0.151047, 45495.772839, 45504.000000, 1.000000, 2, 8.220486, 17549.616123, 17549.616123
Z3, 34, 2, 720, 6376.000000, 0.151070, 42205.600053, 42224.000000, 1.000000, 2, 8.220486, 16891.581565, 16891.581565
Z3, 35, 2, 720, 6872.000000, 0.151026, 45502.098976, 45504.000000, 1.000000, 2, 8.220486, 17550.881350, 17550.881350
Z3, 36, 2, 720, 6872.000000, 0.150936, 45529.230932, 45808.000000, 1.000000, 2, 8.220486, 17556.307741, 17556.307741
Z3, 37, 2, 720, 6376.000000, 0.150803, 42280.325988, 42504.000000, 1.000000, 2, 8.220486, 16906.526752, 16906.526752
Z3, 38, 2, 720, 6872.000000, 0.150873, 45548.242562, 45808.000000, 1.000000, 2, 8.220486, 17560.110067, 17560.110067
Z1, 0, 3, 720, 15304.000000, 0.472846, 32365.717379, 32416.000000, 1.000000, 2, 17.277764, 24033.253543, 24033.253543
Z2, 0, 3, 720, 6624.000000, 0.472688, 14013.471888, 14032.000000, 1.000000, 2, 17.277764, 20362.804445, 20362.804445
Z2, 1, 3, 720, 5664.000000, 0.150884, 37538.771507, 37760.000000, 1.000000, 2, 17.277764, 25067.864368, 25067.864368
Z2, 2, 3, 720, 7080.000000, 0.150969, 46897.045089, 47200.000000, 1.000000, 2, 17.277764, 26939.519085, 26939.519085
Z2, 3, 3, 720, 7080.000000, 0.150994, 46889.280369, 47200.000000, 1.000000, 2, 17.277764, 26937.966141, 26937.966141
Z2, 4, 3, 720, 12544.000000, 0.151066, 83036.553559, 83072.000000, 1.000000, 2, 17.277764, 34167.420779, 34167.420779
Z2, 5, 3, 720, 18632.000000, 0.151107, 123303.354577, 123384.000000, 1.000000, 2, 17.277764, 42220.780982, 42220.780982
Z2, 6, 3, 720, 10240.000000, 0.151044, 67794.814756, 67808.000000, 1.000000, 2, 17.277764, 31119.073018, 31119.073018
Z2, 7, 3, 720, 8424.000000, 0.151014, 55782.907545, 55784.000000, 1.000000, 2, 17.277764, 28716.691576, 28716.691576
Z3, 0, 3, 720, 5424.000000, 0.473496, 11455.218207, 11464.000000, 1.000000, 2, 17.277764, 19851.153708, 19851.153708
Z3, 1, 3, 720, 7080.000000, 0.150963, 46898.909004, 47200.000000, 1.000000, 2, 17.277764, 26939.891868, 26939.891868
Z3, 2, 3, 720, 7080.000000, 0.151004, 46886.175201, 46880.000000, 1.000000, 2, 17.277764, 26937.345107, 26937.345107
Z3, 3, 3, 720, 5664.000000, 0.150971, 37517.139053, 37760.000000, 1.000000, 2, 17.277764, 25063.537878, 25063.537878
Z3, 4, 3, 720, 7080.000000, 0.150997, 46888.348775, 47200.000000, 1.000000, 2, 17.277764, 26937.779822, 26937.779822
Z3, 5, 3, 720, 7080.000000, 0.150991, 46890.211999, 47200.000000, 1.000000, 2, 17.277764, 26938.152467, 26938.152467
Z3, 6, 3, 720, 5664.000000, 0.150976, 37515.896566, 37760.000000, 1.000000, 2, 17.277764, 25063.289380, 25063.289380
Z3, 7, 3, 720, 7080.000000, 0.151002, 46886.796201, 46880.000000, 1.000000, 2, 17.277764, 26937.469307, 26937.469307
Z3, 8, 3, 720, 7080.000000, 0.150977, 46894.560099, 47200.000000, 1.000000, 2, 17.277764, 26939.022087, 26939.022087
Z3, 9, 3, 720, 14120.000000, 0.151058, 93474.029843, 93504.000000, 1.000000, 2, 17.277764, 36254.916036, 36254.916036
Z3, 10, 3, 720, 17536.000000, 0.151085, 116067.114538, 116128.000000, 1.000000, 2, 17.277764, 40773.532975, 40773.532975
Z3, 11, 3, 720, 16008.000000, 0.150999, 106013.947112, 106720.000000, 1.000000, 2, 17.277764, 38762.899490, 38762.899490
Z3, 12, 3, 720, 10896.000000, 0.151067, 72126.937054, 72152.000000, 1.000000, 2, 17.277764, 31985.497478, 31985.497478
Z3, 13, 3, 720, 19720.000000, 0.151013, 130584.784091, 130592.000000, 1.000000, 2, 17.277764, 43677.066885, 43677.066885
Z3, 14, 3, 720, 20104.000000, 0.151026, 133116.152186, 133136.000000, 1.000000, 2, 17.277764, 44183.340504, 44183.340504
Z3, 15, 3, 720, 12504.000000, 0.151019, 82797.528788, 82800.000000, 1.000000, 2, 17.277764, 34119.615825, 34119.615825
Z3, 16, 3, 720, 23072.000000, 0.151067, 152726.935731, 152792.000000, 1.000000, 2, 17.277764, 48105.497213, 48105.497213
Z3, 17, 3, 720, 18112.000000, 0.151069, 119892.234674, 119944.000000, 1.000000, 2, 17.277764, 41538.557002, 41538.557002
Z3, 18, 3, 720, 9664.000000, 0.151030, 63987.287294, 64000.000000, 1.000000, 2, 17.277764, 30357.567526, 30357.567526
Z3, 19, 3, 720, 12280.000000, 0.151017, 81315.348603, 81320.000000, 1.000000, 2, 17.277764, 33823.179788, 33823.179788
Z3, 20, 3, 720, 10368.000000, 0.151027, 68649.976494, 68656.000000, 1.000000, 2, 17.277764, 31290.105366, 31290.105366
Z3, 21, 3, 720, 10520.000000, 0.150927, 69702.571442, 70128.000000, 1.000000, 2, 17.277764, 31500.624355, 31500.624355
Z3, 22, 3, 720, 15288.000000, 0.150992, 101250.397372, 101920.000000, 1.000000, 2, 17.277764, 37810.189542, 37810.189542
Z3, 23, 3, 720, 16344.000000, 0.150959, 108267.807815, 108960.000000, 1.000000, 2, 17.277764, 39213.671630, 39213.671630
Z3, 24, 3, 720, 9016.000000, 0.151046, 59690.425433, 59704.000000, 1.000000, 2, 17.277764, 29498.195154, 29498.195154
Z3, 25, 3, 720, 13800.000000, 0.151064, 91352.009744, 91384.000000, 1.000000, 2, 17.277764, 35830.512016, 35830.512016
Z3, 26, 3, 720, 17664.000000, 0.151080, 116918.189039, 116976.000000, 1.000000, 2, 17.277764, 40943.747875, 40943.747875
Z3, 27, 3, 720, 9896.000000, 0.151060, 65510.393221, 65536.000000, 1.000000, 2, 17.277764, 30662.188711, 30662.188711
Z3, 28, 3, 720, 6376.000000, 0.150941, 42241.670587, 42504.000000, 1.000000, 2, 17.277764, 26008.444184, 26008.444184
Z3, 29, 3, 720, 6872.000000, 0.504792, 13613.527948, 13632.000000, 1.000000, 2, 17.277764, 20282.815657, 20282.815657
Z3, 30, 3, 720, 6872.000000, 0.519957, 13216.477516, 13240.000000, 1.000000, 2, 17.277764, 20203.405570, 20203.405570
Z3, 31, 3, 720, 6376.000000, 0.503999, 12650.818752, 12672.000000, 1.000000, 2, 17.277764, 20090.273817, 20090.273817
Z3, 32, 3, 720, 6872.000000, 0.150982, 45515.359447, 45808.000000, 1.000000, 2, 17.277764, 26663.181956, 26663.181956
Z3, 33, 3, 720, 6872.000000, 0.150932, 45530.437548, 45808.000000, 1.000000, 2, 17.277764, 26666.197577, 26666.197577
Z3, 34, 3, 720, 6376.000000, 0.150958, 42236.913579, 42504.000000, 1.000000, 2, 17.277764, 26007.492783, 26007.492783
Z3, 35, 3, 720, 6872.000000, 0.151014, 45505.714702, 45504.000000, 1.000000, 2, 17.277764, 26661.253007, 26661.253007
Z3, 36, 3, 720, 6872.000000, 0.150938, 45528.627648, 45808.000000, 1.000000, 2, 17.277764, 26665.835597, 26665.835597
Z3, 37, 3, 720, 6376.000000, 0.150996, 42226.284140, 42504.000000, 1.000000, 2, 17.277764, 26005.366895, 26005.366895
Z3, 38, 3, 720, 6872.000000, 0.150998, 45510.536563, 45808.000000, 1.000000, 2, 17.277764, 26662.217380, 26662.217380
Z1, 0, 4, 720, 7200.000000, 0.472955, 15223.435633, 15248.000000, 1.000000, 2, 26.575085, 29706.904506, 29706.904506
Z2, 0, 4, 720, 6624.000000, 0.474595, 13957.163476, 13968.000000, 1.000000, 2, 26.575085, 29453.650075, 29453.650075
Z2, 1, 4, 720, 6648.000000, 0.150982, 44031.738883, 44320.000000, 1.000000, 2, 26.575085, 35468.565156, 35468.565156
Z2, 2, 4, 720, 7296.000000, 0.559809, 13033.016618, 13048.000000, 1.000000, 2, 26.575085, 29268.820703, 29268.820703
Z2, 3, 4, 720, 17272.000000, 0.151117, 114295.545835, 114384.000000, 1.000000, 2, 26.575085, 49521.326547, 49521.326547
Z2, 4, 4, 720, 22592.000000, 0.151085, 149531.720555, 149608.000000, 1.000000, 2, 26.575085, 56568.561491, 56568.561491
Z2, 5, 4, 720, 17472.000000, 0.151038, 115679.497875, 115704.000000, 1.000000, 2, 26.575085, 49798.116955, 49798.116955
Z2, 6, 4, 720, 6424.000000, 0.151050, 42528.963919, 42536.000000, 1.000000, 2, 26.575085, 35168.010164, 35168.010164
Z2, 7, 4, 720, 6872.000000, 0.150932, 45530.437548, 45808.000000, 1.000000, 2, 26.575085, 35768.304889, 35768.304889
Z3, 0, 4, 720, 6448.000000, 0.473272, 13624.300614, 13632.000000, 1.000000, 2, 26.575085, 29387.077502, 29387.077502
Z3, 1, 4, 720, 7448.000000, 0.150943, 49343.129526, 49648.000000, 1.000000, 2, 26.575085, 36530.843285, 36530.843285
Z3, 2, 4, 720, 7424.000000, 0.150951, 49181.522481, 49488.000000, 1.000000, 2, 26.575085, 36498.521876, 36498.521876
Z3, 3, 4, 720, 6648.000000, 0.151012, 44022.991550, 44024.000000, 1.000000, 2, 26.575085, 35466.815690, 35466.815690
Z3, 4, 4, 720, 7224.000000, 0.150966, 47851.834188, 48160.000000, 1.000000, 2, 26.575085, 36232.584217, 36232.584217
Z3, 5, 4, 720, 7240.000000, 0.151013, 47942.892334, 47944.000000, 1.000000, 2, 26.575085, 36250.795847, 36250.795847
Z3, 6, 4, 720, 6648.000000, 0.151007, 44024.449198, 44024.000000, 1.000000, 2, 26.575085, 35467.107219, 35467.107219
Z3, 7, 4, 720, 7232.000000, 0.150983, 47899.432386, 48208.000000, 1.000000, 2, 26.575085, 36242.103857, 36242.103857
Z3, 8, 4, 720, 7296.000000, 0.150964, 48329.403036, 48640.000000, 1.000000, 2, 26.575085, 36328.097987, 36328.097987
Z3, 9, 4, 720, 16456.000000, 0.151079, 108923.146169, 108976.000000, 1.000000, 2, 26.575085, 48446.846613, 48446.846613
Z3, 10, 4, 720, 25392.000000, 0.151162, 167978.724812, 168152.000000, 1.000000, 2, 26.575085, 60257.962342, 60257.962342
Z3, 11, 4, 720, 21592.000000, 0.151042, 142953.615551, 142992.000000, 1.000000, 2, 26.575085, 55252.940490, 55252.940490
Z3, 12, 4, 720, 13528.000000, 0.150968, 89608.393832, 90184.000000, 1.000000, 2, 26.575085, 44583.896146, 44583.896146
Z3, 13, 4, 720, 29512.000000, 0.151291, 195067.783279, 195440.000000, 1.000000, 2, 26.575085, 65675.774035, 65675.774035
Z3, 14, 4, 720, 29688.000000, 0.151119, 196454.449804, 196608.000000, 1.000000, 2, 26.575085, 65953.107341, 65953.107341
Z3, 15, 4, 720, 16760.000000, 0.151027, 110973.534534, 110992.000000, 1.000000, 2, 26.575085, 48856.924286, 48856.924286
Z3, 16, 4, 720, 33128.000000, 0.151144, 219181.707511, 219384.000000, 1.000000, 2, 26.575085, 70498.558882, 70498.558882
Z3, 17, 4, 720, 26248.000000, 0.151046, 173774.876528, 173824.000000, 1.000000, 2, 26.575085, 61417.192685, 61417.192685
Z3, 18, 4, 720, 26240.000000, 0.151180, 173567.932266, 173768.000000, 1.000000, 2, 26.575085, 61375.803833, 61375.803833
Z3, 19, 4, 720, 14624.000000, 0.151034, 96825.880265, 96840.000000, 1.000000, 2, 26.575085, 46027.393433, 46027.393433
Z3, 20, 4, 720, 26816.000000, 0.151043, 177538.846554, 177584.000000, 1.000000, 2, 26.575085, 62169.986691, 62169.986691
Z3, 21, 4, 720, 23128.000000, 0.502689, 46008.565932, 46064.000000, 1.000000, 2, 26.575085, 35863.930566, 35863.930566
Z3, 22, 4, 720, 19440.000000, 0.150976, 128762.187368, 129600.000000, 1.000000, 2, 26.575085, 52414.654853, 52414.654853
Z3, 23, 4, 720, 29088.000000, 0.151045, 192578.370684, 192632.000000, 1.000000, 2, 26.575085, 65177.891517, 65177.891517
Z3, 24, 4, 720, 29840.000000, 0.151087, 197502.101438, 197608.000000, 1.000000, 2, 26.575085, 66162.637667, 66162.637667
Z3, 25, 4, 720, 17200.000000, 0.151067, 113856.765541, 113904.000000, 1.000000, 2, 26.575085, 49433.570488, 49433.570488
Z3, 26, 4, 720, 25664.000000, 0.151084, 169865.770035, 169960.000000, 1.000000, 2, 26.575085, 60635.371387, 60635.371387
Z3, 27, 4, 720, 26808.000000, 0.775323, 34576.557125, 34584.000000, 1.000000, 2, 26.575085, 33577.528805, 33577.528805
Z3, 28, 4, 720, 12720.000000, 0.151019, 84227.812394, 84232.000000, 1.000000, 2, 26.575085, 43507.779859, 43507.779859
Z3, 29, 4, 720, 11496.000000, 0.150989, 76137.996808, 76640.000000, 1.000000, 2, 26.575085, 41889.816741, 41889.816741
Z3, 30, 4, 720, 6448.000000, 0.150933, 42720.942405, 42984.000000, 1.000000, 2, 26.575085, 35206.405861, 35206.405861
Z3, 31, 4, 720, 7200.000000, 0.151015, 47677.383041, 47680.000000, 1.000000, 2, 26.575085, 36197.693988, 36197.693988
Z3, 32, 4, 720, 7520.000000, 0.151012, 49797.367097, 49800.000000, 1.000000, 2, 26.575085, 36621.690799, 36621.690799
Z3, 33, 4, 720, 6728.000000, 0.150993, 44558.357010, 44848.000000, 1.000000, 2, 26.575085, 35573.888782, 35573.888782
Z3, 34, 4, 720, 7224.000000, 0.150979, 47847.713920, 48160.000000, 1.000000, 2, 26.575085, 36231.760164, 36231.760164
Z3, 35, 4, 720, 7256.000000, 0.151010, 48049.798027, 48048.000000, 1.000000, 2, 26.575085, 36272.176985, 36272.176985
Z3, 36, 4, 720, 6544.000000, 0.150976, 43344.637558, 43624.000000, 1.000000, 2, 26.575085, 35331.144891, 35331.144891
Z3, 37, 4, 720, 12272.000000, 0.151073, 81232.251958, 81264.000000, 1.000000, 2, 26.575085, 42908.667771, 42908.667771
Z3, 38, 4, 720, 8544.000000, 0.150961, 56597.399328, 56960.000000, 1.000000, 2, 26.575085, 37981.697245, 37981.697245
Z1, 0, 5, 720, 20272.000000, 0.623095, 32534.364744, 32536.000000, 1.000000, 2, 36.184468, 44488.570194, 44488.570194
Z2, 0, 5, 720, 6624.000000, 0.474185, 13969.231418, 13968.000000, 1.000000, 2, 36.184468, 40775.543529, 40775.543529
Z2, 1, 5, 720, 7616.000000, 0.150828, 50494.603124, 50768.000000, 1.000000, 2, 36.184468, 48080.617870, 48080.617870
Z2, 2, 5, 720, 8792.000000, 0.150887, 58268.770669, 58608.000000, 1.000000, 2, 36.184468, 49635.451379, 49635.451379
Z2, 3, 5, 720, 8816.000000, 0.150908, 58419.699420, 58768.000000, 1.000000, 2, 36.184468, 49665.637129, 49665.637129
Z2, 4, 5, 720, 14976.000000, 0.150943, 99216.260443, 99840.000000, 1.000000, 2, 36.184468, 57824.949334, 57824.949334
Z2, 5, 5, 720, 25312.000000, 0.151023, 167603.610046, 167624.000000, 1.000000, 2, 36.184468, 71502.419255, 71502.419255
Z2, 6, 5, 720, 13208.000000, 0.150936, 87507.287857, 88048.000000, 1.000000, 2, 36.184468, 55483.154817, 55483.154817
Z2, 7, 5, 720, 16320.000000, 0.150930, 108129.596502, 108800.000000, 1.000000, 2, 36.184468, 59607.616546, 59607.616546
Z3, 0, 5, 720, 7712.000000, 1.060406, 7272.686122, 7272.000000, 1.000000, 2, 36.184468, 39436.234470, 39436.234470
Z3, 1, 5, 720, 9624.000000, 0.150884, 63784.099043, 64160.000000, 1.000000, 2, 36.184468, 50738.517054, 50738.517054
Z3, 2, 5, 720, 9096.000000, 0.150990, 60242.400159, 60640.000000, 1.000000, 2, 36.184468, 50030.177277, 50030.177277
Z3, 3, 5, 720, 7632.000000, 0.150899, 50576.875924, 50880.000000, 1.000000, 2, 36.184468, 48097.072430, 48097.072430
Z3, 4, 5, 720, 8304.000000, 0.539199, 15400.622034, 15400.000000, 1.000000, 2, 36.184468, 41061.821652, 41061.821652
Z3, 5, 5, 720, 8504.000000, 0.150868, 56367.155394, 56688.000000, 1.000000, 2, 36.184468, 49255.128324, 49255.128324
Z3, 6, 5, 720, 7384.000000, 0.150871, 48942.474034, 49224.000000, 1.000000, 2, 36.184468, 47770.192052, 47770.192052
Z3, 7, 5, 720, 8968.000000, 0.530172, 16915.265235, 16920.000000, 1.000000, 2, 36.184468, 41364.750292, 41364.750292
Z3, 8, 5, 720, 8912.000000, 0.150861, 59074.247155, 59408.000000, 1.000000, 2, 36.184468, 49796.546676, 49796.546676
Z3, 9, 5, 720, 16688.000000, 0.150988, 110525.339762, 111248.000000, 1.000000, 2, 36.184468, 60086.765198, 60086.765198
Z3, 10, 5, 720, 23832.000000, 0.150988, 157840.358174, 158880.000000, 1.000000, 2, 36.184468, 69549.768880, 69549.768880
Z3, 11, 5, 720, 21144.000000, 0.150878, 140139.715532, 140960.000000, 1.000000, 2, 36.184468, 66009.640352, 66009.640352
Z3, 12, 5, 720, 14272.000000, 0.150938, 94555.380355, 95144.000000, 1.000000, 2, 36.184468, 56892.773316, 56892.773316
Z3, 13, 5, 720, 27640.000000, 0.151080, 182949.430765, 183040.000000, 1.000000, 2, 36.184468, 74571.583398, 74571.583398
Z3, 14, 5, 720, 33288.000000, 0.151064, 220356.934809, 220448.000000, 1.000000, 2, 36.184468, 82053.084207, 82053.084207
Z3, 15, 5, 720, 17576.000000, 0.150999, 116398.121842, 117168.000000, 1.000000, 2, 36.184468, 61261.321614, 61261.321614
Z3, 16, 5, 720, 34872.000000, 0.151017, 230914.400366, 230936.000000, 1.000000, 2, 36.184468, 84164.577319, 84164.577319
Z3, 17, 5, 720, 27336.000000, 0.151047, 180976.782061, 181032.000000, 1.000000, 2, 36.184468, 74177.053658, 74177.053658
Z3, 18, 5, 720, 18312.000000, 0.150908, 121345.455509, 122080.000000, 1.000000, 2, 36.184468, 62250.788347, 62250.788347
Z3, 19, 5, 720, 41432.000000, 0.150949, 274476.810048, 276208.000000, 1.000000, 2, 36.184468, 92877.059255, 92877.059255
Z3, 20, 5, 720, 36760.000000, 0.151035, 243387.294336, 243440.000000, 1.000000, 2, 36.184468, 86659.156113, 86659.156113
Z3, 21, 5, 720, 21272.000000, 0.150960, 140911.499735, 141808.000000, 1.000000, 2, 36.184468, 66163.997192, 66163.997192
Z3, 22, 5, 720, 43464.000000, 0.151098, 287654.370012, 287840.000000, 1.000000, 2, 36.184468, 95512.571248, 95512.571248
Z3, 23, 5, 720, 42000.000000, 0.151100, 277961.614825, 278144.000000, 1.000000, 2, 36.184468, 93574.020210, 93574.020210
Z3, 24, 5, 720, 20304.000000, 0.150973, 134487.623615, 135360.000000, 1.000000, 2, 36.184468, 64879.221968, 64879.221968
Z3, 25, 5, 720, 32736.000000, 0.151033, 216747.333364, 216792.000000, 1.000000, 2, 36.184468, 81331.163918, 81331.163918
Z3, 26, 5, 720, 34608.000000, 0.151055, 229108.602827, 229192.000000, 1.000000, 2, 36.184468, 83803.417811, 83803.417811
Z3, 27, 5, 720, 21272.000000, 0.150972, 140900.299393, 141808.000000, 1.000000, 2, 36.184468, 66161.757124, 66161.757124
Z3, 28, 5, 720, 8752.000000, 0.150886, 58004.056042, 58344.000000, 1.000000, 2, 36.184468, 49582.508454, 49582.508454
Z3, 29, 5, 720, 12760.000000, 0.150960, 84525.702173, 85064.000000, 1.000000, 2, 36.184468, 54886.837680, 54886.837680
Z3, 30, 5, 720, 15440.000000, 0.150884, 102330.266960, 102928.000000, 1.000000, 2, 36.184468, 58447.750637, 58447.750637
Z3, 31, 5, 720, 10000.000000, 0.150919, 66260.709387, 66664.000000, 1.000000, 2, 36.184468, 51233.839123, 51233.839123
Z3, 32, 5, 720, 15200.000000, 0.150988, 100670.251941, 101328.000000, 1.000000, 2, 36.184468, 58115.747634, 58115.747634
Z3, 33, 5, 720, 18352.000000, 0.151011, 121527.570839, 121536.000000, 1.000000, 2, 36.184468, 62287.211413, 62287.211413
Z3, 34, 5, 720, 11224.000000, 0.150935, 74363.136449, 74824.000000, 1.000000, 2, 36.184468, 52854.324535, 52854.324535
Z3, 35, 5, 720, 23240.000000, 0.150963, 153945.006392, 154928.000000, 1.000000, 2, 36.184468, 68770.698524, 68770.698524
Z3, 36, 5, 720, 16824.000000, 0.150978, 111433.453881, 112160.000000, 1.000000, 2, 36.184468, 60268.388022, 60268.388022
Z3, 37, 5, 720, 9680.000000, 0.635488, 15232.388338, 15240.000000, 1.000000, 2, 36.184468, 41028.174913, 41028.174913
Z3, 38, 5, 720, 12888.000000, 0.150880, 85418.875928, 85920.000000, 1.000000, 2, 36.184468, 55065.472431, 55065.472431
