Zone, Tile_no, Seg_no, Reso, Seg_d_size, Seg_d_time, Bitrate, Bitrate1, Buf_lev, Buf_limit, Elapsed, Ref_vp, Local_avg,QoE,QoE1,Z1,Z2,Z3,delay,jitter,loss
Z1,0,1, 720,9960.0,0.173079,57545.976115,57568.0,1.0,2,6.1e-05,57545.976115,57545.976115,8453484.0944833,25544234.029619403,1007721.8977231,25826929.2202571,196734428.5716181,50,0,0
Z2,0,1, 720,8952.0,0.174107,51416.657573,51448.0,1.0,2,6.1e-05,25708.328786,25708.328786,8453484.0944833,25544234.029619403,1007721.8977231,25826929.2202571,196734428.5716181,50,0,0
Z2,1,1, 720,5424.0,0.050964,106428.066871,108480.0,1.0,2,6.1e-05,35476.02229,35476.02229,8453484.0944833,25544234.029619403,1007721.8977231,25826929.2202571,196734428.5716181,50,0,0
Z2,2,1, 720,7080.0,0.051058,138665.831016,138816.0,1.0,2,6.1e-05,34666.457754,34666.457754,8453484.0944833,25544234.029619403,1007721.8977231,25826929.2202571,196734428.5716181,50,0,0
Z2,3,1, 720,18976.0,0.05102,371932.575461,372072.0,1.0,2,6.1e-05,74386.515092,74386.515092,8453484.0944833,25544234.029619403,1007721.8977231,25826929.2202571,196734428.5716181,50,0,0
Z2,4,1, 720,8720.0,0.050966,171094.455127,174400.0,1.0,2,6.1e-05,34218.891025,34218.891025,8453484.0944833,25544234.029619403,1007721.8977231,25826929.2202571,196734428.5716181,50,0,0
Z2,5,1, 720,8336.0,0.050983,163505.48222,166720.0,1.0,2,6.1e-05,32701.096444,32701.096444,8453484.0944833,25544234.029619403,1007721.8977231,25826929.2202571,196734428.5716181,50,0,0
Z2,6,1, 720,6376.0,0.050984,125058.84199,127520.0,1.0,2,6.1e-05,25011.768398,25011.768398,8453484.0944833,25544234.029619403,1007721.8977231,25826929.2202571,196734428.5716181,50,0,0
Z2,7,1, 720,6872.0,0.050923,134948.844334,137440.0,1.0,2,6.1e-05,26989.768867,26989.768867,8453484.0944833,25544234.029619403,1007721.8977231,25826929.2202571,196734428.5716181,50,0,0
Z3,0,1, 720,7080.0,0.173343,40843.876015,40920.0,1.0,2,6.1e-05,8168.775203,8168.775203,8453484.0944833,25544234.029619403,1007721.8977231,25826929.2202571,196734428.5716181,50,0,0
Z3,1,1, 720,7080.0,0.050913,139060.750692,141600.0,1.0,2,6.1e-05,27812.150138,27812.150138,8453484.0944833,25544234.029619403,1007721.8977231,25826929.2202571,196734428.5716181,50,0,0
Z3,2,1, 720,5664.0,0.05101,111037.051559,111056.0,1.0,2,6.1e-05,22207.410312,22207.410312,8453484.0944833,25544234.029619403,1007721.8977231,25826929.2202571,196734428.5716181,50,0,0
Z3,3,1, 720,7080.0,0.051009,138799.035464,138816.0,1.0,2,6.1e-05,27759.807093,27759.807093,8453484.0944833,25544234.029619403,1007721.8977231,25826929.2202571,196734428.5716181,50,0,0
Z3,4,1, 720,7080.0,0.050969,138907.963664,141600.0,1.0,2,6.1e-05,27781.592733,27781.592733,8453484.0944833,25544234.029619403,1007721.8977231,25826929.2202571,196734428.5716181,50,0,0
Z3,5,1, 720,5664.0,0.050922,111228.938376,113280.0,1.0,2,6.1e-05,22245.787675,22245.787675,8453484.0944833,25544234.029619403,1007721.8977231,25826929.2202571,196734428.5716181,50,0,0
Z3,6,1, 720,7080.0,0.050965,138918.865888,141600.0,1.0,2,6.1e-05,27783.773178,27783.773178,8453484.0944833,25544234.029619403,1007721.8977231,25826929.2202571,196734428.5716181,50,0,0
Z3,7,1, 720,7080.0,0.050942,138981.586903,141600.0,1.0,2,6.1e-05,27796.317381,27796.317381,8453484.0944833,25544234.029619403,1007721.8977231,25826929.2202571,196734428.5716181,50,0,0
Z3,8,1, 720,5664.0,0.050938,111194.00055,113280.0,1.0,2,6.1e-05,22238.80011,22238.80011,8453484.0944833,25544234.029619403,1007721.8977231,25826929.2202571,196734428.5716181,50,0,0
Z3,9,1, 720,7080.0,0.050924,139030.712434,141600.0,1.0,2,6.1e-05,27806.142487,27806.142487,8453484.0944833,25544234.029619403,1007721.8977231,25826929.2202571,196734428.5716181,50,0,0
Z3,10,1, 720,12904.0,0.051004,252999.764724,253016.0,1.0,2,6.1e-05,50599.952945,50599.952945,8453484.0944833,25544234.029619403,1007721.8977231,25826929.2202571,196734428.5716181,50,0,0
Z3,11,1, 720,17344.0,0.050968,340291.947889,346880.0,1.0,2,6.1e-05,68058.389578,68058.389578,8453484.0944833,25544234.029619403,1007721.8977231,25826929.2202571,196734428.5716181,50,0,0
Z3,12,1, 720,16912.0,0.050968,331816.041438,338240.0,1.0,2,6.1e-05,66363.208288,66363.208288,8453484.0944833,25544234.029619403,1007721.8977231,25826929.2202571,196734428.5716181,50,0,0
Z3,13,1, 720,13240.0,0.051021,259500.989789,259600.0,1.0,2,6.1e-05,51900.197958,51900.197958,8453484.0944833,25544234.029619403,1007721.8977231,25826929.2202571,196734428.5716181,50,0,0
Z3,14,1, 720,28328.0,0.051066,554733.09051,555448.0,1.0,2,6.1e-05,110946.618102,110946.618102,8453484.0944833,25544234.029619403,1007721.8977231,25826929.2202571,196734428.5716181,50,0,0
Z3,15,1, 720,30528.0,0.051033,598201.163953,598584.0,1.0,2,6.1e-05,119640.232791,119640.232791,8453484.0944833,25544234.029619403,1007721.8977231,25826929.2202571,196734428.5716181,50,0,0
Z3,16,1, 720,16360.0,0.05096,321036.10675,327200.0,1.0,2,6.1e-05,64207.22135,64207.22135,8453484.0944833,25544234.029619403,1007721.8977231,25826929.2202571,196734428.5716181,50,0,0
Z3,17,1, 720,33216.0,0.051071,650388.67459,651288.0,1.0,2,6.1e-05,130077.734918,130077.734918,8453484.0944833,25544234.029619403,1007721.8977231,25826929.2202571,196734428.5716181,50,0,0
Z3,18,1, 720,28000.0,0.051056,548417.424005,549016.0,1.0,2,6.1e-05,109683.484801,109683.484801,8453484.0944833,25544234.029619403,1007721.8977231,25826929.2202571,196734428.5716181,50,0,0
Z3,19,1, 720,15744.0,0.051113,308023.399135,308704.0,1.0,2,6.1e-05,61604.679827,61604.679827,8453484.0944833,25544234.029619403,1007721.8977231,25826929.2202571,196734428.5716181,50,0,0
Z3,20,1, 720,16024.0,0.051002,314183.7575,314192.0,1.0,2,6.1e-05,62836.7515,62836.7515,8453484.0944833,25544234.029619403,1007721.8977231,25826929.2202571,196734428.5716181,50,0,0
Z3,21,1, 720,11576.0,0.051011,226931.446159,226976.0,1.0,2,6.1e-05,45386.289232,45386.289232,8453484.0944833,25544234.029619403,1007721.8977231,25826929.2202571,196734428.5716181,50,0,0
Z3,22,1, 720,10816.0,0.050981,212157.47043,216320.0,1.0,2,6.1e-05,42431.494086,42431.494086,8453484.0944833,25544234.029619403,1007721.8977231,25826929.2202571,196734428.5716181,50,0,0
Z3,23,1, 720,13224.0,0.050999,259299.201945,264480.0,1.0,2,6.1e-05,51859.840389,51859.840389,8453484.0944833,25544234.029619403,1007721.8977231,25826929.2202571,196734428.5716181,50,0,0
Z3,24,1, 720,17528.0,0.051015,343585.220033,343680.0,1.0,2,6.1e-05,68717.044007,68717.044007,8453484.0944833,25544234.029619403,1007721.8977231,25826929.2202571,196734428.5716181,50,0,0
Z3,25,1, 720,23824.0,0.051071,466487.830667,467136.0,1.0,2,6.1e-05,93297.566133,93297.566133,8453484.0944833,25544234.029619403,1007721.8977231,25826929.2202571,196734428.5716181,50,0,0
Z3,26,1, 720,11024.0,0.050981,216237.421785,220480.0,1.0,2,6.1e-05,43247.484357,43247.484357,8453484.0944833,25544234.029619403,1007721.8977231,25826929.2202571,196734428.5716181,50,0,0
Z3,27,1, 720,15112.0,0.050939,296668.564361,302240.0,1.0,2,6.1e-05,59333.712872,59333.712872,8453484.0944833,25544234.029619403,1007721.8977231,25826929.2202571,196734428.5716181,50,0,0
Z3,28,1, 720,24552.0,0.051031,481119.319629,481408.0,1.0,2,6.1e-05,96223.863926,96223.863926,8453484.0944833,25544234.029619403,1007721.8977231,25826929.2202571,196734428.5716181,50,0,0
Z3,29,1, 720,10824.0,0.051006,212210.328197,212232.0,1.0,2,6.1e-05,42442.065639,42442.065639,8453484.0944833,25544234.029619403,1007721.8977231,25826929.2202571,196734428.5716181,50,0,0
Z3,30,1, 720,6872.0,0.050875,135076.167076,137440.0,1.0,2,6.1e-05,27015.233415,27015.233415,8453484.0944833,25544234.029619403,1007721.8977231,25826929.2202571,196734428.5716181,50,0,0
Z3,31,1, 720,6872.0,0.050929,134932.945866,137440.0,1.0,2,6.1e-05,26986.589173,26986.589173,8453484.0944833,25544234.029619403,1007721.8977231,25826929.2202571,196734428.5716181,50,0,0
Z3,32,1, 720,6376.0,0.050875,125326.781327,127520.0,1.0,2,6.1e-05,25065.356265,25065.356265,8453484.0944833,25544234.029619403,1007721.8977231,25826929.2202571,196734428.5716181,50,0,0
Z3,33,1, 720,6872.0,0.050854,135131.946356,137440.0,1.0,2,6.1e-05,27026.389271,27026.389271,8453484.0944833,25544234.029619403,1007721.8977231,25826929.2202571,196734428.5716181,50,0,0
Z3,34,1, 720,6872.0,0.050949,134879.978017,137440.0,1.0,2,6.1e-05,26975.995603,26975.995603,8453484.0944833,25544234.029619403,1007721.8977231,25826929.2202571,196734428.5716181,50,0,0
Z3,35,1, 720,6376.0,0.050931,125188.981171,127520.0,1.0,2,6.1e-05,25037.796234,25037.796234,8453484.0944833,25544234.029619403,1007721.8977231,25826929.2202571,196734428.5716181,50,0,0
Z3,36,1, 720,6872.0,0.050921,134954.144655,137440.0,1.0,2,6.1e-05,26990.828931,26990.828931,8453484.0944833,25544234.029619403,1007721.8977231,25826929.2202571,196734428.5716181,50,0,0
Z3,37,1, 720,6872.0,0.050851,135139.918586,137440.0,1.0,2,6.1e-05,27027.983717,27027.983717,8453484.0944833,25544234.029619403,1007721.8977231,25826929.2202571,196734428.5716181,50,0,0
Z3,38,1, 720,6376.0,0.050954,125132.472426,127520.0,1.0,2,6.1e-05,25026.494485,25026.494485,8453484.0944833,25544234.029619403,1007721.8977231,25826929.2202571,196734428.5716181,50,0,0
Z1,0,2, 720,18392.0,0.172794,106438.88098,106928.0,1.0,2,2.821143,46314.270681,46314.270681,8453484.0944833,25544234.029619403,1007721.8977231,25826929.2202571,196734428.5716181,50,0,0
Z2,0,2, 720,7080.0,0.173885,40716.565546,40920.0,1.0,2,2.821143,33169.807594,33169.807594,8453484.0944833,25544234.029619403,1007721.8977231,25826929.2202571,196734428.5716181,50,0,0
Z2,1,2, 720,12648.0,0.050987,248063.231804,252960.0,1.0,2,2.821143,74639.140846,74639.140846,8453484.0944833,25544234.029619403,1007721.8977231,25826929.2202571,196734428.5716181,50,0,0
Z2,2,2, 720,15344.0,0.050976,301004.394225,306880.0,1.0,2,2.821143,85227.37333,85227.37333,8453484.0944833,25544234.029619403,1007721.8977231,25826929.2202571,196734428.5716181,50,0,0
Z2,3,2, 720,9160.0,0.051063,179386.24836,179600.0,1.0,2,2.821143,60903.744157,60903.744157,8453484.0944833,25544234.029619403,1007721.8977231,25826929.2202571,196734428.5716181,50,0,0
Z2,4,2, 720,8048.0,0.050915,158067.367181,160960.0,1.0,2,2.821143,56639.967921,56639.967921,8453484.0944833,25544234.029619403,1007721.8977231,25826929.2202571,196734428.5716181,50,0,0
Z2,5,2, 720,9320.0,0.051002,182737.931846,182744.0,1.0,2,2.821143,61574.080854,61574.080854,8453484.0944833,25544234.029619403,1007721.8977231,25826929.2202571,196734428.5716181,50,0,0
Z2,6,2, 720,6376.0,0.050978,125073.561144,127520.0,1.0,2,2.821143,50041.206714,50041.206714,8453484.0944833,25544234.029619403,1007721.8977231,25826929.2202571,196734428.5716181,50,0,0
Z2,7,2, 720,6872.0,0.05094,134903.808402,137440.0,1.0,2,2.821143,52007.256166,52007.256166,8453484.0944833,25544234.029619403,1007721.8977231,25826929.2202571,196734428.5716181,50,0,0
Z3,0,2, 720,6624.0,0.173821,38108.168748,38288.0,1.0,2,2.821143,32648.128235,32648.128235,8453484.0944833,25544234.029619403,1007721.8977231,25826929.2202571,196734428.5716181,50,0,0
Z3,1,2, 720,5424.0,0.050949,106459.400577,108480.0,1.0,2,2.821143,46318.374601,46318.374601,8453484.0944833,25544234.029619403,1007721.8977231,25826929.2202571,196734428.5716181,50,0,0
Z3,2,2, 720,7080.0,0.05101,138796.314448,138816.0,1.0,2,2.821143,52785.757375,52785.757375,8453484.0944833,25544234.029619403,1007721.8977231,25826929.2202571,196734428.5716181,50,0,0
Z3,3,2, 720,7080.0,0.051023,138760.950944,138816.0,1.0,2,2.821143,52778.684674,52778.684674,8453484.0944833,25544234.029619403,1007721.8977231,25826929.2202571,196734428.5716181,50,0,0
Z3,4,2, 720,5664.0,0.050887,111305.441468,113280.0,1.0,2,2.821143,47287.582779,47287.582779,8453484.0944833,25544234.029619403,1007721.8977231,25826929.2202571,196734428.5716181,50,0,0
Z3,5,2, 720,7080.0,0.05095,138959.764475,141600.0,1.0,2,2.821143,52818.44738,52818.44738,8453484.0944833,25544234.029619403,1007721.8977231,25826929.2202571,196734428.5716181,50,0,0
Z3,6,2, 720,7080.0,0.050936,138997.958222,141600.0,1.0,2,2.821143,52826.08613,52826.08613,8453484.0944833,25544234.029619403,1007721.8977231,25826929.2202571,196734428.5716181,50,0,0
Z3,7,2, 720,5664.0,0.05088,111320.754717,113280.0,1.0,2,2.821143,47290.645429,47290.645429,8453484.0944833,25544234.029619403,1007721.8977231,25826929.2202571,196734428.5716181,50,0,0
Z3,8,2, 720,7080.0,0.050942,138981.586903,141600.0,1.0,2,2.821143,52822.811866,52822.811866,8453484.0944833,25544234.029619403,1007721.8977231,25826929.2202571,196734428.5716181,50,0,0
Z3,9,2, 720,7080.0,0.050938,138992.500687,141600.0,1.0,2,2.821143,52824.994623,52824.994623,8453484.0944833,25544234.029619403,1007721.8977231,25826929.2202571,196734428.5716181,50,0,0
Z3,10,2, 720,5664.0,0.050935,111200.54972,113280.0,1.0,2,2.821143,47266.604429,47266.604429,8453484.0944833,25544234.029619403,1007721.8977231,25826929.2202571,196734428.5716181,50,0,0
Z3,11,2, 720,7080.0,0.05094,138987.043581,141600.0,1.0,2,2.821143,52823.903201,52823.903201,8453484.0944833,25544234.029619403,1007721.8977231,25826929.2202571,196734428.5716181,50,0,0
Z3,12,2, 720,17112.0,0.051,335529.411765,335528.0,1.0,2,2.821143,92132.376838,92132.376838,8453484.0944833,25544234.029619403,1007721.8977231,25826929.2202571,196734428.5716181,50,0,0
Z3,13,2, 720,15320.0,0.051014,300309.718901,300392.0,1.0,2,2.821143,85088.438265,85088.438265,8453484.0944833,25544234.029619403,1007721.8977231,25826929.2202571,196734428.5716181,50,0,0
Z3,14,2, 720,10704.0,0.051049,209680.894827,209880.0,1.0,2,2.821143,66962.673451,66962.673451,8453484.0944833,25544234.029619403,1007721.8977231,25826929.2202571,196734428.5716181,50,0,0
Z3,15,2, 720,18776.0,0.051003,368135.207733,368152.0,1.0,2,2.821143,98653.536032,98653.536032,8453484.0944833,25544234.029619403,1007721.8977231,25826929.2202571,196734428.5716181,50,0,0
Z3,16,2, 720,21848.0,0.051079,427729.595333,428392.0,1.0,2,2.821143,110572.413552,110572.413552,8453484.0944833,25544234.029619403,1007721.8977231,25826929.2202571,196734428.5716181,50,0,0
Z3,17,2, 720,12752.0,0.050911,250476.321424,255040.0,1.0,2,2.821143,75121.75877,75121.75877,8453484.0944833,25544234.029619403,1007721.8977231,25826929.2202571,196734428.5716181,50,0,0
Z3,18,2, 720,21856.0,0.051062,428028.671027,428544.0,1.0,2,2.821143,110632.228691,110632.228691,8453484.0944833,25544234.029619403,1007721.8977231,25826929.2202571,196734428.5716181,50,0,0
Z3,19,2, 720,16880.0,0.051009,330921.994158,330976.0,1.0,2,2.821143,91210.893317,91210.893317,8453484.0944833,25544234.029619403,1007721.8977231,25826929.2202571,196734428.5716181,50,0,0
Z3,20,2, 720,12128.0,0.051004,237785.271743,237800.0,1.0,2,2.821143,72583.548834,72583.548834,8453484.0944833,25544234.029619403,1007721.8977231,25826929.2202571,196734428.5716181,50,0,0
Z3,21,2, 720,11592.0,0.051009,227254.013998,227288.0,1.0,2,2.821143,70477.297285,70477.297285,8453484.0944833,25544234.029619403,1007721.8977231,25826929.2202571,196734428.5716181,50,0,0
Z3,22,2, 720,9952.0,0.051009,195102.824992,195136.0,1.0,2,2.821143,64047.059484,64047.059484,8453484.0944833,25544234.029619403,1007721.8977231,25826929.2202571,196734428.5716181,50,0,0
Z3,23,2, 720,11064.0,0.050993,216970.956798,221280.0,1.0,2,2.821143,68420.685845,68420.685845,8453484.0944833,25544234.029619403,1007721.8977231,25826929.2202571,196734428.5716181,50,0,0
Z3,24,2, 720,14728.0,0.051009,288733.360779,288784.0,1.0,2,2.821143,82773.166641,82773.166641,8453484.0944833,25544234.029619403,1007721.8977231,25826929.2202571,196734428.5716181,50,0,0
Z3,25,2, 720,16264.0,0.050978,319039.585704,325280.0,1.0,2,2.821143,88834.411626,88834.411626,8453484.0944833,25544234.029619403,1007721.8977231,25826929.2202571,196734428.5716181,50,0,0
Z3,26,2, 720,9504.0,0.050979,186429.70635,190080.0,1.0,2,2.821143,62312.435755,62312.435755,8453484.0944833,25544234.029619403,1007721.8977231,25826929.2202571,196734428.5716181,50,0,0
Z3,27,2, 720,12688.0,0.051028,248647.801207,248784.0,1.0,2,2.821143,74756.054727,74756.054727,8453484.0944833,25544234.029619403,1007721.8977231,25826929.2202571,196734428.5716181,50,0,0
Z3,28,2, 720,17320.0,0.051188,338360.553255,339600.0,1.0,2,2.821143,92698.605136,92698.605136,8453484.0944833,25544234.029619403,1007721.8977231,25826929.2202571,196734428.5716181,50,0,0
Z3,29,2, 720,10632.0,0.051012,208421.547871,208464.0,1.0,2,2.821143,66710.804059,66710.804059,8453484.0944833,25544234.029619403,1007721.8977231,25826929.2202571,196734428.5716181,50,0,0
Z3,30,2, 720,6872.0,0.051011,134716.041638,134744.0,1.0,2,2.821143,51969.702813,51969.702813,8453484.0944833,25544234.029619403,1007721.8977231,25826929.2202571,196734428.5716181,50,0,0
Z3,31,2, 720,6872.0,0.050943,134895.864005,137440.0,1.0,2,2.821143,52005.667286,52005.667286,8453484.0944833,25544234.029619403,1007721.8977231,25826929.2202571,196734428.5716181,50,0,0
Z3,32,2, 720,6376.0,0.050878,125319.391486,127520.0,1.0,2,2.821143,50090.372782,50090.372782,8453484.0944833,25544234.029619403,1007721.8977231,25826929.2202571,196734428.5716181,50,0,0
Z3,33,2, 720,6872.0,0.050926,134940.894631,137440.0,1.0,2,2.821143,52014.673412,52014.673412,8453484.0944833,25544234.029619403,1007721.8977231,25826929.2202571,196734428.5716181,50,0,0
Z3,34,2, 720,6872.0,0.050947,134885.272931,137440.0,1.0,2,2.821143,52003.549071,52003.549071,8453484.0944833,25544234.029619403,1007721.8977231,25826929.2202571,196734428.5716181,50,0,0
Z3,35,2, 720,6376.0,0.050923,125208.648351,127520.0,1.0,2,2.821143,50068.224156,50068.224156,8453484.0944833,25544234.029619403,1007721.8977231,25826929.2202571,196734428.5716181,50,0,0
Z3,36,2, 720,6872.0,0.050895,135023.086747,137440.0,1.0,2,2.821143,52031.111835,52031.111835,8453484.0944833,25544234.029619403,1007721.8977231,25826929.2202571,196734428.5716181,50,0,0
Z3,37,2, 720,6872.0,0.050932,134924.998037,137440.0,1.0,2,2.821143,52011.494093,52011.494093,8453484.0944833,25544234.029619403,1007721.8977231,25826929.2202571,196734428.5716181,50,0,0
Z3,38,2, 720,6376.0,0.050942,125161.948883,127520.0,1.0,2,2.821143,50058.884262,50058.884262,8453484.0944833,25544234.029619403,1007721.8977231,25826929.2202571,196734428.5716181,50,0,0
Z1,0,3, 720,9896.0,0.17273,57291.726973,57528.0,1.0,2,5.643089,61517.229656,61517.229656,8453484.0944833,25544234.029619403,1007721.8977231,25826929.2202571,196734428.5716181,50,0,0
Z2,0,3, 720,6624.0,0.173436,38192.762748,38288.0,1.0,2,5.643089,57697.436811,57697.436811,8453484.0944833,25544234.029619403,1007721.8977231,25826929.2202571,196734428.5716181,50,0,0
Z2,1,3, 720,5424.0,0.05097,106415.538552,108480.0,1.0,2,5.643089,71341.991972,71341.991972,8453484.0944833,25544234.029619403,1007721.8977231,25826929.2202571,196734428.5716181,50,0,0
Z2,2,3, 720,7080.0,0.050963,138924.317642,141600.0,1.0,2,5.643089,77843.74779,77843.74779,8453484.0944833,25544234.029619403,1007721.8977231,25826929.2202571,196734428.5716181,50,0,0
Z2,3,3, 720,18632.0,0.051134,364375.953377,365328.0,1.0,2,5.643089,122934.074937,122934.074937,8453484.0944833,25544234.029619403,1007721.8977231,25826929.2202571,196734428.5716181,50,0,0
Z2,4,3, 720,9664.0,0.050919,189791.629843,193280.0,1.0,2,5.643089,88017.210231,88017.210231,8453484.0944833,25544234.029619403,1007721.8977231,25826929.2202571,196734428.5716181,50,0,0
Z2,5,3, 720,8424.0,0.050998,165182.948351,168480.0,1.0,2,5.643089,83095.473932,83095.473932,8453484.0944833,25544234.029619403,1007721.8977231,25826929.2202571,196734428.5716181,50,0,0
Z2,6,3, 720,6376.0,0.050998,125024.510765,127520.0,1.0,2,5.643089,75063.786415,75063.786415,8453484.0944833,25544234.029619403,1007721.8977231,25826929.2202571,196734428.5716181,50,0,0
Z2,7,3, 720,6872.0,0.051043,134631.585134,134744.0,1.0,2,5.643089,76985.201289,76985.201289,8453484.0944833,25544234.029619403,1007721.8977231,25826929.2202571,196734428.5716181,50,0,0
Z3,0,3, 720,7080.0,0.173634,40775.424168,40920.0,1.0,2,5.643089,58213.969095,58213.969095,8453484.0944833,25544234.029619403,1007721.8977231,25826929.2202571,196734428.5716181,50,0,0
Z3,1,3, 720,7080.0,0.050918,139047.09533,141600.0,1.0,2,5.643089,77868.303328,77868.303328,8453484.0944833,25544234.029619403,1007721.8977231,25826929.2202571,196734428.5716181,50,0,0
Z3,2,3, 720,5664.0,0.050984,111093.676448,113280.0,1.0,2,5.643089,72277.619551,72277.619551,8453484.0944833,25544234.029619403,1007721.8977231,25826929.2202571,196734428.5716181,50,0,0
Z3,3,3, 720,7080.0,0.050988,138856.201459,141600.0,1.0,2,5.643089,77830.124554,77830.124554,8453484.0944833,25544234.029619403,1007721.8977231,25826929.2202571,196734428.5716181,50,0,0
Z3,4,3, 720,7080.0,0.050954,138948.855831,141600.0,1.0,2,5.643089,77848.655428,77848.655428,8453484.0944833,25544234.029619403,1007721.8977231,25826929.2202571,196734428.5716181,50,0,0
Z3,5,3, 720,5664.0,0.050939,111191.817664,113280.0,1.0,2,5.643089,72297.247795,72297.247795,8453484.0944833,25544234.029619403,1007721.8977231,25826929.2202571,196734428.5716181,50,0,0
Z3,6,3, 720,7080.0,0.050925,139027.982327,141600.0,1.0,2,5.643089,77864.480727,77864.480727,8453484.0944833,25544234.029619403,1007721.8977231,25826929.2202571,196734428.5716181,50,0,0
Z3,7,3, 720,7080.0,0.050941,138984.315188,141600.0,1.0,2,5.643089,77855.747299,77855.747299,8453484.0944833,25544234.029619403,1007721.8977231,25826929.2202571,196734428.5716181,50,0,0
Z3,8,3, 720,5664.0,0.050902,111272.641547,113280.0,1.0,2,5.643089,72313.412571,72313.412571,8453484.0944833,25544234.029619403,1007721.8977231,25826929.2202571,196734428.5716181,50,0,0
Z3,9,3, 720,7080.0,0.05092,139041.633936,141600.0,1.0,2,5.643089,77867.211049,77867.211049,8453484.0944833,25544234.029619403,1007721.8977231,25826929.2202571,196734428.5716181,50,0,0
Z3,10,3, 720,14120.0,0.05093,277243.275083,282400.0,1.0,2,5.643089,105507.539279,105507.539279,8453484.0944833,25544234.029619403,1007721.8977231,25826929.2202571,196734428.5716181,50,0,0
Z3,11,3, 720,17536.0,0.05103,343640.995493,343840.0,1.0,2,5.643089,118787.08336,118787.08336,8453484.0944833,25544234.029619403,1007721.8977231,25826929.2202571,196734428.5716181,50,0,0
Z3,12,3, 720,16008.0,0.050995,313913.128738,320160.0,1.0,2,5.643089,112841.510009,112841.510009,8453484.0944833,25544234.029619403,1007721.8977231,25826929.2202571,196734428.5716181,50,0,0
Z3,13,3, 720,10896.0,0.051015,213584.239929,213640.0,1.0,2,5.643089,92775.732248,92775.732248,8453484.0944833,25544234.029619403,1007721.8977231,25826929.2202571,196734428.5716181,50,0,0
Z3,14,3, 720,19720.0,0.051008,386606.022585,386664.0,1.0,2,5.643089,127380.088779,127380.088779,8453484.0944833,25544234.029619403,1007721.8977231,25826929.2202571,196734428.5716181,50,0,0
Z3,15,3, 720,20104.0,0.05102,394041.552332,394192.0,1.0,2,5.643089,128867.194728,128867.194728,8453484.0944833,25544234.029619403,1007721.8977231,25826929.2202571,196734428.5716181,50,0,0
Z3,16,3, 720,12504.0,0.051008,245138.017566,245176.0,1.0,2,5.643089,99086.487775,99086.487775,8453484.0944833,25544234.029619403,1007721.8977231,25826929.2202571,196734428.5716181,50,0,0
Z3,17,3, 720,23072.0,0.051082,451665.948867,452392.0,1.0,2,5.643089,140392.074035,140392.074035,8453484.0944833,25544234.029619403,1007721.8977231,25826929.2202571,196734428.5716181,50,0,0
Z3,18,3, 720,18112.0,0.051013,355046.752789,355136.0,1.0,2,5.643089,121068.23482,121068.23482,8453484.0944833,25544234.029619403,1007721.8977231,25826929.2202571,196734428.5716181,50,0,0
Z3,19,3, 720,12544.0,0.050997,245975.253446,250880.0,1.0,2,5.643089,99253.934951,99253.934951,8453484.0944833,25544234.029619403,1007721.8977231,25826929.2202571,196734428.5716181,50,0,0
Z3,20,3, 720,15304.0,0.050903,300650.25637,306080.0,1.0,2,5.643089,110188.935536,110188.935536,8453484.0944833,25544234.029619403,1007721.8977231,25826929.2202571,196734428.5716181,50,0,0
Z3,21,3, 720,12280.0,0.051018,240699.36101,240784.0,1.0,2,5.643089,98198.756464,98198.756464,8453484.0944833,25544234.029619403,1007721.8977231,25826929.2202571,196734428.5716181,50,0,0
Z3,22,3, 720,10368.0,0.051007,203266.218362,203288.0,1.0,2,5.643089,90712.127934,90712.127934,8453484.0944833,25544234.029619403,1007721.8977231,25826929.2202571,196734428.5716181,50,0,0
Z3,23,3, 720,10520.0,0.051022,206185.56701,206272.0,1.0,2,5.643089,91295.997664,91295.997664,8453484.0944833,25544234.029619403,1007721.8977231,25826929.2202571,196734428.5716181,50,0,0
Z3,24,3, 720,15288.0,0.051026,299611.962529,299760.0,1.0,2,5.643089,109981.276768,109981.276768,8453484.0944833,25544234.029619403,1007721.8977231,25826929.2202571,196734428.5716181,50,0,0
Z3,25,3, 720,16344.0,0.051054,320131.625338,320464.0,1.0,2,5.643089,114085.209329,114085.209329,8453484.0944833,25544234.029619403,1007721.8977231,25826929.2202571,196734428.5716181,50,0,0
Z3,26,3, 720,9016.0,0.051011,176746.191998,176784.0,1.0,2,5.643089,85408.122661,85408.122661,8453484.0944833,25544234.029619403,1007721.8977231,25826929.2202571,196734428.5716181,50,0,0
Z3,27,3, 720,13800.0,0.051021,270476.862468,270584.0,1.0,2,5.643089,104154.256756,104154.256756,8453484.0944833,25544234.029619403,1007721.8977231,25826929.2202571,196734428.5716181,50,0,0
Z3,28,3, 720,17664.0,0.050979,346495.615842,353280.0,1.0,2,5.643089,119358.00743,119358.00743,8453484.0944833,25544234.029619403,1007721.8977231,25826929.2202571,196734428.5716181,50,0,0
Z3,29,3, 720,10240.0,0.050998,200792.187929,204800.0,1.0,2,5.643089,90217.321848,90217.321848,8453484.0944833,25544234.029619403,1007721.8977231,25826929.2202571,196734428.5716181,50,0,0
Z3,30,3, 720,6872.0,0.050848,135147.891756,137440.0,1.0,2,5.643089,77088.462613,77088.462613,8453484.0944833,25544234.029619403,1007721.8977231,25826929.2202571,196734428.5716181,50,0,0
Z3,31,3, 720,6872.0,0.050936,134914.402387,137440.0,1.0,2,5.643089,77041.764739,77041.764739,8453484.0944833,25544234.029619403,1007721.8977231,25826929.2202571,196734428.5716181,50,0,0
Z3,32,3, 720,6376.0,0.05094,125166.862976,127520.0,1.0,2,5.643089,75092.256857,75092.256857,8453484.0944833,25544234.029619403,1007721.8977231,25826929.2202571,196734428.5716181,50,0,0
Z3,33,3, 720,6872.0,0.050936,134914.402387,137440.0,1.0,2,5.643089,77041.764739,77041.764739,8453484.0944833,25544234.029619403,1007721.8977231,25826929.2202571,196734428.5716181,50,0,0
Z3,34,3, 720,6872.0,0.050936,134914.402387,137440.0,1.0,2,5.643089,77041.764739,77041.764739,8453484.0944833,25544234.029619403,1007721.8977231,25826929.2202571,196734428.5716181,50,0,0
Z3,35,3, 720,6376.0,0.050925,125203.730977,127520.0,1.0,2,5.643089,75099.630457,75099.630457,8453484.0944833,25544234.029619403,1007721.8977231,25826929.2202571,196734428.5716181,50,0,0
Z3,36,3, 720,6872.0,0.050913,134975.350107,137440.0,1.0,2,5.643089,77053.954283,77053.954283,8453484.0944833,25544234.029619403,1007721.8977231,25826929.2202571,196734428.5716181,50,0,0
Z3,37,3, 720,6872.0,0.050869,135092.099314,137440.0,1.0,2,5.643089,77077.304125,77077.304125,8453484.0944833,25544234.029619403,1007721.8977231,25826929.2202571,196734428.5716181,50,0,0
Z3,38,3, 720,6376.0,0.050951,125139.840239,127520.0,1.0,2,5.643089,75086.85231,75086.85231,8453484.0944833,25544234.029619403,1007721.8977231,25826929.2202571,196734428.5716181,50,0,0
Z1,0,4, 720,22592.0,0.171747,131542.326795,132112.0,1.0,2,8.46387,101395.317668,101395.317668,8453484.0944833,25544234.029619403,1007721.8977231,25826929.2202571,196734428.5716181,50,0,0
Z2,0,4, 720,6624.0,0.17262,38373.305527,38504.0,1.0,2,8.46387,82761.513415,82761.513415,8453484.0944833,25544234.029619403,1007721.8977231,25826929.2202571,196734428.5716181,50,0,0
Z2,1,4, 720,6648.0,0.050872,130680.924674,132960.0,1.0,2,8.46387,101223.037244,101223.037244,8453484.0944833,25544234.029619403,1007721.8977231,25826929.2202571,196734428.5716181,50,0,0
Z2,2,4, 720,7200.0,0.050979,141234.626022,144000.0,1.0,2,8.46387,103333.777514,103333.777514,8453484.0944833,25544234.029619403,1007721.8977231,25826929.2202571,196734428.5716181,50,0,0
Z2,3,4, 720,7296.0,0.050946,143210.458132,145920.0,1.0,2,8.46387,103728.943936,103728.943936,8453484.0944833,25544234.029619403,1007721.8977231,25826929.2202571,196734428.5716181,50,0,0
Z2,4,4, 720,17272.0,0.051031,338460.93551,338664.0,1.0,2,8.46387,142779.039412,142779.039412,8453484.0944833,25544234.029619403,1007721.8977231,25826929.2202571,196734428.5716181,50,0,0
Z2,5,4, 720,26240.0,0.050926,515257.432353,524800.0,1.0,2,8.46387,178138.33878,178138.33878,8453484.0944833,25544234.029619403,1007721.8977231,25826929.2202571,196734428.5716181,50,0,0
Z2,6,4, 720,12720.0,0.050875,250024.570025,254400.0,1.0,2,8.46387,125091.766314,125091.766314,8453484.0944833,25544234.029619403,1007721.8977231,25826929.2202571,196734428.5716181,50,0,0
Z2,7,4, 720,11496.0,0.050962,225579.843805,229920.0,1.0,2,8.46387,120202.821071,120202.821071,8453484.0944833,25544234.029619403,1007721.8977231,25826929.2202571,196734428.5716181,50,0,0
Z3,0,4, 720,6448.0,0.171784,37535.50971,37704.0,1.0,2,8.46387,82593.954252,82593.954252,8453484.0944833,25544234.029619403,1007721.8977231,25826929.2202571,196734428.5716181,50,0,0
Z3,1,4, 720,7448.0,0.050925,146254.295533,148960.0,1.0,2,8.46387,104337.711416,104337.711416,8453484.0944833,25544234.029619403,1007721.8977231,25826929.2202571,196734428.5716181,50,0,0
Z3,2,4, 720,7424.0,0.050932,145762.978088,148480.0,1.0,2,8.46387,104239.447927,104239.447927,8453484.0944833,25544234.029619403,1007721.8977231,25826929.2202571,196734428.5716181,50,0,0
Z3,3,4, 720,6648.0,0.050955,130468.060053,132960.0,1.0,2,8.46387,101180.46432,101180.46432,8453484.0944833,25544234.029619403,1007721.8977231,25826929.2202571,196734428.5716181,50,0,0
Z3,4,4, 720,7224.0,0.050892,141947.653855,144480.0,1.0,2,8.46387,103476.383081,103476.383081,8453484.0944833,25544234.029619403,1007721.8977231,25826929.2202571,196734428.5716181,50,0,0
Z3,5,4, 720,7240.0,0.050936,142139.155018,144800.0,1.0,2,8.46387,103514.683313,103514.683313,8453484.0944833,25544234.029619403,1007721.8977231,25826929.2202571,196734428.5716181,50,0,0
Z3,6,4, 720,6648.0,0.050929,130534.665907,132960.0,1.0,2,8.46387,101193.785491,101193.785491,8453484.0944833,25544234.029619403,1007721.8977231,25826929.2202571,196734428.5716181,50,0,0
Z3,7,4, 720,7232.0,0.050945,141957.012464,144640.0,1.0,2,8.46387,103478.254802,103478.254802,8453484.0944833,25544234.029619403,1007721.8977231,25826929.2202571,196734428.5716181,50,0,0
Z3,8,4, 720,7296.0,0.050953,143190.783663,145920.0,1.0,2,8.46387,103725.009042,103725.009042,8453484.0944833,25544234.029619403,1007721.8977231,25826929.2202571,196734428.5716181,50,0,0
Z3,9,4, 720,16456.0,0.050999,322672.993588,329120.0,1.0,2,8.46387,139621.451027,139621.451027,8453484.0944833,25544234.029619403,1007721.8977231,25826929.2202571,196734428.5716181,50,0,0
Z3,10,4, 720,25392.0,0.051025,497638.412543,497880.0,1.0,2,8.46387,174614.534818,174614.534818,8453484.0944833,25544234.029619403,1007721.8977231,25826929.2202571,196734428.5716181,50,0,0
Z3,11,4, 720,21592.0,0.051039,423049.040929,423368.0,1.0,2,8.46387,159696.660495,159696.660495,8453484.0944833,25544234.029619403,1007721.8977231,25826929.2202571,196734428.5716181,50,0,0
Z3,12,4, 720,13528.0,0.050976,265379.786566,270560.0,1.0,2,8.46387,128162.809623,128162.809623,8453484.0944833,25544234.029619403,1007721.8977231,25826929.2202571,196734428.5716181,50,0,0
Z3,13,4, 720,29512.0,0.051043,578179.182258,578664.0,1.0,2,8.46387,190722.688761,190722.688761,8453484.0944833,25544234.029619403,1007721.8977231,25826929.2202571,196734428.5716181,50,0,0
Z3,14,4, 720,29688.0,0.051071,581308.374616,582112.0,1.0,2,8.46387,191348.527233,191348.527233,8453484.0944833,25544234.029619403,1007721.8977231,25826929.2202571,196734428.5716181,50,0,0
Z3,15,4, 720,16760.0,0.050966,328846.682102,335200.0,1.0,2,8.46387,140856.18873,140856.18873,8453484.0944833,25544234.029619403,1007721.8977231,25826929.2202571,196734428.5716181,50,0,0
Z3,16,4, 720,33128.0,0.051091,648411.657631,649568.0,1.0,2,8.46387,204769.183836,204769.183836,8453484.0944833,25544234.029619403,1007721.8977231,25826929.2202571,196734428.5716181,50,0,0
Z3,17,4, 720,26248.0,0.05105,514162.5857,514664.0,1.0,2,8.46387,177919.36945,177919.36945,8453484.0944833,25544234.029619403,1007721.8977231,25826929.2202571,196734428.5716181,50,0,0
Z3,18,4, 720,14624.0,0.05104,286520.376176,286744.0,1.0,2,8.46387,132390.927545,132390.927545,8453484.0944833,25544234.029619403,1007721.8977231,25826929.2202571,196734428.5716181,50,0,0
Z3,19,4, 720,26816.0,0.051046,525330.094425,525800.0,1.0,2,8.46387,180152.871194,180152.871194,8453484.0944833,25544234.029619403,1007721.8977231,25826929.2202571,196734428.5716181,50,0,0
Z3,20,4, 720,23128.0,0.051034,453188.070698,453488.0,1.0,2,8.46387,165724.466449,165724.466449,8453484.0944833,25544234.029619403,1007721.8977231,25826929.2202571,196734428.5716181,50,0,0
Z3,21,4, 720,19440.0,0.051021,381019.580173,381176.0,1.0,2,8.46387,151290.768344,151290.768344,8453484.0944833,25544234.029619403,1007721.8977231,25826929.2202571,196734428.5716181,50,0,0
Z3,22,4, 720,29088.0,0.051035,569961.790928,570352.0,1.0,2,8.46387,189079.210495,189079.210495,8453484.0944833,25544234.029619403,1007721.8977231,25826929.2202571,196734428.5716181,50,0,0
Z3,23,4, 720,29840.0,0.050969,585453.903353,596800.0,1.0,2,8.46387,192177.63298,192177.63298,8453484.0944833,25544234.029619403,1007721.8977231,25826929.2202571,196734428.5716181,50,0,0
Z3,24,4, 720,17200.0,0.050944,337625.628141,344000.0,1.0,2,8.46387,142611.977938,142611.977938,8453484.0944833,25544234.029619403,1007721.8977231,25826929.2202571,196734428.5716181,50,0,0
Z3,25,4, 720,25664.0,0.051001,503205.819494,503208.0,1.0,2,8.46387,175728.016208,175728.016208,8453484.0944833,25544234.029619403,1007721.8977231,25826929.2202571,196734428.5716181,50,0,0
Z3,26,4, 720,26808.0,0.051066,524967.688873,525640.0,1.0,2,8.46387,180080.390084,180080.390084,8453484.0944833,25544234.029619403,1007721.8977231,25826929.2202571,196734428.5716181,50,0,0
Z3,27,4, 720,17472.0,0.050986,342682.304946,349440.0,1.0,2,8.46387,143623.313299,143623.313299,8453484.0944833,25544234.029619403,1007721.8977231,25826929.2202571,196734428.5716181,50,0,0
Z3,28,4, 720,6448.0,0.050942,126575.320953,128960.0,1.0,2,8.46387,100401.9165,100401.9165,8453484.0944833,25544234.029619403,1007721.8977231,25826929.2202571,196734428.5716181,50,0,0
Z3,29,4, 720,7200.0,0.050939,141345.530929,144000.0,1.0,2,8.46387,103355.958495,103355.958495,8453484.0944833,25544234.029619403,1007721.8977231,25826929.2202571,196734428.5716181,50,0,0
Z3,30,4, 720,7520.0,0.050924,147671.039196,150400.0,1.0,2,8.46387,104621.060149,104621.060149,8453484.0944833,25544234.029619403,1007721.8977231,25826929.2202571,196734428.5716181,50,0,0
Z3,31,4, 720,6728.0,0.050912,132149.591452,134560.0,1.0,2,8.46387,101516.7706,101516.7706,8453484.0944833,25544234.029619403,1007721.8977231,25826929.2202571,196734428.5716181,50,0,0
Z3,32,4, 720,7224.0,0.05094,141813.898704,144480.0,1.0,2,8.46387,103449.63205,103449.63205,8453484.0944833,25544234.029619403,1007721.8977231,25826929.2202571,196734428.5716181,50,0,0
Z3,33,4, 720,7256.0,0.050847,142702.617657,145120.0,1.0,2,8.46387,103627.375841,103627.375841,8453484.0944833,25544234.029619403,1007721.8977231,25826929.2202571,196734428.5716181,50,0,0
Z3,34,4, 720,6544.0,0.050882,128611.296726,130880.0,1.0,2,8.46387,100809.111655,100809.111655,8453484.0944833,25544234.029619403,1007721.8977231,25826929.2202571,196734428.5716181,50,0,0
Z3,35,4, 720,12272.0,0.050981,240717.129911,245440.0,1.0,2,8.46387,123230.278292,123230.278292,8453484.0944833,25544234.029619403,1007721.8977231,25826929.2202571,196734428.5716181,50,0,0
Z3,36,4, 720,8544.0,0.050932,167753.082541,170880.0,1.0,2,8.46387,108637.468818,108637.468818,8453484.0944833,25544234.029619403,1007721.8977231,25826929.2202571,196734428.5716181,50,0,0
Z3,37,4, 720,6424.0,0.050951,126081.921846,128480.0,1.0,2,8.46387,100303.236679,100303.236679,8453484.0944833,25544234.029619403,1007721.8977231,25826929.2202571,196734428.5716181,50,0,0
Z3,38,4, 720,6872.0,0.050893,135028.392903,137440.0,1.0,2,8.46387,102092.53089,102092.53089,8453484.0944833,25544234.029619403,1007721.8977231,25826929.2202571,196734428.5716181,50,0,0
Z1,0,5, 720,20272.0,0.173656,116736.536601,117176.0,1.0,2,11.280101,125439.83821,125439.83821,8453484.0944833,25544234.029619403,1007721.8977231,25826929.2202571,196734428.5716181,50,0,0
Z2,0,5, 720,6624.0,0.172787,38336.217424,38504.0,1.0,2,11.280101,109759.774375,109759.774375,8453484.0944833,25544234.029619403,1007721.8977231,25826929.2202571,196734428.5716181,50,0,0
Z2,1,5, 720,7616.0,0.050955,149465.214405,152320.0,1.0,2,11.280101,131985.573771,131985.573771,8453484.0944833,25544234.029619403,1007721.8977231,25826929.2202571,196734428.5716181,50,0,0
Z2,2,5, 720,8792.0,0.050888,172771.576796,175840.0,1.0,2,11.280101,136646.846249,136646.846249,8453484.0944833,25544234.029619403,1007721.8977231,25826929.2202571,196734428.5716181,50,0,0
Z2,3,5, 720,8816.0,0.050923,173124.128586,176320.0,1.0,2,11.280101,136717.356607,136717.356607,8453484.0944833,25544234.029619403,1007721.8977231,25826929.2202571,196734428.5716181,50,0,0
Z2,4,5, 720,14976.0,0.050991,293698.888039,299520.0,1.0,2,11.280101,160832.308498,160832.308498,8453484.0944833,25544234.029619403,1007721.8977231,25826929.2202571,196734428.5716181,50,0,0
Z2,5,5, 720,25312.0,0.051101,495332.772353,496312.0,1.0,2,11.280101,201159.085361,201159.085361,8453484.0944833,25544234.029619403,1007721.8977231,25826929.2202571,196734428.5716181,50,0,0
Z2,6,5, 720,13208.0,0.05097,259132.823229,264160.0,1.0,2,11.280101,153919.095536,153919.095536,8453484.0944833,25544234.029619403,1007721.8977231,25826929.2202571,196734428.5716181,50,0,0
Z2,7,5, 720,16320.0,0.050994,320037.651488,326400.0,1.0,2,11.280101,166100.061188,166100.061188,8453484.0944833,25544234.029619403,1007721.8977231,25826929.2202571,196734428.5716181,50,0,0
Z3,0,5, 720,7712.0,0.173614,44420.380845,44576.0,1.0,2,11.280101,110976.607059,110976.607059,8453484.0944833,25544234.029619403,1007721.8977231,25826929.2202571,196734428.5716181,50,0,0
Z3,1,5, 720,9624.0,0.050982,188772.507944,192480.0,1.0,2,11.280101,139847.032479,139847.032479,8453484.0944833,25544234.029619403,1007721.8977231,25826929.2202571,196734428.5716181,50,0,0
Z3,2,5, 720,9096.0,0.050997,178363.433143,181920.0,1.0,2,11.280101,137765.217519,137765.217519,8453484.0944833,25544234.029619403,1007721.8977231,25826929.2202571,196734428.5716181,50,0,0
Z3,3,5, 720,7632.0,0.050911,149908.664139,152640.0,1.0,2,11.280101,132074.263718,132074.263718,8453484.0944833,25544234.029619403,1007721.8977231,25826929.2202571,196734428.5716181,50,0,0
Z3,4,5, 720,8304.0,0.050893,163165.85778,166080.0,1.0,2,11.280101,134725.702446,134725.702446,8453484.0944833,25544234.029619403,1007721.8977231,25826929.2202571,196734428.5716181,50,0,0
Z3,5,5, 720,8504.0,0.050927,166984.114517,170080.0,1.0,2,11.280101,135489.353793,135489.353793,8453484.0944833,25544234.029619403,1007721.8977231,25826929.2202571,196734428.5716181,50,0,0
Z3,6,5, 720,7384.0,0.050941,144952.003298,147680.0,1.0,2,11.280101,131082.93155,131082.93155,8453484.0944833,25544234.029619403,1007721.8977231,25826929.2202571,196734428.5716181,50,0,0
Z3,7,5, 720,8968.0,0.050928,176091.737355,179360.0,1.0,2,11.280101,137310.878361,137310.878361,8453484.0944833,25544234.029619403,1007721.8977231,25826929.2202571,196734428.5716181,50,0,0
Z3,8,5, 720,8912.0,0.050841,175291.595366,178240.0,1.0,2,11.280101,137150.849963,137150.849963,8453484.0944833,25544234.029619403,1007721.8977231,25826929.2202571,196734428.5716181,50,0,0
Z3,9,5, 720,16688.0,0.050973,327389.009868,333760.0,1.0,2,11.280101,167570.332864,167570.332864,8453484.0944833,25544234.029619403,1007721.8977231,25826929.2202571,196734428.5716181,50,0,0
Z3,10,5, 720,23832.0,0.051049,466845.579737,467288.0,1.0,2,11.280101,195461.646838,195461.646838,8453484.0944833,25544234.029619403,1007721.8977231,25826929.2202571,196734428.5716181,50,0,0
Z3,11,5, 720,21144.0,0.050955,414954.371504,422880.0,1.0,2,11.280101,185083.405191,185083.405191,8453484.0944833,25544234.029619403,1007721.8977231,25826929.2202571,196734428.5716181,50,0,0
Z3,12,5, 720,14272.0,0.050956,280084.779025,285440.0,1.0,2,11.280101,158109.486695,158109.486695,8453484.0944833,25544234.029619403,1007721.8977231,25826929.2202571,196734428.5716181,50,0,0
Z3,13,5, 720,27640.0,0.051032,541620.943722,541960.0,1.0,2,11.280101,210416.719634,210416.719634,8453484.0944833,25544234.029619403,1007721.8977231,25826929.2202571,196734428.5716181,50,0,0
Z3,14,5, 720,33288.0,0.051085,651619.849271,652704.0,1.0,2,11.280101,232416.500744,232416.500744,8453484.0944833,25544234.029619403,1007721.8977231,25826929.2202571,196734428.5716181,50,0,0
Z3,15,5, 720,17576.0,0.050984,344735.603327,351520.0,1.0,2,11.280101,171039.651555,171039.651555,8453484.0944833,25544234.029619403,1007721.8977231,25826929.2202571,196734428.5716181,50,0,0
Z3,16,5, 720,34872.0,0.051084,682640.357059,683760.0,1.0,2,11.280101,238620.602302,238620.602302,8453484.0944833,25544234.029619403,1007721.8977231,25826929.2202571,196734428.5716181,50,0,0
Z3,17,5, 720,27336.0,0.051144,534490.849366,536000.0,1.0,2,11.280101,208990.700763,208990.700763,8453484.0944833,25544234.029619403,1007721.8977231,25826929.2202571,196734428.5716181,50,0,0
Z3,18,5, 720,18312.0,0.050966,359298.355767,366240.0,1.0,2,11.280101,173952.202043,173952.202043,8453484.0944833,25544234.029619403,1007721.8977231,25826929.2202571,196734428.5716181,50,0,0
Z3,19,5, 720,41432.0,0.051092,810929.304001,812392.0,1.0,2,11.280101,264278.39169,264278.39169,8453484.0944833,25544234.029619403,1007721.8977231,25826929.2202571,196734428.5716181,50,0,0
Z3,20,5, 720,36760.0,0.051009,720657.138936,720784.0,1.0,2,11.280101,246223.958677,246223.958677,8453484.0944833,25544234.029619403,1007721.8977231,25826929.2202571,196734428.5716181,50,0,0
Z3,21,5, 720,21272.0,0.051028,416869.169868,417096.0,1.0,2,11.280101,185466.364864,185466.364864,8453484.0944833,25544234.029619403,1007721.8977231,25826929.2202571,196734428.5716181,50,0,0
Z3,22,5, 720,43464.0,0.051117,850284.641117,852232.0,1.0,2,11.280101,272149.459114,272149.459114,8453484.0944833,25544234.029619403,1007721.8977231,25826929.2202571,196734428.5716181,50,0,0
Z3,23,5, 720,42000.0,0.05109,822078.684674,823528.0,1.0,2,11.280101,266508.267825,266508.267825,8453484.0944833,25544234.029619403,1007721.8977231,25826929.2202571,196734428.5716181,50,0,0
Z3,24,5, 720,20304.0,0.051075,397533.039648,398112.0,1.0,2,11.280101,181599.13882,181599.13882,8453484.0944833,25544234.029619403,1007721.8977231,25826929.2202571,196734428.5716181,50,0,0
Z3,25,5, 720,32736.0,0.051158,639899.917901,641880.0,1.0,2,11.280101,230072.51447,230072.51447,8453484.0944833,25544234.029619403,1007721.8977231,25826929.2202571,196734428.5716181,50,0,0
Z3,26,5, 720,34608.0,0.051101,677247.020606,678584.0,1.0,2,11.280101,237541.935011,237541.935011,8453484.0944833,25544234.029619403,1007721.8977231,25826929.2202571,196734428.5716181,50,0,0
Z3,27,5, 720,21272.0,0.051015,416975.399392,417096.0,1.0,2,11.280101,185487.610769,185487.610769,8453484.0944833,25544234.029619403,1007721.8977231,25826929.2202571,196734428.5716181,50,0,0
Z3,28,5, 720,8752.0,0.050954,171762.766417,175040.0,1.0,2,11.280101,136445.084173,136445.084173,8453484.0944833,25544234.029619403,1007721.8977231,25826929.2202571,196734428.5716181,50,0,0
Z3,29,5, 720,12760.0,0.050985,250269.687163,255200.0,1.0,2,11.280101,152146.468323,152146.468323,8453484.0944833,25544234.029619403,1007721.8977231,25826929.2202571,196734428.5716181,50,0,0
Z3,30,5, 720,15440.0,0.051014,302662.014349,302744.0,1.0,2,11.280101,162624.93376,162624.93376,8453484.0944833,25544234.029619403,1007721.8977231,25826929.2202571,196734428.5716181,50,0,0
Z3,31,5, 720,10000.0,0.051008,196047.678795,196072.0,1.0,2,11.280101,141302.066649,141302.066649,8453484.0944833,25544234.029619403,1007721.8977231,25826929.2202571,196734428.5716181,50,0,0
Z3,32,5, 720,15200.0,0.051031,297858.164645,298032.0,1.0,2,11.280101,161664.163819,161664.163819,8453484.0944833,25544234.029619403,1007721.8977231,25826929.2202571,196734428.5716181,50,0,0
Z3,33,5, 720,18352.0,0.051008,359786.700125,359840.0,1.0,2,11.280101,174049.870915,174049.870915,8453484.0944833,25544234.029619403,1007721.8977231,25826929.2202571,196734428.5716181,50,0,0
Z3,34,5, 720,11224.0,0.050925,220402.552774,224480.0,1.0,2,11.280101,146173.041445,146173.041445,8453484.0944833,25544234.029619403,1007721.8977231,25826929.2202571,196734428.5716181,50,0,0
Z3,35,5, 720,23240.0,0.051047,455266.714988,455680.0,1.0,2,11.280101,193145.873888,193145.873888,8453484.0944833,25544234.029619403,1007721.8977231,25826929.2202571,196734428.5716181,50,0,0
Z3,36,5, 720,16824.0,0.050919,330407.117186,336480.0,1.0,2,11.280101,168173.954327,168173.954327,8453484.0944833,25544234.029619403,1007721.8977231,25826929.2202571,196734428.5716181,50,0,0
Z3,37,5, 720,9680.0,0.050918,190109.587965,193600.0,1.0,2,11.280101,140114.448483,140114.448483,8453484.0944833,25544234.029619403,1007721.8977231,25826929.2202571,196734428.5716181,50,0,0
Z3,38,5, 720,12888.0,0.050916,253122.790478,257760.0,1.0,2,11.280101,152717.088986,152717.088986,8453484.0944833,25544234.029619403,1007721.8977231,25826929.2202571,196734428.5716181,50,0,0
Z1,0,6, 720,14912.0,0.172579,86406.804999,86696.0,1.0,2,14.101624,144971.9555,144971.9555,8453484.0944833,25544234.029619403,1007721.8977231,25826929.2202571,196734428.5716181,50,0,0
Z2,0,6, 720,6624.0,0.173018,38285.033927,38288.0,1.0,2,14.101624,135347.601286,135347.601286,8453484.0944833,25544234.029619403,1007721.8977231,25826929.2202571,196734428.5716181,50,0,0
Z2,1,6, 720,6768.0,0.050943,132854.366645,135360.0,1.0,2,14.101624,154261.46783,154261.46783,8453484.0944833,25544234.029619403,1007721.8977231,25826929.2202571,196734428.5716181,50,0,0
Z2,2,6, 720,7488.0,0.050969,146912.829367,149760.0,1.0,2,14.101624,157073.160374,157073.160374,8453484.0944833,25544234.029619403,1007721.8977231,25826929.2202571,196734428.5716181,50,0,0
Z2,3,6, 720,7752.0,0.050953,152140.207642,155040.0,1.0,2,14.101624,158118.636029,158118.636029,8453484.0944833,25544234.029619403,1007721.8977231,25826929.2202571,196734428.5716181,50,0,0
Z2,4,6, 720,10768.0,0.050994,211162.097502,215360.0,1.0,2,14.101624,169923.014001,169923.014001,8453484.0944833,25544234.029619403,1007721.8977231,25826929.2202571,196734428.5716181,50,0,0
Z2,5,6, 720,17456.0,0.051022,342126.92564,342272.0,1.0,2,14.101624,196115.979629,196115.979629,8453484.0944833,25544234.029619403,1007721.8977231,25826929.2202571,196734428.5716181,50,0,0
Z2,6,6, 720,9568.0,0.051003,187596.808031,187600.0,1.0,2,14.101624,165209.956107,165209.956107,8453484.0944833,25544234.029619403,1007721.8977231,25826929.2202571,196734428.5716181,50,0,0
Z2,7,6, 720,12800.0,0.05094,251276.010993,256000.0,1.0,2,14.101624,177945.796699,177945.796699,8453484.0944833,25544234.029619403,1007721.8977231,25826929.2202571,196734428.5716181,50,0,0
Z3,0,6, 720,6760.0,0.173183,39033.854362,39072.0,1.0,2,14.101624,135497.365373,135497.365373,8453484.0944833,25544234.029619403,1007721.8977231,25826929.2202571,196734428.5716181,50,0,0
Z3,1,6, 720,8320.0,0.051007,163114.866587,163136.0,1.0,2,14.101624,160313.567818,160313.567818,8453484.0944833,25544234.029619403,1007721.8977231,25826929.2202571,196734428.5716181,50,0,0
Z3,2,6, 720,7800.0,0.050954,153079.247949,156000.0,1.0,2,14.101624,158306.44409,158306.44409,8453484.0944833,25544234.029619403,1007721.8977231,25826929.2202571,196734428.5716181,50,0,0
Z3,3,6, 720,6928.0,0.05102,135789.886319,135840.0,1.0,2,14.101624,154848.571764,154848.571764,8453484.0944833,25544234.029619403,1007721.8977231,25826929.2202571,196734428.5716181,50,0,0
Z3,4,6, 720,7472.0,0.05099,146538.536968,149440.0,1.0,2,14.101624,156998.301894,156998.301894,8453484.0944833,25544234.029619403,1007721.8977231,25826929.2202571,196734428.5716181,50,0,0
Z3,5,6, 720,7416.0,0.051015,145369.009115,145408.0,1.0,2,14.101624,156764.396324,156764.396324,8453484.0944833,25544234.029619403,1007721.8977231,25826929.2202571,196734428.5716181,50,0,0
Z3,6,6, 720,6760.0,0.050961,132650.458194,135200.0,1.0,2,14.101624,154220.686139,154220.686139,8453484.0944833,25544234.029619403,1007721.8977231,25826929.2202571,196734428.5716181,50,0,0
Z3,7,6, 720,7600.0,0.050962,149130.724854,152000.0,1.0,2,14.101624,157516.739471,157516.739471,8453484.0944833,25544234.029619403,1007721.8977231,25826929.2202571,196734428.5716181,50,0,0
Z3,8,6, 720,7600.0,0.050979,149080.994135,152000.0,1.0,2,14.101624,157506.793328,157506.793328,8453484.0944833,25544234.029619403,1007721.8977231,25826929.2202571,196734428.5716181,50,0,0
Z3,9,6, 720,12912.0,0.051001,253171.506441,253176.0,1.0,2,14.101624,178324.895789,178324.895789,8453484.0944833,25544234.029619403,1007721.8977231,25826929.2202571,196734428.5716181,50,0,0
Z3,10,6, 720,17552.0,0.051016,344048.925827,344152.0,1.0,2,14.101624,196500.379666,196500.379666,8453484.0944833,25544234.029619403,1007721.8977231,25826929.2202571,196734428.5716181,50,0,0
Z3,11,6, 720,14968.0,0.050991,293541.997607,299360.0,1.0,2,14.101624,186398.994022,186398.994022,8453484.0944833,25544234.029619403,1007721.8977231,25826929.2202571,196734428.5716181,50,0,0
Z3,12,6, 720,10336.0,0.050974,202770.039628,206720.0,1.0,2,14.101624,168244.602426,168244.602426,8453484.0944833,25544234.029619403,1007721.8977231,25826929.2202571,196734428.5716181,50,0,0
Z3,13,6, 720,18344.0,0.050813,361009.977762,366880.0,1.0,2,14.101624,199892.590053,199892.590053,8453484.0944833,25544234.029619403,1007721.8977231,25826929.2202571,196734428.5716181,50,0,0
Z3,14,6, 720,20456.0,0.051056,400658.100909,401096.0,1.0,2,14.101624,207822.214682,207822.214682,8453484.0944833,25544234.029619403,1007721.8977231,25826929.2202571,196734428.5716181,50,0,0
Z3,15,6, 720,12480.0,0.05087,245331.236485,249600.0,1.0,2,14.101624,176756.841798,176756.841798,8453484.0944833,25544234.029619403,1007721.8977231,25826929.2202571,196734428.5716181,50,0,0
Z3,16,6, 720,18912.0,0.050887,371646.98253,378240.0,1.0,2,14.101624,202019.991007,202019.991007,8453484.0944833,25544234.029619403,1007721.8977231,25826929.2202571,196734428.5716181,50,0,0
Z3,17,6, 720,16112.0,0.050806,317127.89828,322240.0,1.0,2,14.101624,191116.174157,191116.174157,8453484.0944833,25544234.029619403,1007721.8977231,25826929.2202571,196734428.5716181,50,0,0
Z3,18,6, 720,16088.0,0.050982,315562.355341,321760.0,1.0,2,14.101624,190803.065569,190803.065569,8453484.0944833,25544234.029619403,1007721.8977231,25826929.2202571,196734428.5716181,50,0,0
Z3,19,6, 720,31984.0,0.050907,628282.947335,639680.0,1.0,2,14.101624,253347.183968,253347.183968,8453484.0944833,25544234.029619403,1007721.8977231,25826929.2202571,196734428.5716181,50,0,0
Z3,20,6, 720,21472.0,0.050913,421739.045038,429440.0,1.0,2,14.101624,212038.403508,212038.403508,8453484.0944833,25544234.029619403,1007721.8977231,25826929.2202571,196734428.5716181,50,0,0
Z3,21,6, 720,19320.0,0.050834,380060.589369,386400.0,1.0,2,14.101624,203702.712374,203702.712374,8453484.0944833,25544234.029619403,1007721.8977231,25826929.2202571,196734428.5716181,50,0,0
Z3,22,6, 720,33040.0,0.050908,649013.907441,660800.0,1.0,2,14.101624,257493.375989,257493.375989,8453484.0944833,25544234.029619403,1007721.8977231,25826929.2202571,196734428.5716181,50,0,0
Z3,23,6, 720,26472.0,0.050879,520293.244757,529440.0,1.0,2,14.101624,231749.243452,231749.243452,8453484.0944833,25544234.029619403,1007721.8977231,25826929.2202571,196734428.5716181,50,0,0
Z3,24,6, 720,12984.0,0.050819,255494.992031,259680.0,1.0,2,14.101624,178789.592907,178789.592907,8453484.0944833,25544234.029619403,1007721.8977231,25826929.2202571,196734428.5716181,50,0,0
Z3,25,6, 720,21128.0,0.050948,414697.338463,422560.0,1.0,2,14.101624,210630.062193,210630.062193,8453484.0944833,25544234.029619403,1007721.8977231,25826929.2202571,196734428.5716181,50,0,0
Z3,26,6, 720,21576.0,0.050964,423357.664234,431520.0,1.0,2,14.101624,212362.127347,212362.127347,8453484.0944833,25544234.029619403,1007721.8977231,25826929.2202571,196734428.5716181,50,0,0
Z3,27,6, 720,14376.0,0.050853,282697.186007,287520.0,1.0,2,14.101624,184230.031702,184230.031702,8453484.0944833,25544234.029619403,1007721.8977231,25826929.2202571,196734428.5716181,50,0,0
Z3,28,6, 720,7048.0,0.050788,138772.938489,140960.0,1.0,2,14.101624,155445.182198,155445.182198,8453484.0944833,25544234.029619403,1007721.8977231,25826929.2202571,196734428.5716181,50,0,0
Z3,29,6, 720,8656.0,0.050887,170102.383713,173120.0,1.0,2,14.101624,161711.071243,161711.071243,8453484.0944833,25544234.029619403,1007721.8977231,25826929.2202571,196734428.5716181,50,0,0
Z3,30,6, 720,9488.0,0.050917,186342.478936,189760.0,1.0,2,14.101624,164959.090288,164959.090288,8453484.0944833,25544234.029619403,1007721.8977231,25826929.2202571,196734428.5716181,50,0,0
Z3,31,6, 720,8424.0,0.050782,165885.549998,168480.0,1.0,2,14.101624,160867.7045,160867.7045,8453484.0944833,25544234.029619403,1007721.8977231,25826929.2202571,196734428.5716181,50,0,0
Z3,32,6, 720,9328.0,0.05082,183549.78355,186560.0,1.0,2,14.101624,164400.551211,164400.551211,8453484.0944833,25544234.029619403,1007721.8977231,25826929.2202571,196734428.5716181,50,0,0
Z3,33,6, 720,8680.0,0.050779,170936.804585,173600.0,1.0,2,14.101624,161877.955417,161877.955417,8453484.0944833,25544234.029619403,1007721.8977231,25826929.2202571,196734428.5716181,50,0,0
Z3,34,6, 720,7160.0,0.050857,140786.912323,143200.0,1.0,2,14.101624,155847.976965,155847.976965,8453484.0944833,25544234.029619403,1007721.8977231,25826929.2202571,196734428.5716181,50,0,0
Z3,35,6, 720,10360.0,0.050897,203548.342731,207200.0,1.0,2,14.101624,168400.263047,168400.263047,8453484.0944833,25544234.029619403,1007721.8977231,25826929.2202571,196734428.5716181,50,0,0
Z3,36,6, 720,9048.0,0.050845,177952.601042,180960.0,1.0,2,14.101624,163281.114709,163281.114709,8453484.0944833,25544234.029619403,1007721.8977231,25826929.2202571,196734428.5716181,50,0,0
Z3,37,6, 720,7176.0,0.050789,141290.436906,143520.0,1.0,2,14.101624,155948.681882,155948.681882,8453484.0944833,25544234.029619403,1007721.8977231,25826929.2202571,196734428.5716181,50,0,0
Z3,38,6, 720,8768.0,0.050818,172537.289937,175360.0,1.0,2,14.101624,162198.052488,162198.052488,8453484.0944833,25544234.029619403,1007721.8977231,25826929.2202571,196734428.5716181,50,0,0
Z1,0,7, 720,7408.0,0.171574,43176.705095,43320.0,1.0,2,16.918952,145801.00373,145801.00373,8453484.0944833,25544234.029619403,1007721.8977231,25826929.2202571,196734428.5716181,50,0,0
Z2,0,7, 720,6624.0,0.172194,38468.239311,38504.0,1.0,2,16.918952,144859.310574,144859.310574,8453484.0944833,25544234.029619403,1007721.8977231,25826929.2202571,196734428.5716181,50,0,0
Z2,1,7, 720,6792.0,0.050928,133364.750236,135840.0,1.0,2,16.918952,163838.612758,163838.612758,8453484.0944833,25544234.029619403,1007721.8977231,25826929.2202571,196734428.5716181,50,0,0
Z2,2,7, 720,7464.0,0.050871,146724.066757,149280.0,1.0,2,16.918952,166510.476063,166510.476063,8453484.0944833,25544234.029619403,1007721.8977231,25826929.2202571,196734428.5716181,50,0,0
Z2,3,7, 720,10144.0,0.050955,199077.617506,202880.0,1.0,2,16.918952,176981.186212,176981.186212,8453484.0944833,25544234.029619403,1007721.8977231,25826929.2202571,196734428.5716181,50,0,0
Z2,4,7, 720,14352.0,0.050993,281450.395152,287040.0,1.0,2,16.918952,193455.741742,193455.741742,8453484.0944833,25544234.029619403,1007721.8977231,25826929.2202571,196734428.5716181,50,0,0
Z2,5,7, 720,15008.0,0.050962,294493.936659,300160.0,1.0,2,16.918952,196064.450043,196064.450043,8453484.0944833,25544234.029619403,1007721.8977231,25826929.2202571,196734428.5716181,50,0,0
Z2,6,7, 720,7168.0,0.050924,140758.777787,143360.0,1.0,2,16.918952,165317.418269,165317.418269,8453484.0944833,25544234.029619403,1007721.8977231,25826929.2202571,196734428.5716181,50,0,0
Z2,7,7, 720,8160.0,0.050903,160304.893621,163200.0,1.0,2,16.918952,169226.641436,169226.641436,8453484.0944833,25544234.029619403,1007721.8977231,25826929.2202571,196734428.5716181,50,0,0
Z3,0,7, 720,6656.0,0.173445,38375.277465,38472.0,1.0,2,16.918952,144840.718204,144840.718204,8453484.0944833,25544234.029619403,1007721.8977231,25826929.2202571,196734428.5716181,50,0,0
Z3,1,7, 720,7664.0,0.050893,150590.454483,153280.0,1.0,2,16.918952,167283.753608,167283.753608,8453484.0944833,25544234.029619403,1007721.8977231,25826929.2202571,196734428.5716181,50,0,0
Z3,2,7, 720,7664.0,0.050943,150442.651591,153280.0,1.0,2,16.918952,167254.193029,167254.193029,8453484.0944833,25544234.029619403,1007721.8977231,25826929.2202571,196734428.5716181,50,0,0
Z3,3,7, 720,6920.0,0.050948,135824.762503,138400.0,1.0,2,16.918952,164330.615212,164330.615212,8453484.0944833,25544234.029619403,1007721.8977231,25826929.2202571,196734428.5716181,50,0,0
Z3,4,7, 720,7504.0,0.050946,147293.212421,150080.0,1.0,2,16.918952,166624.305195,166624.305195,8453484.0944833,25544234.029619403,1007721.8977231,25826929.2202571,196734428.5716181,50,0,0
Z3,5,7, 720,7480.0,0.05091,146925.947751,149600.0,1.0,2,16.918952,166550.852261,166550.852261,8453484.0944833,25544234.029619403,1007721.8977231,25826929.2202571,196734428.5716181,50,0,0
Z3,6,7, 720,6728.0,0.050929,132105.480178,134560.0,1.0,2,16.918952,163586.758747,163586.758747,8453484.0944833,25544234.029619403,1007721.8977231,25826929.2202571,196734428.5716181,50,0,0
Z3,7,7, 720,7632.0,0.050943,149814.498557,152640.0,1.0,2,16.918952,167128.562423,167128.562423,8453484.0944833,25544234.029619403,1007721.8977231,25826929.2202571,196734428.5716181,50,0,0
Z3,8,7, 720,7392.0,0.050945,145097.654333,147840.0,1.0,2,16.918952,166185.193578,166185.193578,8453484.0944833,25544234.029619403,1007721.8977231,25826929.2202571,196734428.5716181,50,0,0
Z3,9,7, 720,12800.0,0.05094,251276.010993,256000.0,1.0,2,16.918952,187420.86491,187420.86491,8453484.0944833,25544234.029619403,1007721.8977231,25826929.2202571,196734428.5716181,50,0,0
Z3,10,7, 720,16760.0,0.051005,328595.235761,328624.0,1.0,2,16.918952,202884.709864,202884.709864,8453484.0944833,25544234.029619403,1007721.8977231,25826929.2202571,196734428.5716181,50,0,0
Z3,11,7, 720,14104.0,0.051006,276516.488256,276544.0,1.0,2,16.918952,192468.960363,192468.960363,8453484.0944833,25544234.029619403,1007721.8977231,25826929.2202571,196734428.5716181,50,0,0
Z3,12,7, 720,9704.0,0.050975,190367.827366,194080.0,1.0,2,16.918952,175239.228185,175239.228185,8453484.0944833,25544234.029619403,1007721.8977231,25826929.2202571,196734428.5716181,50,0,0
Z3,13,7, 720,17248.0,0.050962,338448.255563,344960.0,1.0,2,16.918952,204855.313824,204855.313824,8453484.0944833,25544234.029619403,1007721.8977231,25826929.2202571,196734428.5716181,50,0,0
Z3,14,7, 720,21552.0,0.05105,422174.338883,422584.0,1.0,2,16.918952,221600.530488,221600.530488,8453484.0944833,25544234.029619403,1007721.8977231,25826929.2202571,196734428.5716181,50,0,0
Z3,15,7, 720,16688.0,0.051006,327177.19484,327208.0,1.0,2,16.918952,202601.101679,202601.101679,8453484.0944833,25544234.029619403,1007721.8977231,25826929.2202571,196734428.5716181,50,0,0
Z3,16,7, 720,23312.0,0.051011,456999.470702,457096.0,1.0,2,16.918952,228565.556852,228565.556852,8453484.0944833,25544234.029619403,1007721.8977231,25826929.2202571,196734428.5716181,50,0,0
Z3,17,7, 720,14952.0,0.050909,293700.524465,299040.0,1.0,2,16.918952,195905.767604,195905.767604,8453484.0944833,25544234.029619403,1007721.8977231,25826929.2202571,196734428.5716181,50,0,0
Z3,18,7, 720,16856.0,0.050921,331022.564364,337120.0,1.0,2,16.918952,203370.175584,203370.175584,8453484.0944833,25544234.029619403,1007721.8977231,25826929.2202571,196734428.5716181,50,0,0
Z3,19,7, 720,23928.0,0.051045,468762.856303,469176.0,1.0,2,16.918952,230918.233972,230918.233972,8453484.0944833,25544234.029619403,1007721.8977231,25826929.2202571,196734428.5716181,50,0,0
Z3,20,7, 720,29544.0,0.051191,577132.699107,579288.0,1.0,2,16.918952,252592.202533,252592.202533,8453484.0944833,25544234.029619403,1007721.8977231,25826929.2202571,196734428.5716181,50,0,0
Z3,21,7, 720,31920.0,0.051047,625306.090466,625880.0,1.0,2,16.918952,262226.880804,262226.880804,8453484.0944833,25544234.029619403,1007721.8977231,25826929.2202571,196734428.5716181,50,0,0
Z3,22,7, 720,15096.0,0.051015,295912.966774,296000.0,1.0,2,16.918952,196348.256066,196348.256066,8453484.0944833,25544234.029619403,1007721.8977231,25826929.2202571,196734428.5716181,50,0,0
Z3,23,7, 720,22296.0,0.05101,437090.766516,437176.0,1.0,2,16.918952,224583.816015,224583.816015,8453484.0944833,25544234.029619403,1007721.8977231,25826929.2202571,196734428.5716181,50,0,0
Z3,24,7, 720,24272.0,0.051019,475744.330544,475920.0,1.0,2,16.918952,232314.52882,232314.52882,8453484.0944833,25544234.029619403,1007721.8977231,25826929.2202571,196734428.5716181,50,0,0
Z3,25,7, 720,13368.0,0.050952,262364.578427,267360.0,1.0,2,16.918952,189638.578397,189638.578397,8453484.0944833,25544234.029619403,1007721.8977231,25826929.2202571,196734428.5716181,50,0,0
Z3,26,7, 720,21768.0,0.051043,426463.961758,426816.0,1.0,2,16.918952,222458.455063,222458.455063,8453484.0944833,25544234.029619403,1007721.8977231,25826929.2202571,196734428.5716181,50,0,0
Z3,27,7, 720,21680.0,0.051043,424739.925161,425096.0,1.0,2,16.918952,222113.647744,222113.647744,8453484.0944833,25544234.029619403,1007721.8977231,25826929.2202571,196734428.5716181,50,0,0
Z3,28,7, 720,9672.0,0.050937,189881.61847,193440.0,1.0,2,16.918952,175141.986405,175141.986405,8453484.0944833,25544234.029619403,1007721.8977231,25826929.2202571,196734428.5716181,50,0,0
Z3,29,7, 720,13368.0,0.050951,262369.727778,267360.0,1.0,2,16.918952,189639.608267,189639.608267,8453484.0944833,25544234.029619403,1007721.8977231,25826929.2202571,196734428.5716181,50,0,0
Z3,30,7, 720,13424.0,0.050938,263536.06345,268480.0,1.0,2,16.918952,189872.875401,189872.875401,8453484.0944833,25544234.029619403,1007721.8977231,25826929.2202571,196734428.5716181,50,0,0
Z3,31,7, 720,8064.0,0.050851,158580.952194,161280.0,1.0,2,16.918952,168881.85315,168881.85315,8453484.0944833,25544234.029619403,1007721.8977231,25826929.2202571,196734428.5716181,50,0,0
Z3,32,7, 720,9424.0,0.050981,184853.180597,188480.0,1.0,2,16.918952,174136.298831,174136.298831,8453484.0944833,25544234.029619403,1007721.8977231,25826929.2202571,196734428.5716181,50,0,0
Z3,33,7, 720,7368.0,0.050886,144794.245962,147360.0,1.0,2,16.918952,166124.511904,166124.511904,8453484.0944833,25544234.029619403,1007721.8977231,25826929.2202571,196734428.5716181,50,0,0
Z3,34,7, 720,8792.0,0.050969,172497.007985,175840.0,1.0,2,16.918952,171665.064308,171665.064308,8453484.0944833,25544234.029619403,1007721.8977231,25826929.2202571,196734428.5716181,50,0,0
Z3,35,7, 720,8568.0,0.050918,168270.552653,171360.0,1.0,2,16.918952,170819.773242,170819.773242,8453484.0944833,25544234.029619403,1007721.8977231,25826929.2202571,196734428.5716181,50,0,0
Z3,36,7, 720,7064.0,0.050899,138784.651958,141280.0,1.0,2,16.918952,164922.593103,164922.593103,8453484.0944833,25544234.029619403,1007721.8977231,25826929.2202571,196734428.5716181,50,0,0
Z3,37,7, 720,10104.0,0.050928,198397.737983,202080.0,1.0,2,16.918952,176845.210308,176845.210308,8453484.0944833,25544234.029619403,1007721.8977231,25826929.2202571,196734428.5716181,50,0,0
Z3,38,7, 720,8640.0,0.050952,169571.361281,172800.0,1.0,2,16.918952,171079.934968,171079.934968,8453484.0944833,25544234.029619403,1007721.8977231,25826929.2202571,196734428.5716181,50,0,0
Z1,0,8, 720,7744.0,0.17681,43798.427691,44000.0,1.0,2,19.736911,154811.652458,154811.652458,8453484.0944833,25544234.029619403,1007721.8977231,25826929.2202571,196734428.5716181,50,0,0
Z2,0,8, 720,6624.0,0.174226,38019.583759,38064.0,1.0,2,19.736911,153655.883672,153655.883672,8453484.0944833,25544234.029619403,1007721.8977231,25826929.2202571,196734428.5716181,50,0,0
Z2,1,8, 720,6968.0,0.050909,136871.672985,139360.0,1.0,2,19.736911,173426.301517,173426.301517,8453484.0944833,25544234.029619403,1007721.8977231,25826929.2202571,196734428.5716181,50,0,0
Z2,2,8, 720,7968.0,0.050884,156591.462935,159360.0,1.0,2,19.736911,177370.259507,177370.259507,8453484.0944833,25544234.029619403,1007721.8977231,25826929.2202571,196734428.5716181,50,0,0
Z2,3,8, 720,12752.0,0.050966,250206.019699,255040.0,1.0,2,19.736911,196093.17086,196093.17086,8453484.0944833,25544234.029619403,1007721.8977231,25826929.2202571,196734428.5716181,50,0,0
Z2,4,8, 720,18720.0,0.051002,367044.42963,367056.0,1.0,2,19.736911,219460.852846,219460.852846,8453484.0944833,25544234.029619403,1007721.8977231,25826929.2202571,196734428.5716181,50,0,0
Z2,5,8, 720,25648.0,0.050881,504078.143118,512960.0,1.0,2,19.736911,246867.595543,246867.595543,8453484.0944833,25544234.029619403,1007721.8977231,25826929.2202571,196734428.5716181,50,0,0
Z2,6,8, 720,9784.0,0.05089,192257.810965,195680.0,1.0,2,19.736911,184503.529113,184503.529113,8453484.0944833,25544234.029619403,1007721.8977231,25826929.2202571,196734428.5716181,50,0,0
Z2,7,8, 720,13192.0,0.05073,260043.366844,263840.0,1.0,2,19.736911,198060.640289,198060.640289,8453484.0944833,25544234.029619403,1007721.8977231,25826929.2202571,196734428.5716181,50,0,0
Z3,0,8, 720,6768.0,0.174664,38748.683186,38896.0,1.0,2,19.736911,153801.703557,153801.703557,8453484.0944833,25544234.029619403,1007721.8977231,25826929.2202571,196734428.5716181,50,0,0
Z3,1,8, 720,8032.0,0.050884,157849.22569,160640.0,1.0,2,19.736911,177621.812058,177621.812058,8453484.0944833,25544234.029619403,1007721.8977231,25826929.2202571,196734428.5716181,50,0,0
Z3,2,8, 720,7872.0,0.050838,154844.801133,157440.0,1.0,2,19.736911,177020.927146,177020.927146,8453484.0944833,25544234.029619403,1007721.8977231,25826929.2202571,196734428.5716181,50,0,0
Z3,3,8, 720,7024.0,0.050845,138145.343692,140480.0,1.0,2,19.736911,173681.035658,173681.035658,8453484.0944833,25544234.029619403,1007721.8977231,25826929.2202571,196734428.5716181,50,0,0
Z3,4,8, 720,7816.0,0.050885,153601.257738,156320.0,1.0,2,19.736911,176772.218467,176772.218467,8453484.0944833,25544234.029619403,1007721.8977231,25826929.2202571,196734428.5716181,50,0,0
Z3,5,8, 720,7936.0,0.050875,155990.17199,158720.0,1.0,2,19.736911,177250.001318,177250.001318,8453484.0944833,25544234.029619403,1007721.8977231,25826929.2202571,196734428.5716181,50,0,0
Z3,6,8, 720,6928.0,0.050871,136187.611802,138560.0,1.0,2,19.736911,173289.48928,173289.48928,8453484.0944833,25544234.029619403,1007721.8977231,25826929.2202571,196734428.5716181,50,0,0
Z3,7,8, 720,8048.0,0.050849,158272.5324,160960.0,1.0,2,19.736911,177706.4734,177706.4734,8453484.0944833,25544234.029619403,1007721.8977231,25826929.2202571,196734428.5716181,50,0,0
Z3,8,8, 720,7664.0,0.050878,150634.851999,153280.0,1.0,2,19.736911,176178.93732,176178.93732,8453484.0944833,25544234.029619403,1007721.8977231,25826929.2202571,196734428.5716181,50,0,0
Z3,9,8, 720,14248.0,0.050868,280097.507274,284960.0,1.0,2,19.736911,202071.468375,202071.468375,8453484.0944833,25544234.029619403,1007721.8977231,25826929.2202571,196734428.5716181,50,0,0
Z3,10,8, 720,19448.0,0.050875,382270.27027,388960.0,1.0,2,19.736911,222506.020974,222506.020974,8453484.0944833,25544234.029619403,1007721.8977231,25826929.2202571,196734428.5716181,50,0,0
Z3,11,8, 720,17344.0,0.050963,340325.334066,346880.0,1.0,2,19.736911,214117.033733,214117.033733,8453484.0944833,25544234.029619403,1007721.8977231,25826929.2202571,196734428.5716181,50,0,0
Z3,12,8, 720,11952.0,0.050928,234684.260132,239040.0,1.0,2,19.736911,192988.818946,192988.818946,8453484.0944833,25544234.029619403,1007721.8977231,25826929.2202571,196734428.5716181,50,0,0
Z3,13,8, 720,25224.0,0.050871,495842.424957,504480.0,1.0,2,19.736911,245220.451911,245220.451911,8453484.0944833,25544234.029619403,1007721.8977231,25826929.2202571,196734428.5716181,50,0,0
Z3,14,8, 720,35992.0,0.051011,705573.307718,705720.0,1.0,2,19.736911,287166.628463,287166.628463,8453484.0944833,25544234.029619403,1007721.8977231,25826929.2202571,196734428.5716181,50,0,0
Z3,15,8, 720,20016.0,0.050941,392925.148701,400320.0,1.0,2,19.736911,224636.99666,224636.99666,8453484.0944833,25544234.029619403,1007721.8977231,25826929.2202571,196734428.5716181,50,0,0
Z3,16,8, 720,36432.0,0.05107,713373.800666,714352.0,1.0,2,19.736911,288726.727053,288726.727053,8453484.0944833,25544234.029619403,1007721.8977231,25826929.2202571,196734428.5716181,50,0,0
Z3,17,8, 720,22472.0,0.05097,440886.796155,449440.0,1.0,2,19.736911,234229.326151,234229.326151,8453484.0944833,25544234.029619403,1007721.8977231,25826929.2202571,196734428.5716181,50,0,0
Z3,18,8, 720,21736.0,0.050995,426237.866457,434720.0,1.0,2,19.736911,231299.540211,231299.540211,8453484.0944833,25544234.029619403,1007721.8977231,25826929.2202571,196734428.5716181,50,0,0
Z3,19,8, 720,16848.0,0.051011,330281.703946,330352.0,1.0,2,19.736911,212108.307709,212108.307709,8453484.0944833,25544234.029619403,1007721.8977231,25826929.2202571,196734428.5716181,50,0,0
Z3,20,8, 720,47160.0,0.051116,922607.40277,924704.0,1.0,2,19.736911,330573.447474,330573.447474,8453484.0944833,25544234.029619403,1007721.8977231,25826929.2202571,196734428.5716181,50,0,0
Z3,21,8, 720,39472.0,0.051156,771600.594261,773960.0,1.0,2,19.736911,300372.085772,300372.085772,8453484.0944833,25544234.029619403,1007721.8977231,25826929.2202571,196734428.5716181,50,0,0
Z3,22,8, 720,26968.0,0.051028,528494.160069,528784.0,1.0,2,19.736911,251750.798934,251750.798934,8453484.0944833,25544234.029619403,1007721.8977231,25826929.2202571,196734428.5716181,50,0,0
Z3,23,8, 720,39776.0,0.051071,778837.304928,779920.0,1.0,2,19.736911,301819.427905,301819.427905,8453484.0944833,25544234.029619403,1007721.8977231,25826929.2202571,196734428.5716181,50,0,0
Z3,24,8, 720,34992.0,0.051054,685391.937948,686112.0,1.0,2,19.736911,283130.354509,283130.354509,8453484.0944833,25544234.029619403,1007721.8977231,25826929.2202571,196734428.5716181,50,0,0
Z3,25,8, 720,22464.0,0.051012,440366.972477,440464.0,1.0,2,19.736911,234125.361415,234125.361415,8453484.0944833,25544234.029619403,1007721.8977231,25826929.2202571,196734428.5716181,50,0,0
Z3,26,8, 720,43144.0,0.051065,844883.971409,845960.0,1.0,2,19.736911,315028.761202,315028.761202,8453484.0944833,25544234.029619403,1007721.8977231,25826929.2202571,196734428.5716181,50,0,0
Z3,27,8, 720,43672.0,0.051075,855056.28977,856312.0,1.0,2,19.736911,317063.224874,317063.224874,8453484.0944833,25544234.029619403,1007721.8977231,25826929.2202571,196734428.5716181,50,0,0
Z3,28,8, 720,18320.0,0.050937,359659.972122,366400.0,1.0,2,19.736911,217983.961344,217983.961344,8453484.0944833,25544234.029619403,1007721.8977231,25826929.2202571,196734428.5716181,50,0,0
Z3,29,8, 720,24560.0,0.051074,480870.893214,481568.0,1.0,2,19.736911,242226.145563,242226.145563,8453484.0944833,25544234.029619403,1007721.8977231,25826929.2202571,196734428.5716181,50,0,0
Z3,30,8, 720,19040.0,0.050968,373567.728771,380800.0,1.0,2,19.736911,220765.512674,220765.512674,8453484.0944833,25544234.029619403,1007721.8977231,25826929.2202571,196734428.5716181,50,0,0
Z3,31,8, 720,20160.0,0.050991,395363.887745,403200.0,1.0,2,19.736911,225124.744469,225124.744469,8453484.0944833,25544234.029619403,1007721.8977231,25826929.2202571,196734428.5716181,50,0,0
Z3,32,8, 720,16496.0,0.050945,323800.176661,329920.0,1.0,2,19.736911,210812.002252,210812.002252,8453484.0944833,25544234.029619403,1007721.8977231,25826929.2202571,196734428.5716181,50,0,0
Z3,33,8, 720,11624.0,0.050902,228360.378767,232480.0,1.0,2,19.736911,191724.042673,191724.042673,8453484.0944833,25544234.029619403,1007721.8977231,25826929.2202571,196734428.5716181,50,0,0
Z3,34,8, 720,21024.0,0.050845,413491.985446,420480.0,1.0,2,19.736911,228750.364009,228750.364009,8453484.0944833,25544234.029619403,1007721.8977231,25826929.2202571,196734428.5716181,50,0,0
Z3,35,8, 720,28496.0,0.051042,558285.333647,558744.0,1.0,2,19.736911,257709.033649,257709.033649,8453484.0944833,25544234.029619403,1007721.8977231,25826929.2202571,196734428.5716181,50,0,0
Z3,36,8, 720,12416.0,0.050968,243603.829854,248320.0,1.0,2,19.736911,194772.732891,194772.732891,8453484.0944833,25544234.029619403,1007721.8977231,25826929.2202571,196734428.5716181,50,0,0
Z3,37,8, 720,17312.0,0.050984,339557.508238,346240.0,1.0,2,19.736911,213963.468567,213963.468567,8453484.0944833,25544234.029619403,1007721.8977231,25826929.2202571,196734428.5716181,50,0,0
Z3,38,8, 720,14664.0,0.050996,287551.96486,293280.0,1.0,2,19.736911,203562.359892,203562.359892,8453484.0944833,25544234.029619403,1007721.8977231,25826929.2202571,196734428.5716181,50,0,0
Z1,0,9, 720,7696.0,0.17322,44429.049763,44480.0,1.0,2,22.562852,185442.491264,185442.491264,8453484.0944833,25544234.029619403,1007721.8977231,25826929.2202571,196734428.5716181,50,0,0
Z2,0,9, 720,6624.0,0.172165,38474.71902,38504.0,1.0,2,22.562852,184251.625115,184251.625115,8453484.0944833,25544234.029619403,1007721.8977231,25826929.2202571,196734428.5716181,50,0,0
Z2,1,9, 720,6776.0,0.050865,133215.374029,135520.0,1.0,2,22.562852,203199.756117,203199.756117,8453484.0944833,25544234.029619403,1007721.8977231,25826929.2202571,196734428.5716181,50,0,0
Z2,2,9, 720,7496.0,0.051026,146905.499157,146976.0,1.0,2,22.562852,205937.781143,205937.781143,8453484.0944833,25544234.029619403,1007721.8977231,25826929.2202571,196734428.5716181,50,0,0
Z2,3,9, 720,16056.0,0.051056,314478.219994,314816.0,1.0,2,22.562852,239452.32531,239452.32531,8453484.0944833,25544234.029619403,1007721.8977231,25826929.2202571,196734428.5716181,50,0,0
Z2,4,9, 720,24464.0,0.050993,479752.12284,489280.0,1.0,2,22.562852,272507.105879,272507.105879,8453484.0944833,25544234.029619403,1007721.8977231,25826929.2202571,196734428.5716181,50,0,0
Z2,5,9, 720,36648.0,0.051125,716831.295844,718584.0,1.0,2,22.562852,319922.94048,319922.94048,8453484.0944833,25544234.029619403,1007721.8977231,25826929.2202571,196734428.5716181,50,0,0
Z2,6,9, 720,11344.0,0.051046,222230.928966,222424.0,1.0,2,22.562852,221002.867104,221002.867104,8453484.0944833,25544234.029619403,1007721.8977231,25826929.2202571,196734428.5716181,50,0,0
Z2,7,9, 720,15808.0,0.051002,309948.629466,309960.0,1.0,2,22.562852,238546.407204,238546.407204,8453484.0944833,25544234.029619403,1007721.8977231,25826929.2202571,196734428.5716181,50,0,0
Z3,0,9, 720,6752.0,0.171131,39455.154239,39480.0,1.0,2,22.562852,184447.712159,184447.712159,8453484.0944833,25544234.029619403,1007721.8977231,25826929.2202571,196734428.5716181,50,0,0
Z3,1,9, 720,9824.0,0.051006,192604.791593,192624.0,1.0,2,22.562852,215077.63963,215077.63963,8453484.0944833,25544234.029619403,1007721.8977231,25826929.2202571,196734428.5716181,50,0,0
Z3,2,9, 720,8640.0,0.050989,169448.312381,172800.0,1.0,2,22.562852,210446.343787,210446.343787,8453484.0944833,25544234.029619403,1007721.8977231,25826929.2202571,196734428.5716181,50,0,0
Z3,3,9, 720,7248.0,0.050947,142265.491589,144960.0,1.0,2,22.562852,205009.779629,205009.779629,8453484.0944833,25544234.029619403,1007721.8977231,25826929.2202571,196734428.5716181,50,0,0
Z3,4,9, 720,8336.0,0.051028,163361.29184,163448.0,1.0,2,22.562852,209228.939679,209228.939679,8453484.0944833,25544234.029619403,1007721.8977231,25826929.2202571,196734428.5716181,50,0,0
Z3,5,9, 720,9640.0,0.051077,188734.65552,189016.0,1.0,2,22.562852,214303.612415,214303.612415,8453484.0944833,25544234.029619403,1007721.8977231,25826929.2202571,196734428.5716181,50,0,0
Z3,6,9, 720,10312.0,0.050977,202287.30604,206240.0,1.0,2,22.562852,217014.142519,217014.142519,8453484.0944833,25544234.029619403,1007721.8977231,25826929.2202571,196734428.5716181,50,0,0
Z3,7,9, 720,21208.0,0.051013,415737.165036,415840.0,1.0,2,22.562852,259704.114319,259704.114319,8453484.0944833,25544234.029619403,1007721.8977231,25826929.2202571,196734428.5716181,50,0,0
Z3,8,9, 720,8000.0,0.050792,157505.118916,160000.0,1.0,2,22.562852,208057.705095,208057.705095,8453484.0944833,25544234.029619403,1007721.8977231,25826929.2202571,196734428.5716181,50,0,0
Z3,9,9, 720,16880.0,0.050921,331493.882681,337600.0,1.0,2,22.562852,242855.457847,242855.457847,8453484.0944833,25544234.029619403,1007721.8977231,25826929.2202571,196734428.5716181,50,0,0
Z3,10,9, 720,23240.0,0.051056,455186.461924,455680.0,1.0,2,22.562852,267593.973696,267593.973696,8453484.0944833,25544234.029619403,1007721.8977231,25826929.2202571,196734428.5716181,50,0,0
Z3,11,9, 720,21680.0,0.050879,426109.003715,433600.0,1.0,2,22.562852,261778.482054,261778.482054,8453484.0944833,25544234.029619403,1007721.8977231,25826929.2202571,196734428.5716181,50,0,0
Z3,12,9, 720,16096.0,0.050963,315836.97977,321920.0,1.0,2,22.562852,239724.077265,239724.077265,8453484.0944833,25544234.029619403,1007721.8977231,25826929.2202571,196734428.5716181,50,0,0
Z3,13,9, 720,39872.0,0.051077,780625.330384,781800.0,1.0,2,22.562852,332681.747388,332681.747388,8453484.0944833,25544234.029619403,1007721.8977231,25826929.2202571,196734428.5716181,50,0,0
Z3,14,9, 720,46392.0,0.051107,907742.579294,909640.0,1.0,2,22.562852,358105.19717,358105.19717,8453484.0944833,25544234.029619403,1007721.8977231,25826929.2202571,196734428.5716181,50,0,0
Z3,15,9, 720,26168.0,0.051053,512565.37324,513096.0,1.0,2,22.562852,279069.755959,279069.755959,8453484.0944833,25544234.029619403,1007721.8977231,25826929.2202571,196734428.5716181,50,0,0
Z3,16,9, 720,48816.0,0.051112,955079.042104,957176.0,1.0,2,22.562852,367572.489732,367572.489732,8453484.0944833,25544234.029619403,1007721.8977231,25826929.2202571,196734428.5716181,50,0,0
Z3,17,9, 720,38664.0,0.051108,756515.613994,758112.0,1.0,2,22.562852,327859.80411,327859.80411,8453484.0944833,25544234.029619403,1007721.8977231,25826929.2202571,196734428.5716181,50,0,0
Z3,18,9, 720,26344.0,0.050977,516782.078192,526880.0,1.0,2,22.562852,279913.09695,279913.09695,8453484.0944833,25544234.029619403,1007721.8977231,25826929.2202571,196734428.5716181,50,0,0
Z3,19,9, 720,19912.0,0.051,390431.372549,390424.0,1.0,2,22.562852,254642.955821,254642.955821,8453484.0944833,25544234.029619403,1007721.8977231,25826929.2202571,196734428.5716181,50,0,0
Z3,20,9, 720,61688.0,0.051065,1208028.982669,1209568.0,1.0,2,22.562852,418162.477845,418162.477845,8453484.0944833,25544234.029619403,1007721.8977231,25826929.2202571,196734428.5716181,50,0,0
Z3,21,9, 720,59200.0,0.051139,1157629.206672,1160784.0,1.0,2,22.562852,408082.522646,408082.522646,8453484.0944833,25544234.029619403,1007721.8977231,25826929.2202571,196734428.5716181,50,0,0
Z3,22,9, 720,41064.0,0.051058,804261.819891,805176.0,1.0,2,22.562852,337409.045289,337409.045289,8453484.0944833,25544234.029619403,1007721.8977231,25826929.2202571,196734428.5716181,50,0,0
Z3,23,9, 720,55576.0,0.051224,1084960.174918,1089720.0,1.0,2,22.562852,393548.716295,393548.716295,8453484.0944833,25544234.029619403,1007721.8977231,25826929.2202571,196734428.5716181,50,0,0
Z3,24,9, 720,50200.0,0.051132,981772.666823,984312.0,1.0,2,22.562852,372911.214676,372911.214676,8453484.0944833,25544234.029619403,1007721.8977231,25826929.2202571,196734428.5716181,50,0,0
Z3,25,9, 720,30056.0,0.051003,589298.668706,589328.0,1.0,2,22.562852,294416.415052,294416.415052,8453484.0944833,25544234.029619403,1007721.8977231,25826929.2202571,196734428.5716181,50,0,0
Z3,26,9, 720,59504.0,0.051139,1163573.789085,1166744.0,1.0,2,22.562852,409271.439128,409271.439128,8453484.0944833,25544234.029619403,1007721.8977231,25826929.2202571,196734428.5716181,50,0,0
Z3,27,9, 720,65232.0,0.051209,1273838.583062,1279056.0,1.0,2,22.562852,431324.397924,431324.397924,8453484.0944833,25544234.029619403,1007721.8977231,25826929.2202571,196734428.5716181,50,0,0
Z3,28,9, 720,23952.0,0.051,469647.058824,469640.0,1.0,2,22.562852,270486.093076,270486.093076,8453484.0944833,25544234.029619403,1007721.8977231,25826929.2202571,196734428.5716181,50,0,0
Z3,29,9, 720,32816.0,0.051041,642934.111792,643448.0,1.0,2,22.562852,305143.50367,305143.50367,8453484.0944833,25544234.029619403,1007721.8977231,25826929.2202571,196734428.5716181,50,0,0
Z3,30,9, 720,8856.0,0.050954,173803.823056,177120.0,1.0,2,22.562852,211317.445922,211317.445922,8453484.0944833,25544234.029619403,1007721.8977231,25826929.2202571,196734428.5716181,50,0,0
Z3,31,9, 720,14088.0,0.050996,276256.96133,281760.0,1.0,2,22.562852,231808.073577,231808.073577,8453484.0944833,25544234.029619403,1007721.8977231,25826929.2202571,196734428.5716181,50,0,0
Z3,32,9, 720,15104.0,0.051006,296122.02486,296152.0,1.0,2,22.562852,235781.086283,235781.086283,8453484.0944833,25544234.029619403,1007721.8977231,25826929.2202571,196734428.5716181,50,0,0
Z3,33,9, 720,11784.0,0.051014,230995.413024,231056.0,1.0,2,22.562852,222755.763916,222755.763916,8453484.0944833,25544234.029619403,1007721.8977231,25826929.2202571,196734428.5716181,50,0,0
Z3,34,9, 720,18496.0,0.051017,362545.818061,362664.0,1.0,2,22.562852,249065.844923,249065.844923,8453484.0944833,25544234.029619403,1007721.8977231,25826929.2202571,196734428.5716181,50,0,0
Z3,35,9, 720,22376.0,0.051035,438444.204957,438744.0,1.0,2,22.562852,264245.522303,264245.522303,8453484.0944833,25544234.029619403,1007721.8977231,25826929.2202571,196734428.5716181,50,0,0
Z3,36,9, 720,8792.0,0.050961,172524.087047,175840.0,1.0,2,22.562852,211061.498721,211061.498721,8453484.0944833,25544234.029619403,1007721.8977231,25826929.2202571,196734428.5716181,50,0,0
Z3,37,9, 720,19464.0,0.050888,382487.030341,389280.0,1.0,2,22.562852,253054.087379,253054.087379,8453484.0944833,25544234.029619403,1007721.8977231,25826929.2202571,196734428.5716181,50,0,0
Z3,38,9, 720,20360.0,0.051073,398645.076655,399208.0,1.0,2,22.562852,256285.696642,256285.696642,8453484.0944833,25544234.029619403,1007721.8977231,25826929.2202571,196734428.5716181,50,0,0
Z1,0,10, 720,7480.0,0.174161,42948.765797,42984.0,1.0,2,25.383102,214250.891706,214250.891706,8453484.0944833,25544234.029619403,1007721.8977231,25826929.2202571,196734428.5716181,50,0,0
Z2,0,10, 720,6624.0,0.172022,38506.702631,38504.0,1.0,2,25.383102,213362.479073,213362.479073,8453484.0944833,25544234.029619403,1007721.8977231,25826929.2202571,196734428.5716181,50,0,0
Z2,1,10, 720,7008.0,0.05102,137357.898863,137408.0,1.0,2,25.383102,233132.718319,233132.718319,8453484.0944833,25544234.029619403,1007721.8977231,25826929.2202571,196734428.5716181,50,0,0
Z2,2,10, 720,7832.0,0.050984,153616.820963,156640.0,1.0,2,25.383102,236384.502739,236384.502739,8453484.0944833,25544234.029619403,1007721.8977231,25826929.2202571,196734428.5716181,50,0,0
Z2,3,10, 720,29728.0,0.051068,582125.79306,582896.0,1.0,2,25.383102,322086.297159,322086.297159,8453484.0944833,25544234.029619403,1007721.8977231,25826929.2202571,196734428.5716181,50,0,0
Z2,4,10, 720,35840.0,0.051191,700123.068508,702744.0,1.0,2,25.383102,345685.752248,345685.752248,8453484.0944833,25544234.029619403,1007721.8977231,25826929.2202571,196734428.5716181,50,0,0
Z2,5,10, 720,43888.0,0.051168,857723.577236,860544.0,1.0,2,25.383102,377205.853994,377205.853994,8453484.0944833,25544234.029619403,1007721.8977231,25826929.2202571,196734428.5716181,50,0,0
Z2,6,10, 720,17936.0,0.051004,351658.693436,351680.0,1.0,2,25.383102,275992.877234,275992.877234,8453484.0944833,25544234.029619403,1007721.8977231,25826929.2202571,196734428.5716181,50,0,0
Z2,7,10, 720,24920.0,0.05105,488148.873653,488624.0,1.0,2,25.383102,303290.913277,303290.913277,8453484.0944833,25544234.029619403,1007721.8977231,25826929.2202571,196734428.5716181,50,0,0
Z3,0,10, 720,6840.0,0.172076,39749.877961,39760.0,1.0,2,25.383102,213611.114139,213611.114139,8453484.0944833,25544234.029619403,1007721.8977231,25826929.2202571,196734428.5716181,50,0,0
Z3,1,10, 720,22064.0,0.05116,431274.433151,432624.0,1.0,2,25.383102,291916.025177,291916.025177,8453484.0944833,25544234.029619403,1007721.8977231,25826929.2202571,196734428.5716181,50,0,0
Z3,2,10, 720,15312.0,0.051035,300029.391594,300232.0,1.0,2,25.383102,265667.016865,265667.016865,8453484.0944833,25544234.029619403,1007721.8977231,25826929.2202571,196734428.5716181,50,0,0
Z3,3,10, 720,7752.0,0.050951,152146.179663,155040.0,1.0,2,25.383102,236090.374479,236090.374479,8453484.0944833,25544234.029619403,1007721.8977231,25826929.2202571,196734428.5716181,50,0,0
Z3,4,10, 720,11432.0,0.051066,223867.152313,224152.0,1.0,2,25.383102,250434.569009,250434.569009,8453484.0944833,25544234.029619403,1007721.8977231,25826929.2202571,196734428.5716181,50,0,0
Z3,5,10, 720,17232.0,0.051056,337511.751802,337880.0,1.0,2,25.383102,273163.488907,273163.488907,8453484.0944833,25544234.029619403,1007721.8977231,25826929.2202571,196734428.5716181,50,0,0
Z3,6,10, 720,23328.0,0.051043,457026.428697,457408.0,1.0,2,25.383102,297066.424286,297066.424286,8453484.0944833,25544234.029619403,1007721.8977231,25826929.2202571,196734428.5716181,50,0,0
Z3,7,10, 720,18496.0,0.050999,362673.777917,369920.0,1.0,2,25.383102,278195.89413,278195.89413,8453484.0944833,25544234.029619403,1007721.8977231,25826929.2202571,196734428.5716181,50,0,0
Z3,8,10, 720,7968.0,0.05097,156327.251324,159360.0,1.0,2,25.383102,236926.588811,236926.588811,8453484.0944833,25544234.029619403,1007721.8977231,25826929.2202571,196734428.5716181,50,0,0
Z3,9,10, 720,19568.0,0.051023,383513.317523,383680.0,1.0,2,25.383102,282363.802051,282363.802051,8453484.0944833,25544234.029619403,1007721.8977231,25826929.2202571,196734428.5716181,50,0,0
Z3,10,10, 720,36064.0,0.051101,705739.613706,707136.0,1.0,2,25.383102,346809.061288,346809.061288,8453484.0944833,25544234.029619403,1007721.8977231,25826929.2202571,196734428.5716181,50,0,0
Z3,11,10, 720,29248.0,0.051034,573108.123996,573488.0,1.0,2,25.383102,320282.763346,320282.763346,8453484.0944833,25544234.029619403,1007721.8977231,25826929.2202571,196734428.5716181,50,0,0
Z3,12,10, 720,24216.0,0.051058,474284.14744,474816.0,1.0,2,25.383102,300517.968035,300517.968035,8453484.0944833,25544234.029619403,1007721.8977231,25826929.2202571,196734428.5716181,50,0,0
Z3,13,10, 720,54424.0,0.051116,1064715.548947,1067136.0,1.0,2,25.383102,418604.248336,418604.248336,8453484.0944833,25544234.029619403,1007721.8977231,25826929.2202571,196734428.5716181,50,0,0
Z3,14,10, 720,56832.0,0.051169,1110672.477477,1114352.0,1.0,2,25.383102,427795.634042,427795.634042,8453484.0944833,25544234.029619403,1007721.8977231,25826929.2202571,196734428.5716181,50,0,0
Z3,15,10, 720,29576.0,0.051037,579501.146227,579920.0,1.0,2,25.383102,321561.367792,321561.367792,8453484.0944833,25544234.029619403,1007721.8977231,25826929.2202571,196734428.5716181,50,0,0
Z3,16,10, 720,52328.0,0.051118,1023670.722642,1026032.0,1.0,2,25.383102,410395.283075,410395.283075,8453484.0944833,25544234.029619403,1007721.8977231,25826929.2202571,196734428.5716181,50,0,0
Z3,17,10, 720,52840.0,0.051172,1032595.950911,1036072.0,1.0,2,25.383102,412180.328729,412180.328729,8453484.0944833,25544234.029619403,1007721.8977231,25826929.2202571,196734428.5716181,50,0,0
Z3,18,10, 720,35136.0,0.05108,687862.176977,688936.0,1.0,2,25.383102,343233.573942,343233.573942,8453484.0944833,25544234.029619403,1007721.8977231,25826929.2202571,196734428.5716181,50,0,0
Z3,19,10, 720,23160.0,0.051051,453663.983076,454112.0,1.0,2,25.383102,296393.935162,296393.935162,8453484.0944833,25544234.029619403,1007721.8977231,25826929.2202571,196734428.5716181,50,0,0
Z3,20,10, 720,77048.0,0.051123,1507110.302604,1510744.0,1.0,2,25.383102,507083.199067,507083.199067,8453484.0944833,25544234.029619403,1007721.8977231,25826929.2202571,196734428.5716181,50,0,0
Z3,21,10, 720,68968.0,0.051177,1347636.633644,1352312.0,1.0,2,25.383102,475188.465275,475188.465275,8453484.0944833,25544234.029619403,1007721.8977231,25826929.2202571,196734428.5716181,50,0,0
Z3,22,10, 720,52224.0,0.051136,1021276.595745,1024000.0,1.0,2,25.383102,409916.457695,409916.457695,8453484.0944833,25544234.029619403,1007721.8977231,25826929.2202571,196734428.5716181,50,0,0
Z3,23,10, 720,76384.0,0.051291,1489228.129691,1497720.0,1.0,2,25.383102,503506.764485,503506.764485,8453484.0944833,25544234.029619403,1007721.8977231,25826929.2202571,196734428.5716181,50,0,0
Z3,24,10, 720,57512.0,0.05117,1123939.808482,1127680.0,1.0,2,25.383102,430449.100243,430449.100243,8453484.0944833,25544234.029619403,1007721.8977231,25826929.2202571,196734428.5716181,50,0,0
Z3,25,10, 720,35600.0,0.051059,697232.613251,698032.0,1.0,2,25.383102,345107.661197,345107.661197,8453484.0944833,25544234.029619403,1007721.8977231,25826929.2202571,196734428.5716181,50,0,0
Z3,26,10, 720,72816.0,0.051373,1417398.244214,1427760.0,1.0,2,25.383102,489140.787389,489140.787389,8453484.0944833,25544234.029619403,1007721.8977231,25826929.2202571,196734428.5716181,50,0,0
Z3,27,10, 720,93600.0,0.051256,1826127.672858,1835288.0,1.0,2,25.383102,570886.673118,570886.673118,8453484.0944833,25544234.029619403,1007721.8977231,25826929.2202571,196734428.5716181,50,0,0
Z3,28,10, 720,23040.0,0.051038,451428.347506,451760.0,1.0,2,25.383102,295946.808048,295946.808048,8453484.0944833,25544234.029619403,1007721.8977231,25826929.2202571,196734428.5716181,50,0,0
Z3,29,10, 720,35840.0,0.051107,701273.79811,702744.0,1.0,2,25.383102,345915.898169,345915.898169,8453484.0944833,25544234.029619403,1007721.8977231,25826929.2202571,196734428.5716181,50,0,0
Z3,30,10, 720,13072.0,0.050939,256620.663931,261440.0,1.0,2,25.383102,256985.271333,256985.271333,8453484.0944833,25544234.029619403,1007721.8977231,25826929.2202571,196734428.5716181,50,0,0
Z3,31,10, 720,20608.0,0.05103,403840.877915,404072.0,1.0,2,25.383102,286429.31413,286429.31413,8453484.0944833,25544234.029619403,1007721.8977231,25826929.2202571,196734428.5716181,50,0,0
Z3,32,10, 720,22584.0,0.05094,443345.111896,451680.0,1.0,2,25.383102,294330.160926,294330.160926,8453484.0944833,25544234.029619403,1007721.8977231,25826929.2202571,196734428.5716181,50,0,0
Z3,33,10, 720,14712.0,0.050882,289139.577847,294240.0,1.0,2,25.383102,263489.054116,263489.054116,8453484.0944833,25544234.029619403,1007721.8977231,25826929.2202571,196734428.5716181,50,0,0
Z3,34,10, 720,20512.0,0.050966,402464.388023,410240.0,1.0,2,25.383102,286154.016151,286154.016151,8453484.0944833,25544234.029619403,1007721.8977231,25826929.2202571,196734428.5716181,50,0,0
Z3,35,10, 720,17992.0,0.051028,352590.734499,352784.0,1.0,2,25.383102,276179.285446,276179.285446,8453484.0944833,25544234.029619403,1007721.8977231,25826929.2202571,196734428.5716181,50,0,0
Z3,36,10, 720,11464.0,0.050961,224956.339161,229280.0,1.0,2,25.383102,250652.406379,250652.406379,8453484.0944833,25544234.029619403,1007721.8977231,25826929.2202571,196734428.5716181,50,0,0
Z3,37,10, 720,22376.0,0.05103,438487.164413,438744.0,1.0,2,25.383102,293358.571429,293358.571429,8453484.0944833,25544234.029619403,1007721.8977231,25826929.2202571,196734428.5716181,50,0,0
Z3,38,10, 720,29088.0,0.051031,570006.466658,570352.0,1.0,2,25.383102,319662.431878,319662.431878,8453484.0944833,25544234.029619403,1007721.8977231,25826929.2202571,196734428.5716181,50,0,0
Z1,0,11, 720,36680.0,0.172133,213091.040068,213248.0,1.0,2,28.206618,327773.181904,327773.181904,8453484.0944833,25544234.029619403,1007721.8977231,25826929.2202571,196734428.5716181,50,0,0
Z2,0,11, 720,6624.0,0.170982,38740.920097,38960.0,1.0,2,28.206618,292903.15791,292903.15791,8453484.0944833,25544234.029619403,1007721.8977231,25826929.2202571,196734428.5716181,50,0,0
Z2,1,11, 720,8224.0,0.050991,161283.363731,164480.0,1.0,2,28.206618,317411.646637,317411.646637,8453484.0944833,25544234.029619403,1007721.8977231,25826929.2202571,196734428.5716181,50,0,0
Z2,2,11, 720,8720.0,0.050977,171057.535751,174400.0,1.0,2,28.206618,319366.481041,319366.481041,8453484.0944833,25544234.029619403,1007721.8977231,25826929.2202571,196734428.5716181,50,0,0
Z2,3,11, 720,10080.0,0.050985,197705.207414,201600.0,1.0,2,28.206618,324696.015374,324696.015374,8453484.0944833,25544234.029619403,1007721.8977231,25826929.2202571,196734428.5716181,50,0,0
Z2,4,11, 720,36112.0,0.051137,706181.434187,708072.0,1.0,2,28.206618,426391.260728,426391.260728,8453484.0944833,25544234.029619403,1007721.8977231,25826929.2202571,196734428.5716181,50,0,0
Z2,5,11, 720,39392.0,0.05104,771786.833856,772392.0,1.0,2,28.206618,439512.340662,439512.340662,8453484.0944833,25544234.029619403,1007721.8977231,25826929.2202571,196734428.5716181,50,0,0
Z2,6,11, 720,43216.0,0.051052,846509.441354,847368.0,1.0,2,28.206618,454456.862162,454456.862162,8453484.0944833,25544234.029619403,1007721.8977231,25826929.2202571,196734428.5716181,50,0,0
Z2,7,11, 720,41864.0,0.05107,819737.615038,820856.0,1.0,2,28.206618,449102.496898,449102.496898,8453484.0944833,25544234.029619403,1007721.8977231,25826929.2202571,196734428.5716181,50,0,0
Z3,0,11, 720,11320.0,0.172992,65436.551979,65808.0,1.0,2,28.206618,298242.284287,298242.284287,8453484.0944833,25544234.029619403,1007721.8977231,25826929.2202571,196734428.5716181,50,0,0
Z3,1,11, 720,16208.0,0.050978,317941.07262,324160.0,1.0,2,28.206618,348743.188415,348743.188415,8453484.0944833,25544234.029619403,1007721.8977231,25826929.2202571,196734428.5716181,50,0,0
Z3,2,11, 720,12920.0,0.050975,253457.577244,258400.0,1.0,2,28.206618,335846.489339,335846.489339,8453484.0944833,25544234.029619403,1007721.8977231,25826929.2202571,196734428.5716181,50,0,0
Z3,3,11, 720,8968.0,0.050934,176070.993835,179360.0,1.0,2,28.206618,320369.172658,320369.172658,8453484.0944833,25544234.029619403,1007721.8977231,25826929.2202571,196734428.5716181,50,0,0
Z3,4,11, 720,12016.0,0.050909,236028.992909,240320.0,1.0,2,28.206618,332360.772473,332360.772473,8453484.0944833,25544234.029619403,1007721.8977231,25826929.2202571,196734428.5716181,50,0,0
Z3,5,11, 720,21880.0,0.051016,428885.055669,429016.0,1.0,2,28.206618,370931.985025,370931.985025,8453484.0944833,25544234.029619403,1007721.8977231,25826929.2202571,196734428.5716181,50,0,0
Z3,6,11, 720,13408.0,0.051025,262773.150416,262896.0,1.0,2,28.206618,337709.603974,337709.603974,8453484.0944833,25544234.029619403,1007721.8977231,25826929.2202571,196734428.5716181,50,0,0
Z3,7,11, 720,14528.0,0.051024,284728.755096,284856.0,1.0,2,28.206618,342100.72491,342100.72491,8453484.0944833,25544234.029619403,1007721.8977231,25826929.2202571,196734428.5716181,50,0,0
Z3,8,11, 720,15928.0,0.050968,312509.810077,318560.0,1.0,2,28.206618,347656.935906,347656.935906,8453484.0944833,25544234.029619403,1007721.8977231,25826929.2202571,196734428.5716181,50,0,0
Z3,9,11, 720,23504.0,0.051021,460673.056193,460856.0,1.0,2,28.206618,377289.585129,377289.585129,8453484.0944833,25544234.029619403,1007721.8977231,25826929.2202571,196734428.5716181,50,0,0
Z3,10,11, 720,50640.0,0.051078,991424.879596,992936.0,1.0,2,28.206618,483439.94981,483439.94981,8453484.0944833,25544234.029619403,1007721.8977231,25826929.2202571,196734428.5716181,50,0,0
Z3,11,11, 720,47296.0,0.05103,926827.356457,927368.0,1.0,2,28.206618,470520.445182,470520.445182,8453484.0944833,25544234.029619403,1007721.8977231,25826929.2202571,196734428.5716181,50,0,0
Z3,12,11, 720,34344.0,0.051081,672343.924355,673408.0,1.0,2,28.206618,419623.758762,419623.758762,8453484.0944833,25544234.029619403,1007721.8977231,25826929.2202571,196734428.5716181,50,0,0
Z3,13,11, 720,73648.0,0.051219,1437903.902849,1444072.0,1.0,2,28.206618,572735.75446,572735.75446,8453484.0944833,25544234.029619403,1007721.8977231,25826929.2202571,196734428.5716181,50,0,0
Z3,14,11, 720,59920.0,0.051193,1170472.525541,1174896.0,1.0,2,28.206618,519249.478999,519249.478999,8453484.0944833,25544234.029619403,1007721.8977231,25826929.2202571,196734428.5716181,50,0,0
Z3,15,11, 720,40664.0,0.051117,795508.343604,797328.0,1.0,2,28.206618,444256.642612,444256.642612,8453484.0944833,25544234.029619403,1007721.8977231,25826929.2202571,196734428.5716181,50,0,0
Z3,16,11, 720,56880.0,0.051188,1111197.937016,1115288.0,1.0,2,28.206618,507394.561294,507394.561294,8453484.0944833,25544234.029619403,1007721.8977231,25826929.2202571,196734428.5716181,50,0,0
Z3,17,11, 720,57216.0,0.051189,1117740.139483,1121880.0,1.0,2,28.206618,508703.001787,508703.001787,8453484.0944833,25544234.029619403,1007721.8977231,25826929.2202571,196734428.5716181,50,0,0
Z3,18,11, 720,28160.0,0.051046,551659.287701,552152.0,1.0,2,28.206618,395486.831431,395486.831431,8453484.0944833,25544234.029619403,1007721.8977231,25826929.2202571,196734428.5716181,50,0,0
Z3,19,11, 720,76696.0,0.051234,1496974.665261,1503840.0,1.0,2,28.206618,584549.906943,584549.906943,8453484.0944833,25544234.029619403,1007721.8977231,25826929.2202571,196734428.5716181,50,0,0
Z3,20,11, 720,80520.0,0.051399,1566567.442946,1578816.0,1.0,2,28.206618,598468.46248,598468.46248,8453484.0944833,25544234.029619403,1007721.8977231,25826929.2202571,196734428.5716181,50,0,0
Z3,21,11, 720,66560.0,0.051177,1300584.24683,1305096.0,1.0,2,28.206618,545271.823257,545271.823257,8453484.0944833,25544234.029619403,1007721.8977231,25826929.2202571,196734428.5716181,50,0,0
Z3,22,11, 720,77808.0,0.051269,1517642.23995,1525640.0,1.0,2,28.206618,588683.421881,588683.421881,8453484.0944833,25544234.029619403,1007721.8977231,25826929.2202571,196734428.5716181,50,0,0
Z3,23,11, 720,55056.0,0.051154,1076279.469836,1079528.0,1.0,2,28.206618,500410.867858,500410.867858,8453484.0944833,25544234.029619403,1007721.8977231,25826929.2202571,196734428.5716181,50,0,0
Z3,24,11, 720,36552.0,0.051093,715401.326992,716704.0,1.0,2,28.206618,428235.239289,428235.239289,8453484.0944833,25544234.029619403,1007721.8977231,25826929.2202571,196734428.5716181,50,0,0
Z3,25,11, 720,100304.0,0.051336,1953872.526103,1966744.0,1.0,2,28.206618,675929.479111,675929.479111,8453484.0944833,25544234.029619403,1007721.8977231,25826929.2202571,196734428.5716181,50,0,0
Z3,26,11, 720,133264.0,0.051563,2584488.877684,2613016.0,1.0,2,28.206618,802052.749427,802052.749427,8453484.0944833,25544234.029619403,1007721.8977231,25826929.2202571,196734428.5716181,50,0,0
Z3,27,11, 720,50760.0,0.051209,991232.009998,995288.0,1.0,2,28.206618,483401.37589,483401.37589,8453484.0944833,25544234.029619403,1007721.8977231,25826929.2202571,196734428.5716181,50,0,0
Z3,28,11, 720,14528.0,0.051024,284728.755096,284856.0,1.0,2,28.206618,342100.72491,342100.72491,8453484.0944833,25544234.029619403,1007721.8977231,25826929.2202571,196734428.5716181,50,0,0
Z3,29,11, 720,24392.0,0.051027,478021.43963,478272.0,1.0,2,28.206618,380759.261817,380759.261817,8453484.0944833,25544234.029619403,1007721.8977231,25826929.2202571,196734428.5716181,50,0,0
Z3,30,11, 720,22216.0,0.051143,434389.848073,435600.0,1.0,2,28.206618,372032.943505,372032.943505,8453484.0944833,25544234.029619403,1007721.8977231,25826929.2202571,196734428.5716181,50,0,0
Z3,31,11, 720,14368.0,0.050951,281996.427941,287360.0,1.0,2,28.206618,341554.259479,341554.259479,8453484.0944833,25544234.029619403,1007721.8977231,25826929.2202571,196734428.5716181,50,0,0
Z3,32,11, 720,21288.0,0.051063,416896.774573,417408.0,1.0,2,28.206618,368534.328805,368534.328805,8453484.0944833,25544234.029619403,1007721.8977231,25826929.2202571,196734428.5716181,50,0,0
Z3,33,11, 720,18544.0,0.051012,363522.308476,363600.0,1.0,2,28.206618,357859.435586,357859.435586,8453484.0944833,25544234.029619403,1007721.8977231,25826929.2202571,196734428.5716181,50,0,0
Z3,34,11, 720,12272.0,0.051021,240528.40987,240624.0,1.0,2,28.206618,333260.655865,333260.655865,8453484.0944833,25544234.029619403,1007721.8977231,25826929.2202571,196734428.5716181,50,0,0
Z3,35,11, 720,21736.0,0.051225,424324.060517,426192.0,1.0,2,28.206618,370019.785994,370019.785994,8453484.0944833,25544234.029619403,1007721.8977231,25826929.2202571,196734428.5716181,50,0,0
Z3,36,11, 720,22688.0,0.050954,445264.356086,453760.0,1.0,2,28.206618,374207.845108,374207.845108,8453484.0944833,25544234.029619403,1007721.8977231,25826929.2202571,196734428.5716181,50,0,0
Z3,37,11, 720,17768.0,0.050969,348604.053444,355360.0,1.0,2,28.206618,354875.78458,354875.78458,8453484.0944833,25544234.029619403,1007721.8977231,25826929.2202571,196734428.5716181,50,0,0
Z3,38,11, 720,33352.0,0.051071,653051.634,653960.0,1.0,2,28.206618,415765.300691,415765.300691,8453484.0944833,25544234.029619403,1007721.8977231,25826929.2202571,196734428.5716181,50,0,0
Z1,0,12, 4K,11144.0,0.173036,64402.783236,64416.0,1.0,2,31.029393,394731.585082,394731.585082,8453484.0944833,25544234.029619403,1007721.8977231,25826929.2202571,196734428.5716181,50,0,0
Z2,0,12, 1080,6624.0,0.171609,38599.374159,38736.0,1.0,2,31.029393,389570.903266,389570.903266,8453484.0944833,25544234.029619403,1007721.8977231,25826929.2202571,196734428.5716181,50,0,0
Z2,1,12, 1080,8352.0,0.050914,164041.324587,167040.0,1.0,2,31.029393,414659.293352,414659.293352,8453484.0944833,25544234.029619403,1007721.8977231,25826929.2202571,196734428.5716181,50,0,0
Z2,2,12, 1080,8680.0,0.05094,170396.544955,173600.0,1.0,2,31.029393,415930.337425,415930.337425,8453484.0944833,25544234.029619403,1007721.8977231,25826929.2202571,196734428.5716181,50,0,0
Z2,3,12, 1080,33456.0,0.05108,654972.592013,656000.0,1.0,2,31.029393,512845.546837,512845.546837,8453484.0944833,25544234.029619403,1007721.8977231,25826929.2202571,196734428.5716181,50,0,0
Z2,4,12, 1080,13120.0,0.050842,258054.364502,262400.0,1.0,2,31.029393,433461.901335,433461.901335,8453484.0944833,25544234.029619403,1007721.8977231,25826929.2202571,196734428.5716181,50,0,0
Z2,5,12, 1080,110384.0,0.101915,1083098.660649,1092904.0,1.0,2,31.029393,598470.760564,598470.760564,8453484.0944833,25544234.029619403,1007721.8977231,25826929.2202571,196734428.5716181,50,0,0
Z2,6,12, 1080,52208.0,0.051087,1021942.960049,1023680.0,1.0,2,31.029393,586239.620444,586239.620444,8453484.0944833,25544234.029619403,1007721.8977231,25826929.2202571,196734428.5716181,50,0,0
Z2,7,12, 1080,36216.0,0.051049,709436.032048,710112.0,1.0,2,31.029393,523738.234844,523738.234844,8453484.0944833,25544234.029619403,1007721.8977231,25826929.2202571,196734428.5716181,50,0,0
Z3,0,12, 720,7896.0,0.172288,45830.237741,45904.0,1.0,2,31.029393,391017.075983,391017.075983,8453484.0944833,25544234.029619403,1007721.8977231,25826929.2202571,196734428.5716181,50,0,0
Z3,1,12, 720,10520.0,0.050957,206448.574288,210400.0,1.0,2,31.029393,423140.743292,423140.743292,8453484.0944833,25544234.029619403,1007721.8977231,25826929.2202571,196734428.5716181,50,0,0
Z3,2,12, 720,20088.0,0.050965,394152.849995,401760.0,1.0,2,31.029393,460681.598433,460681.598433,8453484.0944833,25544234.029619403,1007721.8977231,25826929.2202571,196734428.5716181,50,0,0
Z3,3,12, 720,10320.0,0.051022,202265.68931,202352.0,1.0,2,31.029393,422304.166297,422304.166297,8453484.0944833,25544234.029619403,1007721.8977231,25826929.2202571,196734428.5716181,50,0,0
Z3,4,12, 720,12664.0,0.050996,248333.202604,253280.0,1.0,2,31.029393,431517.668955,431517.668955,8453484.0944833,25544234.029619403,1007721.8977231,25826929.2202571,196734428.5716181,50,0,0
Z3,5,12, 720,15440.0,0.051004,302721.355188,302744.0,1.0,2,31.029393,442395.299472,442395.299472,8453484.0944833,25544234.029619403,1007721.8977231,25826929.2202571,196734428.5716181,50,0,0
Z3,6,12, 720,7712.0,0.050957,151343.28944,154240.0,1.0,2,31.029393,412119.686322,412119.686322,8453484.0944833,25544234.029619403,1007721.8977231,25826929.2202571,196734428.5716181,50,0,0
Z3,7,12, 720,10120.0,0.051004,198415.810525,198424.0,1.0,2,31.029393,421534.190539,421534.190539,8453484.0944833,25544234.029619403,1007721.8977231,25826929.2202571,196734428.5716181,50,0,0
Z3,8,12, 720,7576.0,0.051012,148514.07512,148544.0,1.0,2,31.029393,411553.843458,411553.843458,8453484.0944833,25544234.029619403,1007721.8977231,25826929.2202571,196734428.5716181,50,0,0
Z3,9,12, 720,24720.0,0.051062,484117.347538,484704.0,1.0,2,31.029393,478674.497942,478674.497942,8453484.0944833,25544234.029619403,1007721.8977231,25826929.2202571,196734428.5716181,50,0,0
Z3,10,12, 720,60536.0,0.051254,1181098.060639,1186976.0,1.0,2,31.029393,618070.640562,618070.640562,8453484.0944833,25544234.029619403,1007721.8977231,25826929.2202571,196734428.5716181,50,0,0
Z3,11,12, 720,65616.0,0.051246,1280412.129727,1286584.0,1.0,2,31.029393,637933.45438,637933.45438,8453484.0944833,25544234.029619403,1007721.8977231,25826929.2202571,196734428.5716181,50,0,0
Z3,12,12, 720,38936.0,0.051121,761643.942802,763448.0,1.0,2,31.029393,534179.816995,534179.816995,8453484.0944833,25544234.029619403,1007721.8977231,25826929.2202571,196734428.5716181,50,0,0
Z3,13,12, 720,87896.0,0.051484,1707248.854013,1723448.0,1.0,2,31.029393,723300.799237,723300.799237,8453484.0944833,25544234.029619403,1007721.8977231,25826929.2202571,196734428.5716181,50,0,0
Z3,14,12, 720,78296.0,0.051478,1520960.410272,1535208.0,1.0,2,31.029393,686043.110489,686043.110489,8453484.0944833,25544234.029619403,1007721.8977231,25826929.2202571,196734428.5716181,50,0,0
Z3,15,12, 720,45720.0,0.051201,892951.309545,896464.0,1.0,2,31.029393,560441.290343,560441.290343,8453484.0944833,25544234.029619403,1007721.8977231,25826929.2202571,196734428.5716181,50,0,0
Z3,16,12, 720,82616.0,0.051388,1607690.511403,1619920.0,1.0,2,31.029393,703389.130715,703389.130715,8453484.0944833,25544234.029619403,1007721.8977231,25826929.2202571,196734428.5716181,50,0,0
Z3,17,12, 720,109704.0,0.051552,2128026.070764,2151056.0,1.0,2,31.029393,807456.242587,807456.242587,8453484.0944833,25544234.029619403,1007721.8977231,25826929.2202571,196734428.5716181,50,0,0
Z3,18,12, 720,36544.0,0.051115,714936.906974,716544.0,1.0,2,31.029393,524838.409829,524838.409829,8453484.0944833,25544234.029619403,1007721.8977231,25826929.2202571,196734428.5716181,50,0,0
Z3,19,12, 720,28840.0,0.051036,565091.308096,565488.0,1.0,2,31.029393,494869.290054,494869.290054,8453484.0944833,25544234.029619403,1007721.8977231,25826929.2202571,196734428.5716181,50,0,0
Z3,20,12, 720,75104.0,0.051275,1464729.400293,1472624.0,1.0,2,31.029393,674796.908493,674796.908493,8453484.0944833,25544234.029619403,1007721.8977231,25826929.2202571,196734428.5716181,50,0,0
Z3,21,12, 720,96504.0,0.051526,1872918.526569,1892232.0,1.0,2,31.029393,756434.733748,756434.733748,8453484.0944833,25544234.029619403,1007721.8977231,25826929.2202571,196734428.5716181,50,0,0
Z3,22,12, 720,42960.0,0.051177,839439.592004,842352.0,1.0,2,31.029393,549738.946835,549738.946835,8453484.0944833,25544234.029619403,1007721.8977231,25826929.2202571,196734428.5716181,50,0,0
Z3,23,12, 720,68064.0,0.051296,1326887.086712,1334584.0,1.0,2,31.029393,647228.445777,647228.445777,8453484.0944833,25544234.029619403,1007721.8977231,25826929.2202571,196734428.5716181,50,0,0
Z3,24,12, 720,50352.0,0.051144,984514.312529,987288.0,1.0,2,31.029393,578753.89094,578753.89094,8453484.0944833,25544234.029619403,1007721.8977231,25826929.2202571,196734428.5716181,50,0,0
Z3,25,12, 720,31856.0,0.051145,622856.584221,624624.0,1.0,2,31.029393,506422.345279,506422.345279,8453484.0944833,25544234.029619403,1007721.8977231,25826929.2202571,196734428.5716181,50,0,0
Z3,26,12, 720,130312.0,0.051636,2523665.659617,2555136.0,1.0,2,31.029393,886584.160358,886584.160358,8453484.0944833,25544234.029619403,1007721.8977231,25826929.2202571,196734428.5716181,50,0,0
Z3,27,12, 720,138080.0,0.051684,2671619.843665,2707448.0,1.0,2,31.029393,916174.997168,916174.997168,8453484.0944833,25544234.029619403,1007721.8977231,25826929.2202571,196734428.5716181,50,0,0
Z3,28,12, 720,62000.0,0.051194,1211079.42337,1215680.0,1.0,2,31.029393,624066.913108,624066.913108,8453484.0944833,25544234.029619403,1007721.8977231,25826929.2202571,196734428.5716181,50,0,0
Z3,29,12, 720,77544.0,0.051294,1511755.760908,1520464.0,1.0,2,31.029393,684202.180616,684202.180616,8453484.0944833,25544234.029619403,1007721.8977231,25826929.2202571,196734428.5716181,50,0,0
Z3,30,12, 720,14080.0,0.05093,276457.883369,281600.0,1.0,2,31.029393,437142.605108,437142.605108,8453484.0944833,25544234.029619403,1007721.8977231,25826929.2202571,196734428.5716181,50,0,0
Z3,31,12, 720,21056.0,0.051,412862.745098,412856.0,1.0,2,31.029393,464423.577454,464423.577454,8453484.0944833,25544234.029619403,1007721.8977231,25826929.2202571,196734428.5716181,50,0,0
Z3,32,12, 720,21064.0,0.051181,411558.976964,413016.0,1.0,2,31.029393,464162.823827,464162.823827,8453484.0944833,25544234.029619403,1007721.8977231,25826929.2202571,196734428.5716181,50,0,0
Z3,33,12, 720,16432.0,0.050892,322879.823941,328640.0,1.0,2,31.029393,446426.993223,446426.993223,8453484.0944833,25544234.029619403,1007721.8977231,25826929.2202571,196734428.5716181,50,0,0
Z3,34,12, 720,26024.0,0.051106,509216.139005,510272.0,1.0,2,31.029393,483694.256235,483694.256235,8453484.0944833,25544234.029619403,1007721.8977231,25826929.2202571,196734428.5716181,50,0,0
Z3,35,12, 720,25696.0,0.051074,503113.129968,503840.0,1.0,2,31.029393,482473.654428,482473.654428,8453484.0944833,25544234.029619403,1007721.8977231,25826929.2202571,196734428.5716181,50,0,0
Z3,36,12, 720,13400.0,0.051037,262554.617238,262744.0,1.0,2,31.029393,434361.951882,434361.951882,8453484.0944833,25544234.029619403,1007721.8977231,25826929.2202571,196734428.5716181,50,0,0
Z3,37,12, 720,31112.0,0.051028,609704.475974,610032.0,1.0,2,31.029393,503791.923629,503791.923629,8453484.0944833,25544234.029619403,1007721.8977231,25826929.2202571,196734428.5716181,50,0,0
Z3,38,12, 720,34872.0,0.050966,684220.853118,697440.0,1.0,2,31.029393,518695.199058,518695.199058,8453484.0944833,25544234.029619403,1007721.8977231,25826929.2202571,196734428.5716181,50,0,0
