Zone, Tile_no, Seg_no, Reso, Seg_d_size, Seg_d_time, Bitrate, Bitrate1, Buf_lev, Buf_limit, Elapsed, Ref_vp, Local_avg
Z1, 0, 1, 720, 9960.000000, 0.322345, 30898.571406, 30928.000000, 1.000000, 2, 0.000061, 30898.571406, 30898.571406
Z2, 0, 1, 720, 8952.000000, 0.324660, 27573.461467, 27624.000000, 1.000000, 2, 0.000061, 13786.730734, 13786.730734
Z2, 1, 1, 720, 5424.000000, 0.100969, 53719.458448, 54240.000000, 1.000000, 2, 0.000061, 17906.486149, 17906.486149
Z2, 2, 1, 720, 7080.000000, 0.100939, 70141.372512, 70800.000000, 1.000000, 2, 0.000061, 17535.343128, 17535.343128
Z2, 3, 1, 720, 18976.000000, 0.101154, 187595.151947, 187880.000000, 1.000000, 2, 0.000061, 37519.030389, 37519.030389
Z2, 4, 1, 720, 8720.000000, 0.100976, 86357.154175, 87200.000000, 1.000000, 2, 0.000061, 17271.430835, 17271.430835
Z2, 5, 1, 720, 8336.000000, 0.101030, 82510.145501, 82528.000000, 1.000000, 2, 0.000061, 16502.029100, 16502.029100
Z2, 6, 1, 720, 6376.000000, 0.101004, 63126.212823, 63128.000000, 1.000000, 2, 0.000061, 12625.242565, 12625.242565
Z2, 7, 1, 720, 6872.000000, 0.101002, 68038.256668, 68032.000000, 1.000000, 2, 0.000061, 13607.651334, 13607.651334
Z3, 0, 1, 720, 7080.000000, 0.322991, 21920.115421, 21984.000000, 1.000000, 2, 0.000061, 4384.023084, 4384.023084
Z3, 1, 1, 720, 7080.000000, 0.100981, 70112.199325, 70800.000000, 1.000000, 2, 0.000061, 14022.439865, 14022.439865
Z3, 2, 1, 720, 5664.000000, 0.100776, 56203.858061, 56640.000000, 1.000000, 2, 0.000061, 11240.771612, 11240.771612
Z3, 3, 1, 720, 7080.000000, 0.100880, 70182.394925, 70800.000000, 1.000000, 2, 0.000061, 14036.478985, 14036.478985
Z3, 4, 1, 720, 7080.000000, 0.429643, 16478.797513, 16496.000000, 1.000000, 2, 0.000061, 3295.759503, 3295.759503
Z3, 5, 1, 720, 5664.000000, 0.101036, 56059.226414, 56072.000000, 1.000000, 2, 0.000061, 11211.845283, 11211.845283
Z3, 6, 1, 720, 7080.000000, 0.100873, 70187.265175, 70800.000000, 1.000000, 2, 0.000061, 14037.453035, 14037.453035
Z3, 7, 1, 720, 7080.000000, 0.100932, 70146.237071, 70800.000000, 1.000000, 2, 0.000061, 14029.247414, 14029.247414
Z3, 8, 1, 720, 5664.000000, 0.100885, 56143.133271, 56640.000000, 1.000000, 2, 0.000061, 11228.626654, 11228.626654
Z3, 9, 1, 720, 7080.000000, 0.100942, 70139.287908, 70800.000000, 1.000000, 2, 0.000061, 14027.857582, 14027.857582
Z3, 10, 1, 720, 12904.000000, 0.100975, 127794.008418, 129040.000000, 1.000000, 2, 0.000061, 25558.801684, 25558.801684
Z3, 11, 1, 720, 17344.000000, 0.101029, 171673.479892, 171720.000000, 1.000000, 2, 0.000061, 34334.695978, 34334.695978
Z3, 12, 1, 720, 16912.000000, 0.100857, 167682.957058, 169120.000000, 1.000000, 2, 0.000061, 33536.591412, 33536.591412
Z3, 13, 1, 720, 13240.000000, 0.100891, 131230.734159, 132400.000000, 1.000000, 2, 0.000061, 26246.146832, 26246.146832
Z3, 14, 1, 720, 28328.000000, 0.101044, 280353.113495, 280472.000000, 1.000000, 2, 0.000061, 56070.622699, 56070.622699
Z3, 15, 1, 720, 30528.000000, 0.101074, 302036.131943, 302256.000000, 1.000000, 2, 0.000061, 60407.226389, 60407.226389
Z3, 16, 1, 720, 16360.000000, 0.100985, 162004.258058, 163600.000000, 1.000000, 2, 0.000061, 32400.851612, 32400.851612
Z3, 17, 1, 720, 33216.000000, 0.101046, 328721.572353, 328864.000000, 1.000000, 2, 0.000061, 65744.314471, 65744.314471
Z3, 18, 1, 720, 28000.000000, 0.515073, 54361.226467, 54368.000000, 1.000000, 2, 0.000061, 10872.245293, 10872.245293
Z3, 19, 1, 720, 15744.000000, 0.100988, 155899.710857, 157440.000000, 1.000000, 2, 0.000061, 31179.942171, 31179.942171
Z3, 20, 1, 720, 16024.000000, 0.101007, 158642.470324, 158648.000000, 1.000000, 2, 0.000061, 31728.494065, 31728.494065
Z3, 21, 1, 720, 11576.000000, 0.101018, 114593.438793, 114608.000000, 1.000000, 2, 0.000061, 22918.687759, 22918.687759
Z3, 22, 1, 720, 10816.000000, 0.100897, 107198.430082, 108160.000000, 1.000000, 2, 0.000061, 21439.686016, 21439.686016
Z3, 23, 1, 720, 13224.000000, 0.100938, 131011.115734, 132240.000000, 1.000000, 2, 0.000061, 26202.223147, 26202.223147
Z3, 24, 1, 720, 17528.000000, 0.100889, 173735.491481, 175280.000000, 1.000000, 2, 0.000061, 34747.098296, 34747.098296
Z3, 25, 1, 720, 23824.000000, 0.101015, 235846.161461, 235880.000000, 1.000000, 2, 0.000061, 47169.232292, 47169.232292
Z3, 26, 1, 720, 11024.000000, 0.100926, 109228.543685, 110240.000000, 1.000000, 2, 0.000061, 21845.708737, 21845.708737
Z3, 27, 1, 720, 15112.000000, 0.100893, 149782.442786, 151120.000000, 1.000000, 2, 0.000061, 29956.488557, 29956.488557
Z3, 28, 1, 720, 24552.000000, 0.101004, 243079.482001, 243088.000000, 1.000000, 2, 0.000061, 48615.896400, 48615.896400
Z3, 29, 1, 720, 10824.000000, 0.100982, 107187.419540, 108240.000000, 1.000000, 2, 0.000061, 21437.483908, 21437.483908
Z3, 30, 1, 720, 6872.000000, 0.100910, 68100.287385, 68720.000000, 1.000000, 2, 0.000061, 13620.057477, 13620.057477
Z3, 31, 1, 720, 6872.000000, 0.100871, 68126.617164, 68720.000000, 1.000000, 2, 0.000061, 13625.323433, 13625.323433
Z3, 32, 1, 720, 6376.000000, 0.100966, 63149.971277, 63760.000000, 1.000000, 2, 0.000061, 12629.994255, 12629.994255
Z3, 33, 1, 720, 6872.000000, 0.100883, 68118.513526, 68720.000000, 1.000000, 2, 0.000061, 13623.702705, 13623.702705
Z3, 34, 1, 720, 6872.000000, 0.101005, 68036.235830, 68032.000000, 1.000000, 2, 0.000061, 13607.247166, 13607.247166
Z3, 35, 1, 720, 6376.000000, 0.100974, 63144.968012, 63760.000000, 1.000000, 2, 0.000061, 12628.993602, 12628.993602
Z3, 36, 1, 720, 6872.000000, 0.100990, 68046.341222, 68720.000000, 1.000000, 2, 0.000061, 13609.268244, 13609.268244
Z3, 37, 1, 720, 6872.000000, 0.101183, 67916.547246, 68032.000000, 1.000000, 2, 0.000061, 13583.309449, 13583.309449
Z3, 38, 1, 720, 6376.000000, 0.100897, 63193.157378, 63760.000000, 1.000000, 2, 0.000061, 12638.631476, 12638.631476
Z1, 0, 2, 720, 7080.000000, 0.635487, 11141.061894, 11144.000000, 1.000000, 2, 6.262809, 14866.843855, 14866.843855
Z2, 0, 2, 720, 6624.000000, 0.323889, 20451.450960, 20504.000000, 1.000000, 2, 6.262809, 16728.921668, 16728.921668
Z2, 1, 2, 720, 5664.000000, 0.100917, 56125.330717, 56640.000000, 1.000000, 2, 6.262809, 23863.697619, 23863.697619
Z2, 2, 2, 720, 7080.000000, 0.100964, 70124.004596, 70800.000000, 1.000000, 2, 6.262809, 26663.432395, 26663.432395
Z2, 3, 2, 720, 12128.000000, 0.101027, 120047.116117, 120072.000000, 1.000000, 2, 6.262809, 36648.054699, 36648.054699
Z2, 4, 2, 720, 15344.000000, 0.100984, 151944.862552, 153440.000000, 1.000000, 2, 6.262809, 43027.603986, 43027.603986
Z2, 5, 2, 720, 9320.000000, 0.100930, 92341.226593, 93200.000000, 1.000000, 2, 6.262809, 31106.876794, 31106.876794
Z2, 6, 2, 720, 6376.000000, 0.100929, 63173.121699, 63760.000000, 1.000000, 2, 6.262809, 25273.255816, 25273.255816
Z2, 7, 2, 720, 6872.000000, 0.101004, 68036.909429, 68032.000000, 1.000000, 2, 6.262809, 26246.013362, 26246.013362
Z3, 0, 2, 720, 5424.000000, 0.325056, 16686.355582, 16688.000000, 1.000000, 2, 6.262809, 15975.902592, 15975.902592
Z3, 1, 2, 720, 7080.000000, 0.100939, 70141.372512, 70800.000000, 1.000000, 2, 6.262809, 26666.905978, 26666.905978
Z3, 2, 2, 720, 7080.000000, 0.100952, 70132.340122, 70800.000000, 1.000000, 2, 6.262809, 26665.099500, 26665.099500
Z3, 3, 2, 720, 5664.000000, 0.100933, 56116.433674, 56640.000000, 1.000000, 2, 6.262809, 23861.918210, 23861.918210
Z3, 4, 2, 720, 7080.000000, 0.100961, 70126.088292, 70800.000000, 1.000000, 2, 6.262809, 26663.849134, 26663.849134
Z3, 5, 2, 720, 7080.000000, 0.100865, 70192.832003, 70800.000000, 1.000000, 2, 6.262809, 26677.197876, 26677.197876
Z3, 6, 2, 720, 5664.000000, 0.100893, 56138.681574, 56640.000000, 1.000000, 2, 6.262809, 23866.367790, 23866.367790
Z3, 7, 2, 720, 7080.000000, 0.100974, 70117.059837, 70800.000000, 1.000000, 2, 6.262809, 26662.043443, 26662.043443
Z3, 8, 2, 720, 7080.000000, 0.100932, 70146.237071, 70800.000000, 1.000000, 2, 6.262809, 26667.878890, 26667.878890
Z3, 9, 2, 720, 12648.000000, 0.101032, 125188.059229, 125224.000000, 1.000000, 2, 6.262809, 37676.243321, 37676.243321
Z3, 10, 2, 720, 17112.000000, 0.100954, 169502.941934, 171120.000000, 1.000000, 2, 6.262809, 46539.219862, 46539.219862
Z3, 11, 2, 720, 15320.000000, 0.100948, 151761.302849, 153200.000000, 1.000000, 2, 6.262809, 42990.892045, 42990.892045
Z3, 12, 2, 720, 10704.000000, 0.101025, 105953.971789, 105976.000000, 1.000000, 2, 6.262809, 33829.425833, 33829.425833
Z3, 13, 2, 720, 18776.000000, 0.100995, 185910.193574, 187760.000000, 1.000000, 2, 6.262809, 49820.670190, 49820.670190
Z3, 14, 2, 720, 21848.000000, 0.101053, 216203.378425, 216312.000000, 1.000000, 2, 6.262809, 55879.307161, 55879.307161
Z3, 15, 2, 720, 12752.000000, 0.100986, 126274.929198, 127520.000000, 1.000000, 2, 6.262809, 37893.617315, 37893.617315
Z3, 16, 2, 720, 21856.000000, 0.515531, 42395.122699, 42432.000000, 1.000000, 2, 6.262809, 21117.656015, 21117.656015
Z3, 17, 2, 720, 16880.000000, 0.101147, 166885.819649, 167128.000000, 1.000000, 2, 6.262809, 46015.795405, 46015.795405
Z3, 18, 2, 720, 18392.000000, 0.101004, 182091.798345, 182096.000000, 1.000000, 2, 6.262809, 49056.991145, 49056.991145
Z3, 19, 2, 720, 9160.000000, 0.101013, 90681.397444, 90688.000000, 1.000000, 2, 6.262809, 30774.910964, 30774.910964
Z3, 20, 2, 720, 11592.000000, 0.100965, 114812.063586, 115920.000000, 1.000000, 2, 6.262809, 35601.044193, 35601.044193
Z3, 21, 2, 720, 9952.000000, 0.101023, 98512.219990, 98528.000000, 1.000000, 2, 6.262809, 32341.075474, 32341.075474
Z3, 22, 2, 720, 11064.000000, 0.100950, 109598.811293, 110640.000000, 1.000000, 2, 6.262809, 34558.393734, 34558.393734
Z3, 23, 2, 720, 14728.000000, 0.100927, 145927.254352, 147280.000000, 1.000000, 2, 6.262809, 41824.082346, 41824.082346
Z3, 24, 2, 720, 16264.000000, 0.100950, 161109.460129, 162640.000000, 1.000000, 2, 6.262809, 44860.523501, 44860.523501
Z3, 25, 2, 720, 9504.000000, 0.100934, 94160.540551, 95040.000000, 1.000000, 2, 6.262809, 31470.739586, 31470.739586
Z3, 26, 2, 720, 12688.000000, 0.100970, 125661.087452, 126880.000000, 1.000000, 2, 6.262809, 37770.848966, 37770.848966
Z3, 27, 2, 720, 17320.000000, 0.101097, 171320.612877, 171480.000000, 1.000000, 2, 6.262809, 46902.754051, 46902.754051
Z3, 28, 2, 720, 10632.000000, 0.101002, 105265.242272, 105264.000000, 1.000000, 2, 6.262809, 33691.679930, 33691.679930
Z3, 29, 2, 720, 8048.000000, 0.101006, 79678.434944, 79680.000000, 1.000000, 2, 6.262809, 28574.318465, 28574.318465
Z3, 30, 2, 720, 6376.000000, 0.100972, 63146.218754, 63760.000000, 1.000000, 2, 6.262809, 25267.875226, 25267.875226
Z3, 31, 2, 720, 6872.000000, 0.100985, 68049.710353, 68720.000000, 1.000000, 2, 6.262809, 26248.573546, 26248.573546
Z3, 32, 2, 720, 6872.000000, 0.101005, 68036.235830, 68032.000000, 1.000000, 2, 6.262809, 26245.878642, 26245.878642
Z3, 33, 2, 720, 6376.000000, 0.100960, 63153.724247, 63760.000000, 1.000000, 2, 6.262809, 25269.376325, 25269.376325
Z3, 34, 2, 720, 6872.000000, 0.100982, 68051.731992, 68720.000000, 1.000000, 2, 6.262809, 26248.977874, 26248.977874
Z3, 35, 2, 720, 6872.000000, 0.100948, 68074.652296, 68720.000000, 1.000000, 2, 6.262809, 26253.561935, 26253.561935
Z3, 36, 2, 720, 6376.000000, 0.100944, 63163.734348, 63760.000000, 1.000000, 2, 6.262809, 25271.378345, 25271.378345
Z3, 37, 2, 720, 6872.000000, 0.100960, 68066.561014, 68720.000000, 1.000000, 2, 6.262809, 26251.943679, 26251.943679
Z3, 38, 2, 720, 6872.000000, 0.100987, 68048.362661, 68720.000000, 1.000000, 2, 6.262809, 26248.304008, 26248.304008
Z1, 0, 3, 720, 12544.000000, 0.323138, 38819.327965, 38832.000000, 1.000000, 2, 12.513047, 34012.169601, 34012.169601
Z2, 0, 3, 720, 7080.000000, 0.641049, 11044.397542, 11040.000000, 1.000000, 2, 12.513047, 28457.183516, 28457.183516
Z2, 1, 3, 720, 5664.000000, 0.100942, 56111.430326, 56640.000000, 1.000000, 2, 12.513047, 37470.590073, 37470.590073
Z2, 2, 3, 720, 7080.000000, 0.100915, 70158.053808, 70800.000000, 1.000000, 2, 12.513047, 40279.914769, 40279.914769
Z2, 3, 3, 720, 18112.000000, 0.101019, 179293.004286, 179320.000000, 1.000000, 2, 12.513047, 62106.904865, 62106.904865
Z2, 4, 3, 720, 15304.000000, 0.101057, 151439.286739, 151520.000000, 1.000000, 2, 12.513047, 56536.161356, 56536.161356
Z2, 5, 3, 720, 17664.000000, 0.101002, 174887.625988, 174888.000000, 1.000000, 2, 12.513047, 61225.829205, 61225.829205
Z2, 6, 3, 720, 10240.000000, 0.100944, 101442.383896, 102400.000000, 1.000000, 2, 12.513047, 46536.780787, 46536.780787
Z2, 7, 3, 720, 8424.000000, 0.100908, 83481.983589, 84240.000000, 1.000000, 2, 12.513047, 42944.700726, 42944.700726
Z3, 0, 3, 720, 6624.000000, 0.325455, 20353.044200, 20376.000000, 1.000000, 2, 12.513047, 30318.912848, 30318.912848
Z3, 1, 3, 720, 5424.000000, 0.100844, 53786.045774, 54240.000000, 1.000000, 2, 12.513047, 37005.513163, 37005.513163
Z3, 2, 3, 720, 7080.000000, 0.100790, 70245.063994, 70800.000000, 1.000000, 2, 12.513047, 40297.316807, 40297.316807
Z3, 3, 3, 720, 7080.000000, 0.100793, 70242.973222, 70800.000000, 1.000000, 2, 12.513047, 40296.898652, 40296.898652
Z3, 4, 3, 720, 5664.000000, 0.100895, 56137.568760, 56640.000000, 1.000000, 2, 12.513047, 37475.817760, 37475.817760
Z3, 5, 3, 720, 7080.000000, 0.100982, 70111.505021, 70800.000000, 1.000000, 2, 12.513047, 40270.605012, 40270.605012
Z3, 6, 3, 720, 7080.000000, 0.100975, 70116.365437, 70800.000000, 1.000000, 2, 12.513047, 40271.577095, 40271.577095
Z3, 7, 3, 720, 5664.000000, 0.100897, 56136.455990, 56640.000000, 1.000000, 2, 12.513047, 37475.595206, 37475.595206
Z3, 8, 3, 720, 7080.000000, 0.100928, 70149.017121, 70800.000000, 1.000000, 2, 12.513047, 40278.107432, 40278.107432
Z3, 9, 3, 720, 7080.000000, 0.100985, 70109.422191, 70800.000000, 1.000000, 2, 12.513047, 40270.188446, 40270.188446
Z3, 10, 3, 720, 14120.000000, 0.100950, 139871.223378, 141200.000000, 1.000000, 2, 12.513047, 54222.548683, 54222.548683
Z3, 11, 3, 720, 17536.000000, 0.100895, 173804.450171, 175360.000000, 1.000000, 2, 12.513047, 61009.194042, 61009.194042
Z3, 12, 3, 720, 16008.000000, 0.101007, 158484.065461, 158488.000000, 1.000000, 2, 12.513047, 57945.117100, 57945.117100
Z3, 13, 3, 720, 10896.000000, 0.100981, 107901.486418, 108960.000000, 1.000000, 2, 12.513047, 47828.601291, 47828.601291
Z3, 14, 3, 720, 19720.000000, 0.415505, 47460.319370, 47512.000000, 1.000000, 2, 12.513047, 35740.367882, 35740.367882
Z3, 15, 3, 720, 20104.000000, 0.100981, 199086.956952, 201040.000000, 1.000000, 2, 12.513047, 66065.695398, 66065.695398
Z3, 16, 3, 720, 12504.000000, 0.101100, 123679.525223, 123800.000000, 1.000000, 2, 12.513047, 50984.209052, 50984.209052
Z3, 17, 3, 720, 23072.000000, 0.101053, 228315.834265, 228432.000000, 1.000000, 2, 12.513047, 71911.470861, 71911.470861
Z3, 18, 3, 720, 18632.000000, 0.101060, 184365.723333, 184472.000000, 1.000000, 2, 12.513047, 63121.448674, 63121.448674
Z3, 19, 3, 720, 9664.000000, 0.101068, 95618.791309, 95680.000000, 1.000000, 2, 12.513047, 45372.062270, 45372.062270
Z3, 20, 3, 720, 12280.000000, 0.101012, 121569.714489, 121584.000000, 1.000000, 2, 12.513047, 50562.246906, 50562.246906
Z3, 21, 3, 720, 10368.000000, 0.100976, 102677.864047, 103680.000000, 1.000000, 2, 12.513047, 46783.876817, 46783.876817
Z3, 22, 3, 720, 10520.000000, 0.100862, 104300.926018, 105200.000000, 1.000000, 2, 12.513047, 47108.489211, 47108.489211
Z3, 23, 3, 720, 15288.000000, 0.100847, 151595.982032, 152880.000000, 1.000000, 2, 12.513047, 56567.500414, 56567.500414
Z3, 24, 3, 720, 16344.000000, 0.100961, 161884.291954, 163440.000000, 1.000000, 2, 12.513047, 58625.162399, 58625.162399
Z3, 25, 3, 720, 9016.000000, 0.100922, 89336.319138, 90160.000000, 1.000000, 2, 12.513047, 44115.567835, 44115.567835
Z3, 26, 3, 720, 13800.000000, 0.100876, 136801.617828, 138000.000000, 1.000000, 2, 12.513047, 53608.627573, 53608.627573
Z3, 27, 3, 720, 9896.000000, 0.101003, 97977.287803, 97976.000000, 1.000000, 2, 12.513047, 45843.761568, 45843.761568
Z3, 28, 3, 720, 6376.000000, 0.100956, 63156.226475, 63760.000000, 1.000000, 2, 12.513047, 38879.549303, 38879.549303
Z3, 29, 3, 720, 6872.000000, 0.100945, 68076.675417, 68720.000000, 1.000000, 2, 12.513047, 39863.639091, 39863.639091
Z3, 30, 3, 720, 6872.000000, 0.100937, 68082.070995, 68720.000000, 1.000000, 2, 12.513047, 39864.718207, 39864.718207
Z3, 31, 3, 720, 6376.000000, 0.100902, 63190.025966, 63760.000000, 1.000000, 2, 12.513047, 38886.309201, 38886.309201
Z3, 32, 3, 720, 6872.000000, 0.100913, 68098.262860, 68720.000000, 1.000000, 2, 12.513047, 39867.956580, 39867.956580
Z3, 33, 3, 720, 6872.000000, 0.100909, 68100.962253, 68720.000000, 1.000000, 2, 12.513047, 39868.496458, 39868.496458
Z3, 34, 3, 720, 6376.000000, 0.100969, 63148.094960, 63760.000000, 1.000000, 2, 12.513047, 38877.923000, 38877.923000
Z3, 35, 3, 720, 6872.000000, 0.101026, 68022.093323, 68032.000000, 1.000000, 2, 12.513047, 39852.722672, 39852.722672
Z3, 36, 3, 720, 6872.000000, 0.100967, 68061.841988, 68720.000000, 1.000000, 2, 12.513047, 39860.672405, 39860.672405
Z3, 37, 3, 720, 6376.000000, 0.100960, 63153.724247, 63760.000000, 1.000000, 2, 12.513047, 38879.048857, 38879.048857
Z3, 38, 3, 720, 6872.000000, 0.101023, 68024.113321, 68032.000000, 1.000000, 2, 12.513047, 39853.126672, 39853.126672
Z1, 0, 4, 720, 6648.000000, 0.323000, 20582.043344, 20576.000000, 1.000000, 2, 18.667191, 43969.535341, 43969.535341
Z2, 0, 4, 720, 7296.000000, 0.323036, 22585.718000, 22584.000000, 1.000000, 2, 18.667191, 44370.270272, 44370.270272
Z2, 1, 4, 720, 7200.000000, 0.100838, 71401.654138, 72000.000000, 1.000000, 2, 18.667191, 54133.457500, 54133.457500
Z2, 2, 4, 720, 26248.000000, 0.100956, 259994.453029, 262480.000000, 1.000000, 2, 18.667191, 91852.017278, 91852.017278
Z2, 3, 4, 720, 17272.000000, 0.101015, 170984.507251, 171008.000000, 1.000000, 2, 18.667191, 74050.028122, 74050.028122
Z2, 4, 4, 720, 22592.000000, 0.101042, 223590.190218, 223680.000000, 1.000000, 2, 18.667191, 84571.164716, 84571.164716
Z2, 5, 4, 720, 8544.000000, 0.100941, 84643.504622, 85440.000000, 1.000000, 2, 18.667191, 56781.827596, 56781.827596
Z2, 6, 4, 720, 6424.000000, 0.100875, 63682.775713, 64240.000000, 1.000000, 2, 18.667191, 52589.681814, 52589.681814
Z2, 7, 4, 720, 6872.000000, 0.100844, 68144.857404, 68720.000000, 1.000000, 2, 18.667191, 53482.098153, 53482.098153
Z3, 0, 4, 720, 6624.000000, 0.322250, 20555.469356, 20568.000000, 1.000000, 2, 18.667191, 43964.220543, 43964.220543
Z3, 1, 4, 720, 6448.000000, 0.101006, 63837.791814, 63840.000000, 1.000000, 2, 18.667191, 52620.685035, 52620.685035
Z3, 2, 4, 720, 7448.000000, 0.100927, 73795.911897, 74480.000000, 1.000000, 2, 18.667191, 54612.309051, 54612.309051
Z3, 3, 4, 720, 7424.000000, 0.100961, 73533.344559, 74240.000000, 1.000000, 2, 18.667191, 54559.795584, 54559.795584
Z3, 4, 4, 720, 6648.000000, 0.100955, 65851.121787, 66480.000000, 1.000000, 2, 18.667191, 53023.351029, 53023.351029
Z3, 5, 4, 720, 7224.000000, 0.100952, 71558.760599, 72240.000000, 1.000000, 2, 18.667191, 54164.878792, 54164.878792
Z3, 6, 4, 720, 7240.000000, 0.100944, 71722.935489, 72400.000000, 1.000000, 2, 18.667191, 54197.713770, 54197.713770
Z3, 7, 4, 720, 6648.000000, 0.101011, 65814.614250, 65816.000000, 1.000000, 2, 18.667191, 53016.049522, 53016.049522
Z3, 8, 4, 720, 7232.000000, 0.100855, 71706.905954, 72320.000000, 1.000000, 2, 18.667191, 54194.507863, 54194.507863
Z3, 9, 4, 720, 7296.000000, 0.100920, 72294.887039, 72960.000000, 1.000000, 2, 18.667191, 54312.104080, 54312.104080
Z3, 10, 4, 720, 16456.000000, 0.101031, 162880.699983, 162928.000000, 1.000000, 2, 18.667191, 72429.266669, 72429.266669
Z3, 11, 4, 720, 25392.000000, 0.101076, 251216.906090, 251400.000000, 1.000000, 2, 18.667191, 90096.507890, 90096.507890
Z3, 12, 4, 720, 21592.000000, 0.101003, 213775.828441, 213776.000000, 1.000000, 2, 18.667191, 82608.292360, 82608.292360
Z3, 13, 4, 720, 13528.000000, 0.100954, 134001.624502, 135280.000000, 1.000000, 2, 18.667191, 66653.451572, 66653.451572
Z3, 14, 4, 720, 29512.000000, 0.101090, 291937.877139, 292192.000000, 1.000000, 2, 18.667191, 98240.702100, 98240.702100
Z3, 15, 4, 720, 29688.000000, 0.101069, 293739.920253, 293936.000000, 1.000000, 2, 18.667191, 98601.110722, 98601.110722
Z3, 16, 4, 720, 16760.000000, 0.101010, 165924.165924, 165936.000000, 1.000000, 2, 18.667191, 73037.959857, 73037.959857
Z3, 17, 4, 720, 33128.000000, 0.101080, 327740.403641, 328000.000000, 1.000000, 2, 18.667191, 105401.207400, 105401.207400
Z3, 18, 4, 720, 26240.000000, 0.101048, 259678.568601, 259800.000000, 1.000000, 2, 18.667191, 91788.840392, 91788.840392
Z3, 19, 4, 720, 14624.000000, 0.100878, 144967.188089, 146240.000000, 1.000000, 2, 18.667191, 68846.564290, 68846.564290
Z3, 20, 4, 720, 26816.000000, 0.100918, 265720.684120, 268160.000000, 1.000000, 2, 18.667191, 92997.263496, 92997.263496
Z3, 21, 4, 720, 23128.000000, 0.101027, 228928.900195, 228984.000000, 1.000000, 2, 18.667191, 85638.906711, 85638.906711
Z3, 22, 4, 720, 19440.000000, 0.101008, 192460.003168, 192472.000000, 1.000000, 2, 18.667191, 78345.127306, 78345.127306
Z3, 23, 4, 720, 29088.000000, 0.101097, 287723.671326, 288000.000000, 1.000000, 2, 18.667191, 97397.860937, 97397.860937
Z3, 24, 4, 720, 29840.000000, 0.101136, 295048.251859, 295440.000000, 1.000000, 2, 18.667191, 98862.777044, 98862.777044
Z3, 25, 4, 720, 17200.000000, 0.101025, 170254.887404, 170296.000000, 1.000000, 2, 18.667191, 73904.104153, 73904.104153
Z3, 26, 4, 720, 25664.000000, 0.100992, 254119.138150, 256640.000000, 1.000000, 2, 18.667191, 90676.954302, 90676.954302
Z3, 27, 4, 720, 26808.000000, 0.101050, 265294.408709, 265424.000000, 1.000000, 2, 18.667191, 92912.008414, 92912.008414
Z3, 28, 4, 720, 12720.000000, 0.101014, 125923.139367, 125936.000000, 1.000000, 2, 18.667191, 65037.754545, 65037.754545
Z3, 29, 4, 720, 11496.000000, 0.100896, 113939.105614, 114960.000000, 1.000000, 2, 18.667191, 62640.947795, 62640.947795
Z3, 30, 4, 720, 17472.000000, 0.101163, 172711.366804, 172984.000000, 1.000000, 2, 18.667191, 74395.400033, 74395.400033
Z3, 31, 4, 720, 6448.000000, 0.100860, 63930.200278, 64480.000000, 1.000000, 2, 18.667191, 52639.166727, 52639.166727
Z3, 32, 4, 720, 7200.000000, 0.100816, 71417.235359, 72000.000000, 1.000000, 2, 18.667191, 54136.573744, 54136.573744
Z3, 33, 4, 720, 7520.000000, 0.100888, 74538.101657, 75200.000000, 1.000000, 2, 18.667191, 54760.747003, 54760.747003
Z3, 34, 4, 720, 6728.000000, 0.100913, 66671.291112, 67280.000000, 1.000000, 2, 18.667191, 53187.384894, 53187.384894
Z3, 35, 4, 720, 7224.000000, 0.100963, 71550.964215, 72240.000000, 1.000000, 2, 18.667191, 54163.319515, 54163.319515
Z3, 36, 4, 720, 7256.000000, 0.100950, 71877.166914, 72560.000000, 1.000000, 2, 18.667191, 54228.560055, 54228.560055
Z3, 37, 4, 720, 6544.000000, 0.100954, 64821.601918, 65440.000000, 1.000000, 2, 18.667191, 52817.447055, 52817.447055
Z3, 38, 4, 720, 12272.000000, 0.101007, 121496.529943, 121504.000000, 1.000000, 2, 18.667191, 64152.432661, 64152.432661
Z1, 0, 5, 720, 8792.000000, 0.322075, 27297.989599, 27304.000000, 1.000000, 2, 24.186730, 69612.030580, 69612.030580
Z2, 0, 5, 720, 6624.000000, 0.749848, 8833.790315, 8840.000000, 1.000000, 2, 24.186730, 65919.190724, 65919.190724
Z2, 1, 5, 720, 7616.000000, 0.100903, 75478.429779, 76160.000000, 1.000000, 2, 24.186730, 79248.118616, 79248.118616
Z2, 2, 5, 720, 8816.000000, 0.100927, 87350.263061, 88160.000000, 1.000000, 2, 24.186730, 81622.485273, 81622.485273
Z2, 3, 5, 720, 14976.000000, 0.101052, 148200.926256, 148272.000000, 1.000000, 2, 24.186730, 93792.617912, 93792.617912
Z2, 4, 5, 720, 20272.000000, 0.529076, 38315.856323, 38320.000000, 1.000000, 2, 24.186730, 71815.603925, 71815.603925
Z2, 5, 5, 720, 21272.000000, 0.101106, 210393.052836, 210608.000000, 1.000000, 2, 24.186730, 106231.043228, 106231.043228
Z2, 6, 5, 720, 9680.000000, 0.101047, 95797.005354, 95840.000000, 1.000000, 2, 24.186730, 83311.833731, 83311.833731
Z2, 7, 5, 720, 12888.000000, 0.101059, 127529.462987, 127600.000000, 1.000000, 2, 24.186730, 89658.325258, 89658.325258
Z3, 0, 5, 720, 7712.000000, 0.322883, 23884.812765, 23944.000000, 1.000000, 2, 24.186730, 68929.395214, 68929.395214
Z3, 1, 5, 720, 9624.000000, 0.100954, 95330.546586, 96240.000000, 1.000000, 2, 24.186730, 83218.541978, 83218.541978
Z3, 2, 5, 720, 9096.000000, 0.101032, 90030.881305, 90056.000000, 1.000000, 2, 24.186730, 82158.608922, 82158.608922
Z3, 3, 5, 720, 7632.000000, 0.100807, 75709.028143, 76320.000000, 1.000000, 2, 24.186730, 79294.238289, 79294.238289
Z3, 4, 5, 720, 8304.000000, 0.100899, 82300.121904, 83040.000000, 1.000000, 2, 24.186730, 80612.457041, 80612.457041
Z3, 5, 5, 720, 8504.000000, 0.100955, 84235.550493, 85040.000000, 1.000000, 2, 24.186730, 80999.542759, 80999.542759
Z3, 6, 5, 720, 7384.000000, 0.100947, 73147.295115, 73840.000000, 1.000000, 2, 24.186730, 78781.891684, 78781.891684
Z3, 7, 5, 720, 8968.000000, 0.100952, 88834.297488, 89680.000000, 1.000000, 2, 24.186730, 81919.292158, 81919.292158
Z3, 8, 5, 720, 8912.000000, 0.100921, 88306.695336, 89120.000000, 1.000000, 2, 24.186730, 81813.771728, 81813.771728
Z3, 9, 5, 720, 16688.000000, 0.100980, 165260.447613, 166880.000000, 1.000000, 2, 24.186730, 97204.522183, 97204.522183
Z3, 10, 5, 720, 23832.000000, 0.339856, 70123.817146, 70296.000000, 1.000000, 2, 24.186730, 78177.196090, 78177.196090
Z3, 11, 5, 720, 21144.000000, 0.100896, 209562.321598, 211440.000000, 1.000000, 2, 24.186730, 106064.896980, 106064.896980
Z3, 12, 5, 720, 14272.000000, 0.101005, 141299.935647, 141304.000000, 1.000000, 2, 24.186730, 92412.419790, 92412.419790
Z3, 13, 5, 720, 27640.000000, 0.101016, 273620.020591, 273656.000000, 1.000000, 2, 24.186730, 118876.436779, 118876.436779
Z3, 14, 5, 720, 33288.000000, 0.101077, 329333.082699, 329584.000000, 1.000000, 2, 24.186730, 130019.049200, 130019.049200
Z3, 15, 5, 720, 17576.000000, 0.100975, 174062.886853, 175760.000000, 1.000000, 2, 24.186730, 98965.010031, 98965.010031
Z3, 16, 5, 720, 34872.000000, 0.101013, 345222.892103, 345264.000000, 1.000000, 2, 24.186730, 133197.011081, 133197.011081
Z3, 17, 5, 720, 27336.000000, 0.100998, 270658.824927, 273360.000000, 1.000000, 2, 24.186730, 118284.197646, 118284.197646
Z3, 18, 5, 720, 25312.000000, 0.101001, 250611.380085, 250608.000000, 1.000000, 2, 24.186730, 114274.708678, 114274.708678
Z3, 19, 5, 720, 18312.000000, 0.101020, 181271.035439, 181304.000000, 1.000000, 2, 24.186730, 100406.639748, 100406.639748
Z3, 20, 5, 720, 41432.000000, 0.101088, 409860.715416, 410216.000000, 1.000000, 2, 24.186730, 146124.575744, 146124.575744
Z3, 21, 5, 720, 36760.000000, 0.101068, 363715.518265, 363960.000000, 1.000000, 2, 24.186730, 136895.536314, 136895.536314
Z3, 22, 5, 720, 21272.000000, 0.101055, 210499.233091, 210608.000000, 1.000000, 2, 24.186730, 106252.279279, 106252.279279
Z3, 23, 5, 720, 43464.000000, 0.101125, 429804.697157, 430336.000000, 1.000000, 2, 24.186730, 150113.372092, 150113.372092
Z3, 24, 5, 720, 42000.000000, 0.101120, 415348.101266, 415840.000000, 1.000000, 2, 24.186730, 147222.052914, 147222.052914
Z3, 25, 5, 720, 20304.000000, 0.100997, 201035.674327, 203040.000000, 1.000000, 2, 24.186730, 104359.567526, 104359.567526
Z3, 26, 5, 720, 32736.000000, 0.101007, 324096.349758, 324112.000000, 1.000000, 2, 24.186730, 128971.702612, 128971.702612
Z3, 27, 5, 720, 34608.000000, 0.101081, 342378.884261, 342648.000000, 1.000000, 2, 24.186730, 132628.209513, 132628.209513
Z3, 28, 5, 720, 13208.000000, 0.100995, 130778.751423, 132080.000000, 1.000000, 2, 24.186730, 90308.182945, 90308.182945
Z3, 29, 5, 720, 16320.000000, 0.100936, 161686.613300, 163200.000000, 1.000000, 2, 24.186730, 96489.755321, 96489.755321
Z3, 30, 5, 720, 8752.000000, 0.100966, 86682.645643, 87520.000000, 1.000000, 2, 24.186730, 81488.961789, 81488.961789
Z3, 31, 5, 720, 12760.000000, 0.101002, 126334.131997, 126336.000000, 1.000000, 2, 24.186730, 89419.259060, 89419.259060
Z3, 32, 5, 720, 15440.000000, 0.101024, 152834.969908, 152864.000000, 1.000000, 2, 24.186730, 94719.426642, 94719.426642
Z3, 33, 5, 720, 10000.000000, 0.101020, 98990.298951, 99008.000000, 1.000000, 2, 24.186730, 83950.492451, 83950.492451
Z3, 34, 5, 720, 15200.000000, 0.101055, 150413.141359, 150488.000000, 1.000000, 2, 24.186730, 94235.060932, 94235.060932
Z3, 35, 5, 720, 18352.000000, 0.101000, 181702.970297, 181696.000000, 1.000000, 2, 24.186730, 100493.026720, 100493.026720
Z3, 36, 5, 720, 11224.000000, 0.100971, 111160.630280, 112240.000000, 1.000000, 2, 24.186730, 86384.558717, 86384.558717
Z3, 37, 5, 720, 23240.000000, 0.100962, 230185.614390, 232400.000000, 1.000000, 2, 24.186730, 110189.555539, 110189.555539
Z3, 38, 5, 720, 16824.000000, 0.101020, 166541.278955, 166568.000000, 1.000000, 2, 24.186730, 97460.688452, 97460.688452
Z1, 0, 6, 720, 7488.000000, 0.322357, 23228.904600, 23248.000000, 1.000000, 2, 30.800928, 89467.837896, 89467.837896
Z2, 0, 6, 720, 6624.000000, 0.758908, 8728.330707, 8736.000000, 1.000000, 2, 30.800928, 86567.723117, 86567.723117
Z2, 1, 6, 720, 6768.000000, 0.100974, 67027.155505, 67680.000000, 1.000000, 2, 30.800928, 98227.488077, 98227.488077
Z2, 2, 6, 720, 7752.000000, 0.101000, 76752.475248, 76752.000000, 1.000000, 2, 30.800928, 100172.552025, 100172.552025
Z2, 3, 6, 720, 10768.000000, 0.101100, 106508.407517, 106608.000000, 1.000000, 2, 30.800928, 106123.738479, 106123.738479
Z2, 4, 6, 720, 14912.000000, 0.101004, 147637.717318, 147640.000000, 1.000000, 2, 30.800928, 114349.600440, 114349.600440
Z2, 5, 6, 720, 14376.000000, 0.101041, 142278.876892, 142336.000000, 1.000000, 2, 30.800928, 113277.832354, 113277.832354
Z2, 6, 6, 720, 7176.000000, 0.101021, 71034.735352, 71048.000000, 1.000000, 2, 30.800928, 99029.004046, 99029.004046
Z2, 7, 6, 720, 8768.000000, 0.100967, 86840.254737, 87680.000000, 1.000000, 2, 30.800928, 102190.107923, 102190.107923
Z3, 0, 6, 720, 6760.000000, 0.323087, 20923.156921, 20928.000000, 1.000000, 2, 30.800928, 89006.688360, 89006.688360
Z3, 1, 6, 720, 8320.000000, 0.100951, 82416.221731, 83200.000000, 1.000000, 2, 30.800928, 101305.301322, 101305.301322
Z3, 2, 6, 720, 7800.000000, 0.100947, 77268.269488, 78000.000000, 1.000000, 2, 30.800928, 100275.710873, 100275.710873
Z3, 3, 6, 720, 6928.000000, 0.100949, 68628.713509, 69280.000000, 1.000000, 2, 30.800928, 98547.799678, 98547.799678
Z3, 4, 6, 720, 7472.000000, 0.100978, 73996.316029, 74720.000000, 1.000000, 2, 30.800928, 99621.320182, 99621.320182
Z3, 5, 6, 720, 7416.000000, 0.100954, 73459.199239, 74160.000000, 1.000000, 2, 30.800928, 99513.896824, 99513.896824
Z3, 6, 6, 720, 6760.000000, 0.100887, 67005.659798, 67600.000000, 1.000000, 2, 30.800928, 98223.188935, 98223.188935
Z3, 7, 6, 720, 7600.000000, 0.100971, 75269.136683, 76000.000000, 1.000000, 2, 30.800928, 99875.884312, 99875.884312
Z3, 8, 6, 720, 7600.000000, 0.100942, 75290.761031, 76000.000000, 1.000000, 2, 30.800928, 99880.209182, 99880.209182
Z3, 9, 6, 720, 12912.000000, 0.101012, 127826.396864, 127840.000000, 1.000000, 2, 30.800928, 110387.336349, 110387.336349
Z3, 10, 6, 720, 17552.000000, 0.100888, 173975.101102, 175520.000000, 1.000000, 2, 30.800928, 119617.077196, 119617.077196
Z3, 11, 6, 720, 14968.000000, 0.100993, 148208.291664, 149680.000000, 1.000000, 2, 30.800928, 114463.715309, 114463.715309
Z3, 12, 6, 720, 10336.000000, 0.100952, 102385.292020, 103360.000000, 1.000000, 2, 30.800928, 105299.115380, 105299.115380
Z3, 13, 6, 720, 18344.000000, 0.101056, 181523.115896, 181616.000000, 1.000000, 2, 30.800928, 121126.680155, 121126.680155
Z3, 14, 6, 720, 20456.000000, 0.101060, 202414.407283, 202528.000000, 1.000000, 2, 30.800928, 125304.938432, 125304.938432
Z3, 15, 6, 720, 12480.000000, 0.101042, 123512.994596, 123560.000000, 1.000000, 2, 30.800928, 109524.655895, 109524.655895
Z3, 16, 6, 720, 18912.000000, 0.101008, 187232.694440, 187240.000000, 1.000000, 2, 30.800928, 122268.595864, 122268.595864
Z3, 17, 6, 720, 16112.000000, 0.101038, 159464.755834, 159520.000000, 1.000000, 2, 30.800928, 116715.008143, 116715.008143
Z3, 18, 6, 720, 17456.000000, 0.101015, 172806.018908, 172824.000000, 1.000000, 2, 30.800928, 119383.260757, 119383.260757
Z3, 19, 6, 720, 16088.000000, 0.103316, 155716.442758, 156192.000000, 1.000000, 2, 30.800928, 115965.345528, 115965.345528
Z3, 20, 6, 720, 31984.000000, 0.101027, 316588.634721, 316672.000000, 1.000000, 2, 30.800928, 148139.783920, 148139.783920
Z3, 21, 6, 720, 21472.000000, 0.101034, 212522.517172, 212592.000000, 1.000000, 2, 30.800928, 127326.560410, 127326.560410
Z3, 22, 6, 720, 19320.000000, 0.101008, 191271.978457, 191280.000000, 1.000000, 2, 30.800928, 123076.452667, 123076.452667
Z3, 23, 6, 720, 33040.000000, 0.101129, 326711.427978, 327128.000000, 1.000000, 2, 30.800928, 150164.342572, 150164.342572
Z3, 24, 6, 720, 26472.000000, 0.101084, 261881.207708, 262096.000000, 1.000000, 2, 30.800928, 137198.298518, 137198.298518
Z3, 25, 6, 720, 12984.000000, 0.101010, 128541.728542, 128552.000000, 1.000000, 2, 30.800928, 110530.402684, 110530.402684
Z3, 26, 6, 720, 21128.000000, 0.101081, 209020.488519, 209184.000000, 1.000000, 2, 30.800928, 126626.154680, 126626.154680
Z3, 27, 6, 720, 21576.000000, 0.101057, 213503.270432, 213616.000000, 1.000000, 2, 30.800928, 127522.711062, 127522.711062
Z3, 28, 6, 720, 9568.000000, 0.101073, 94664.252570, 94728.000000, 1.000000, 2, 30.800928, 103754.907490, 103754.907490
Z3, 29, 6, 720, 12800.000000, 0.100984, 126752.752911, 128000.000000, 1.000000, 2, 30.800928, 110172.607558, 110172.607558
Z3, 30, 6, 720, 7048.000000, 0.100959, 69810.517141, 70480.000000, 1.000000, 2, 30.800928, 98784.160404, 98784.160404
Z3, 31, 6, 720, 8656.000000, 0.100941, 85753.063671, 86560.000000, 1.000000, 2, 30.800928, 101972.669710, 101972.669710
Z3, 32, 6, 720, 9488.000000, 0.101014, 93927.574396, 93936.000000, 1.000000, 2, 30.800928, 103607.571855, 103607.571855
Z3, 33, 6, 720, 8424.000000, 0.100979, 83423.286030, 84240.000000, 1.000000, 2, 30.800928, 101506.714182, 101506.714182
Z3, 34, 6, 720, 9328.000000, 0.101011, 92346.378117, 92352.000000, 1.000000, 2, 30.800928, 103291.332599, 103291.332599
Z3, 35, 6, 720, 8680.000000, 0.100810, 86102.569190, 86800.000000, 1.000000, 2, 30.800928, 102042.570814, 102042.570814
Z3, 36, 6, 720, 7160.000000, 0.100960, 70919.175911, 71600.000000, 1.000000, 2, 30.800928, 99005.892158, 99005.892158
Z3, 37, 6, 720, 10360.000000, 0.101021, 102552.934538, 102568.000000, 1.000000, 2, 30.800928, 105332.643884, 105332.643884
Z3, 38, 6, 720, 9048.000000, 0.101105, 89491.123090, 89584.000000, 1.000000, 2, 30.800928, 102720.281594, 102720.281594
