Zone, Tile_no, Seg_no, Reso, Seg_d_size, Seg_d_time, Bitrate, Bitrate1, Buf_lev, Buf_limit, Elapsed, Ref_vp, Local_avg,QoE,QoE1,Z1,Z2,Z3,delay,jitter,loss
Z1,0,1,720,9960.0,0.166168,59939.338501,60000.0,1.0,2,6.1e-05,59939.338501,59939.338501,9240272.970778998,24183290.7217669,1153055.4258833001,28110447.242202297,177540624.7520813,50,25,0
Z2,0,1,720,8952.0,0.162948,54937.771559,55256.0,1.0,2,6.1e-05,27468.88578,27468.88578,9240272.970778998,24183290.7217669,1153055.4258833001,28110447.242202297,177540624.7520813,50,25,0
Z2,1,1,720,5424.0,0.070651,76771.73713,77480.0,1.0,2,6.1e-05,25590.579043,25590.579043,9240272.970778998,24183290.7217669,1153055.4258833001,28110447.242202297,177540624.7520813,50,25,0
Z2,2,1,720,7080.0,0.052515,134818.62325,136152.0,1.0,2,6.1e-05,33704.655813,33704.655813,9240272.970778998,24183290.7217669,1153055.4258833001,28110447.242202297,177540624.7520813,50,25,0
Z2,3,1,720,18976.0,0.035421,535727.393354,542168.0,1.0,2,6.1e-05,107145.478671,107145.478671,9240272.970778998,24183290.7217669,1153055.4258833001,28110447.242202297,177540624.7520813,50,25,0
Z2,4,1,720,8720.0,0.035223,247565.511172,249136.0,1.0,2,6.1e-05,49513.102234,49513.102234,9240272.970778998,24183290.7217669,1153055.4258833001,28110447.242202297,177540624.7520813,50,25,0
Z2,5,1,720,8336.0,0.068535,121631.283286,122584.0,1.0,2,6.1e-05,24326.256657,24326.256657,9240272.970778998,24183290.7217669,1153055.4258833001,28110447.242202297,177540624.7520813,50,25,0
Z2,6,1,720,6376.0,0.040695,156677.724536,159400.0,1.0,2,6.1e-05,31335.544907,31335.544907,9240272.970778998,24183290.7217669,1153055.4258833001,28110447.242202297,177540624.7520813,50,25,0
Z2,7,1,720,6872.0,0.043755,157056.336419,159808.0,1.0,2,6.1e-05,31411.267284,31411.267284,9240272.970778998,24183290.7217669,1153055.4258833001,28110447.242202297,177540624.7520813,50,25,0
Z3,0,1,720,7080.0,0.183603,38561.461414,38688.0,1.0,2,6.1e-05,7712.292283,7712.292283,9240272.970778998,24183290.7217669,1153055.4258833001,28110447.242202297,177540624.7520813,50,25,0
Z3,1,1,720,7080.0,0.057364,123422.355484,124208.0,1.0,2,6.1e-05,24684.471097,24684.471097,9240272.970778998,24183290.7217669,1153055.4258833001,28110447.242202297,177540624.7520813,50,25,0
Z3,2,1,720,5664.0,0.054661,103620.497247,104888.0,1.0,2,6.1e-05,20724.099449,20724.099449,9240272.970778998,24183290.7217669,1153055.4258833001,28110447.242202297,177540624.7520813,50,25,0
Z3,3,1,720,7080.0,0.066196,106955.103027,107272.0,1.0,2,6.1e-05,21391.020605,21391.020605,9240272.970778998,24183290.7217669,1153055.4258833001,28110447.242202297,177540624.7520813,50,25,0
Z3,4,1,720,7080.0,0.056441,125440.725714,126424.0,1.0,2,6.1e-05,25088.145143,25088.145143,9240272.970778998,24183290.7217669,1153055.4258833001,28110447.242202297,177540624.7520813,50,25,0
Z3,5,1,720,5664.0,0.034151,165851.658809,166584.0,1.0,2,6.1e-05,33170.331762,33170.331762,9240272.970778998,24183290.7217669,1153055.4258833001,28110447.242202297,177540624.7520813,50,25,0
Z3,6,1,720,7080.0,0.052669,134424.424234,136152.0,1.0,2,6.1e-05,26884.884847,26884.884847,9240272.970778998,24183290.7217669,1153055.4258833001,28110447.242202297,177540624.7520813,50,25,0
Z3,7,1,720,7080.0,0.060061,117880.155176,118000.0,1.0,2,6.1e-05,23576.031035,23576.031035,9240272.970778998,24183290.7217669,1153055.4258833001,28110447.242202297,177540624.7520813,50,25,0
Z3,8,1,720,5664.0,0.029496,192026.037429,195304.0,1.0,2,6.1e-05,38405.207486,38405.207486,9240272.970778998,24183290.7217669,1153055.4258833001,28110447.242202297,177540624.7520813,50,25,0
Z3,9,1,720,7080.0,0.068124,103928.131055,104112.0,1.0,2,6.1e-05,20785.626211,20785.626211,9240272.970778998,24183290.7217669,1153055.4258833001,28110447.242202297,177540624.7520813,50,25,0
Z3,10,1,720,12904.0,0.061421,210091.011218,211536.0,1.0,2,6.1e-05,42018.202244,42018.202244,9240272.970778998,24183290.7217669,1153055.4258833001,28110447.242202297,177540624.7520813,50,25,0
Z3,11,1,720,17344.0,0.051566,336345.654113,340072.0,1.0,2,6.1e-05,67269.130823,67269.130823,9240272.970778998,24183290.7217669,1153055.4258833001,28110447.242202297,177540624.7520813,50,25,0
Z3,12,1,720,16912.0,0.060613,279016.052662,281864.0,1.0,2,6.1e-05,55803.210532,55803.210532,9240272.970778998,24183290.7217669,1153055.4258833001,28110447.242202297,177540624.7520813,50,25,0
Z3,13,1,720,13240.0,0.046067,287407.471726,287824.0,1.0,2,6.1e-05,57481.494345,57481.494345,9240272.970778998,24183290.7217669,1153055.4258833001,28110447.242202297,177540624.7520813,50,25,0
Z3,14,1,720,28328.0,0.075107,377168.572836,377704.0,1.0,2,6.1e-05,75433.714567,75433.714567,9240272.970778998,24183290.7217669,1153055.4258833001,28110447.242202297,177540624.7520813,50,25,0
Z3,15,1,720,30528.0,0.049457,617263.481408,623016.0,1.0,2,6.1e-05,123452.696282,123452.696282,9240272.970778998,24183290.7217669,1153055.4258833001,28110447.242202297,177540624.7520813,50,25,0
Z3,16,1,720,16360.0,0.052885,309350.477451,314608.0,1.0,2,6.1e-05,61870.09549,61870.09549,9240272.970778998,24183290.7217669,1153055.4258833001,28110447.242202297,177540624.7520813,50,25,0
Z3,17,1,720,33216.0,0.041814,794375.089683,810144.0,1.0,2,6.1e-05,158875.017937,158875.017937,9240272.970778998,24183290.7217669,1153055.4258833001,28110447.242202297,177540624.7520813,50,25,0
Z3,18,1,720,28000.0,0.075739,369690.648147,373328.0,1.0,2,6.1e-05,73938.129629,73938.129629,9240272.970778998,24183290.7217669,1153055.4258833001,28110447.242202297,177540624.7520813,50,25,0
Z3,19,1,720,15744.0,0.043739,359953.359702,366136.0,1.0,2,6.1e-05,71990.67194,71990.67194,9240272.970778998,24183290.7217669,1153055.4258833001,28110447.242202297,177540624.7520813,50,25,0
Z3,20,1,720,16024.0,0.054641,293259.640197,296736.0,1.0,2,6.1e-05,58651.928039,58651.928039,9240272.970778998,24183290.7217669,1153055.4258833001,28110447.242202297,177540624.7520813,50,25,0
Z3,21,1,720,11576.0,0.07046,164291.796764,165368.0,1.0,2,6.1e-05,32858.359353,32858.359353,9240272.970778998,24183290.7217669,1153055.4258833001,28110447.242202297,177540624.7520813,50,25,0
Z3,22,1,720,10816.0,0.069788,154983.664813,156752.0,1.0,2,6.1e-05,30996.732963,30996.732963,9240272.970778998,24183290.7217669,1153055.4258833001,28110447.242202297,177540624.7520813,50,25,0
Z3,23,1,720,13224.0,0.028532,463479.601851,472280.0,1.0,2,6.1e-05,92695.92037,92695.92037,9240272.970778998,24183290.7217669,1153055.4258833001,28110447.242202297,177540624.7520813,50,25,0
Z3,24,1,720,17528.0,0.065598,267203.268392,269656.0,1.0,2,6.1e-05,53440.653678,53440.653678,9240272.970778998,24183290.7217669,1153055.4258833001,28110447.242202297,177540624.7520813,50,25,0
Z3,25,1,720,23824.0,0.070625,337330.973451,340336.0,1.0,2,6.1e-05,67466.19469,67466.19469,9240272.970778998,24183290.7217669,1153055.4258833001,28110447.242202297,177540624.7520813,50,25,0
Z3,26,1,720,11024.0,0.05532,199276.934201,200432.0,1.0,2,6.1e-05,39855.38684,39855.38684,9240272.970778998,24183290.7217669,1153055.4258833001,28110447.242202297,177540624.7520813,50,25,0
Z3,27,1,720,15112.0,0.041566,363566.376365,368584.0,1.0,2,6.1e-05,72713.275273,72713.275273,9240272.970778998,24183290.7217669,1153055.4258833001,28110447.242202297,177540624.7520813,50,25,0
Z3,28,1,720,24552.0,0.065109,377090.724785,377720.0,1.0,2,6.1e-05,75418.144957,75418.144957,9240272.970778998,24183290.7217669,1153055.4258833001,28110447.242202297,177540624.7520813,50,25,0
Z3,29,1,720,10824.0,0.03495,309699.570815,318352.0,1.0,2,6.1e-05,61939.914163,61939.914163,9240272.970778998,24183290.7217669,1153055.4258833001,28110447.242202297,177540624.7520813,50,25,0
Z3,30,1,720,6872.0,0.052652,130517.359265,132152.0,1.0,2,6.1e-05,26103.471853,26103.471853,9240272.970778998,24183290.7217669,1153055.4258833001,28110447.242202297,177540624.7520813,50,25,0
Z3,31,1,720,6872.0,0.048085,142913.590517,143160.0,1.0,2,6.1e-05,28582.718103,28582.718103,9240272.970778998,24183290.7217669,1153055.4258833001,28110447.242202297,177540624.7520813,50,25,0
Z3,32,1,720,6376.0,0.034848,182966.023875,187528.0,1.0,2,6.1e-05,36593.204775,36593.204775,9240272.970778998,24183290.7217669,1153055.4258833001,28110447.242202297,177540624.7520813,50,25,0
Z3,33,1,720,6872.0,0.057671,119158.675938,120560.0,1.0,2,6.1e-05,23831.735188,23831.735188,9240272.970778998,24183290.7217669,1153055.4258833001,28110447.242202297,177540624.7520813,50,25,0
Z3,34,1,720,6872.0,0.065458,104983.348101,105720.0,1.0,2,6.1e-05,20996.66962,20996.66962,9240272.970778998,24183290.7217669,1153055.4258833001,28110447.242202297,177540624.7520813,50,25,0
Z3,35,1,720,6376.0,0.053629,118890.898581,120296.0,1.0,2,6.1e-05,23778.179716,23778.179716,9240272.970778998,24183290.7217669,1153055.4258833001,28110447.242202297,177540624.7520813,50,25,0
Z3,36,1,720,6872.0,0.057219,120099.966794,120560.0,1.0,2,6.1e-05,24019.993359,24019.993359,9240272.970778998,24183290.7217669,1153055.4258833001,28110447.242202297,177540624.7520813,50,25,0
Z3,37,1,720,6872.0,0.037998,180851.62377,185728.0,1.0,2,6.1e-05,36170.324754,36170.324754,9240272.970778998,24183290.7217669,1153055.4258833001,28110447.242202297,177540624.7520813,50,25,0
Z3,38,1,720,6376.0,0.046323,137642.207974,138608.0,1.0,2,6.1e-05,27528.441595,27528.441595,9240272.970778998,24183290.7217669,1153055.4258833001,28110447.242202297,177540624.7520813,50,25,0
Z1,0,2,720,7080.0,0.196264,36073.859699,36120.0,1.0,2,2.914513,34743.213535,34743.213535,9240272.970778998,24183290.7217669,1153055.4258833001,28110447.242202297,177540624.7520813,50,25,0
Z2,0,2,720,6624.0,0.160673,41226.590653,41400.0,1.0,2,2.914513,35773.759726,35773.759726,9240272.970778998,24183290.7217669,1153055.4258833001,28110447.242202297,177540624.7520813,50,25,0
Z2,1,2,720,5424.0,0.057507,94318.952475,95152.0,1.0,2,2.914513,46392.23209,46392.23209,9240272.970778998,24183290.7217669,1153055.4258833001,28110447.242202297,177540624.7520813,50,25,0
Z2,2,2,720,7080.0,0.029739,238071.219611,244136.0,1.0,2,2.914513,75142.685517,75142.685517,9240272.970778998,24183290.7217669,1153055.4258833001,28110447.242202297,177540624.7520813,50,25,0
Z2,3,2,720,12648.0,0.041185,307102.100279,308480.0,1.0,2,2.914513,88948.861651,88948.861651,9240272.970778998,24183290.7217669,1153055.4258833001,28110447.242202297,177540624.7520813,50,25,0
Z2,4,2,720,15344.0,0.058197,263656.20221,264544.0,1.0,2,2.914513,80259.682037,80259.682037,9240272.970778998,24183290.7217669,1153055.4258833001,28110447.242202297,177540624.7520813,50,25,0
Z2,5,2,720,18392.0,0.032792,560868.504513,574744.0,1.0,2,2.914513,139702.142498,139702.142498,9240272.970778998,24183290.7217669,1153055.4258833001,28110447.242202297,177540624.7520813,50,25,0
Z2,6,2,720,9160.0,0.042974,213152.138502,218088.0,1.0,2,2.914513,70158.869295,70158.869295,9240272.970778998,24183290.7217669,1153055.4258833001,28110447.242202297,177540624.7520813,50,25,0
Z2,7,2,720,8048.0,0.036493,220535.445154,223552.0,1.0,2,2.914513,71635.530626,71635.530626,9240272.970778998,24183290.7217669,1153055.4258833001,28110447.242202297,177540624.7520813,50,25,0
Z3,0,2,720,7080.0,0.160686,44061.088085,44248.0,1.0,2,2.914513,36340.659212,36340.659212,9240272.970778998,24183290.7217669,1153055.4258833001,28110447.242202297,177540624.7520813,50,25,0
Z3,1,2,720,7080.0,0.066305,106779.277581,107272.0,1.0,2,2.914513,48884.297111,48884.297111,9240272.970778998,24183290.7217669,1153055.4258833001,28110447.242202297,177540624.7520813,50,25,0
Z3,2,2,720,5664.0,0.03279,172735.590119,177000.0,1.0,2,2.914513,62075.559619,62075.559619,9240272.970778998,24183290.7217669,1153055.4258833001,28110447.242202297,177540624.7520813,50,25,0
Z3,3,2,720,7080.0,0.051326,137941.783891,138816.0,1.0,2,2.914513,55116.798373,55116.798373,9240272.970778998,24183290.7217669,1153055.4258833001,28110447.242202297,177540624.7520813,50,25,0
Z3,4,2,720,7080.0,0.031986,221346.839242,228384.0,1.0,2,2.914513,71797.809443,71797.809443,9240272.970778998,24183290.7217669,1153055.4258833001,28110447.242202297,177540624.7520813,50,25,0
Z3,5,2,720,5664.0,0.028274,200325.387282,202280.0,1.0,2,2.914513,67593.519051,67593.519051,9240272.970778998,24183290.7217669,1153055.4258833001,28110447.242202297,177540624.7520813,50,25,0
Z3,6,2,720,7080.0,0.067065,105569.223887,105664.0,1.0,2,2.914513,48642.286372,48642.286372,9240272.970778998,24183290.7217669,1153055.4258833001,28110447.242202297,177540624.7520813,50,25,0
Z3,7,2,720,7080.0,0.053779,131649.900519,133584.0,1.0,2,2.914513,53858.421699,53858.421699,9240272.970778998,24183290.7217669,1153055.4258833001,28110447.242202297,177540624.7520813,50,25,0
Z3,8,2,720,5664.0,0.027761,204027.232448,209776.0,1.0,2,2.914513,68333.888085,68333.888085,9240272.970778998,24183290.7217669,1153055.4258833001,28110447.242202297,177540624.7520813,50,25,0
Z3,9,2,720,17112.0,0.057231,298998.79436,300208.0,1.0,2,2.914513,87328.200467,87328.200467,9240272.970778998,24183290.7217669,1153055.4258833001,28110447.242202297,177540624.7520813,50,25,0
Z3,10,2,720,15320.0,0.062417,245445.952225,247096.0,1.0,2,2.914513,76617.63204,76617.63204,9240272.970778998,24183290.7217669,1153055.4258833001,28110447.242202297,177540624.7520813,50,25,0
Z3,11,2,720,10704.0,0.028742,372416.672465,382280.0,1.0,2,2.914513,102011.776088,102011.776088,9240272.970778998,24183290.7217669,1153055.4258833001,28110447.242202297,177540624.7520813,50,25,0
Z3,12,2,720,18776.0,0.037375,502367.892977,507456.0,1.0,2,2.914513,128002.02019,128002.02019,9240272.970778998,24183290.7217669,1153055.4258833001,28110447.242202297,177540624.7520813,50,25,0
Z3,13,2,720,21848.0,0.068662,318196.382278,321288.0,1.0,2,2.914513,91167.718051,91167.718051,9240272.970778998,24183290.7217669,1153055.4258833001,28110447.242202297,177540624.7520813,50,25,0
Z3,14,2,720,12752.0,0.039565,322305.06761,326968.0,1.0,2,2.914513,91989.455117,91989.455117,9240272.970778998,24183290.7217669,1153055.4258833001,28110447.242202297,177540624.7520813,50,25,0
Z3,15,2,720,21856.0,0.053578,407928.627422,412376.0,1.0,2,2.914513,109114.167079,109114.167079,9240272.970778998,24183290.7217669,1153055.4258833001,28110447.242202297,177540624.7520813,50,25,0
Z3,16,2,720,16880.0,0.031776,531218.529708,544512.0,1.0,2,2.914513,133772.147536,133772.147536,9240272.970778998,24183290.7217669,1153055.4258833001,28110447.242202297,177540624.7520813,50,25,0
Z3,17,2,720,12128.0,0.042956,282335.412981,288760.0,1.0,2,2.914513,83995.524191,83995.524191,9240272.970778998,24183290.7217669,1153055.4258833001,28110447.242202297,177540624.7520813,50,25,0
Z3,18,2,720,11592.0,0.066296,174852.17811,175632.0,1.0,2,2.914513,62498.877217,62498.877217,9240272.970778998,24183290.7217669,1153055.4258833001,28110447.242202297,177540624.7520813,50,25,0
Z3,19,2,720,9952.0,0.032841,303035.839347,311000.0,1.0,2,2.914513,88135.609464,88135.609464,9240272.970778998,24183290.7217669,1153055.4258833001,28110447.242202297,177540624.7520813,50,25,0
Z3,20,2,720,11064.0,0.041911,263987.974517,269848.0,1.0,2,2.914513,80326.036498,80326.036498,9240272.970778998,24183290.7217669,1153055.4258833001,28110447.242202297,177540624.7520813,50,25,0
Z3,21,2,720,14728.0,0.029533,498696.373548,507856.0,1.0,2,2.914513,127267.716305,127267.716305,9240272.970778998,24183290.7217669,1153055.4258833001,28110447.242202297,177540624.7520813,50,25,0
Z3,22,2,720,16264.0,0.05107,318464.852164,318896.0,1.0,2,2.914513,91221.412028,91221.412028,9240272.970778998,24183290.7217669,1153055.4258833001,28110447.242202297,177540624.7520813,50,25,0
Z3,23,2,720,9504.0,0.059122,160752.342614,161080.0,1.0,2,2.914513,59678.910118,59678.910118,9240272.970778998,24183290.7217669,1153055.4258833001,28110447.242202297,177540624.7520813,50,25,0
Z3,24,2,720,12688.0,0.063014,201352.08049,201392.0,1.0,2,2.914513,67798.857693,67798.857693,9240272.970778998,24183290.7217669,1153055.4258833001,28110447.242202297,177540624.7520813,50,25,0
Z3,25,2,720,17320.0,0.029248,592177.242888,597240.0,1.0,2,2.914513,145963.890173,145963.890173,9240272.970778998,24183290.7217669,1153055.4258833001,28110447.242202297,177540624.7520813,50,25,0
Z3,26,2,720,10632.0,0.068961,154174.098403,156352.0,1.0,2,2.914513,58363.261276,58363.261276,9240272.970778998,24183290.7217669,1153055.4258833001,28110447.242202297,177540624.7520813,50,25,0
Z3,27,2,720,9320.0,0.067427,138223.560295,139104.0,1.0,2,2.914513,55173.153654,55173.153654,9240272.970778998,24183290.7217669,1153055.4258833001,28110447.242202297,177540624.7520813,50,25,0
Z3,28,2,720,6376.0,0.064135,99415.29586,99624.0,1.0,2,2.914513,47411.500767,47411.500767,9240272.970778998,24183290.7217669,1153055.4258833001,28110447.242202297,177540624.7520813,50,25,0
Z3,29,2,720,6872.0,0.052336,131305.411189,132152.0,1.0,2,2.914513,53789.523833,53789.523833,9240272.970778998,24183290.7217669,1153055.4258833001,28110447.242202297,177540624.7520813,50,25,0
Z3,30,2,720,6872.0,0.036473,188413.346859,190888.0,1.0,2,2.914513,65211.110967,65211.110967,9240272.970778998,24183290.7217669,1153055.4258833001,28110447.242202297,177540624.7520813,50,25,0
Z3,31,2,720,6376.0,0.037101,171855.206059,172320.0,1.0,2,2.914513,61899.482807,61899.482807,9240272.970778998,24183290.7217669,1153055.4258833001,28110447.242202297,177540624.7520813,50,25,0
Z3,32,2,720,6872.0,0.049394,139126.209661,140240.0,1.0,2,2.914513,55353.683527,55353.683527,9240272.970778998,24183290.7217669,1153055.4258833001,28110447.242202297,177540624.7520813,50,25,0
Z3,33,2,720,6872.0,0.065741,104531.418749,105720.0,1.0,2,2.914513,48434.725345,48434.725345,9240272.970778998,24183290.7217669,1153055.4258833001,28110447.242202297,177540624.7520813,50,25,0
Z3,34,2,720,6376.0,0.047385,134557.349372,135656.0,1.0,2,2.914513,54439.911469,54439.911469,9240272.970778998,24183290.7217669,1153055.4258833001,28110447.242202297,177540624.7520813,50,25,0
Z3,35,2,720,6872.0,0.033271,206546.241472,208240.0,1.0,2,2.914513,68837.689889,68837.689889,9240272.970778998,24183290.7217669,1153055.4258833001,28110447.242202297,177540624.7520813,50,25,0
Z3,36,2,720,6872.0,0.037981,180932.571549,185728.0,1.0,2,2.914513,63714.955905,63714.955905,9240272.970778998,24183290.7217669,1153055.4258833001,28110447.242202297,177540624.7520813,50,25,0
Z3,37,2,720,6376.0,0.055199,115509.338937,115920.0,1.0,2,2.914513,50630.309382,50630.309382,9240272.970778998,24183290.7217669,1153055.4258833001,28110447.242202297,177540624.7520813,50,25,0
Z3,38,2,720,6872.0,0.029227,235125.055599,236960.0,1.0,2,2.914513,74553.452715,74553.452715,9240272.970778998,24183290.7217669,1153055.4258833001,28110447.242202297,177540624.7520813,50,25,0
Z1,0,3,720,9896.0,0.186226,53139.733442,53200.0,1.0,2,5.537206,85181.399403,85181.399403,9240272.970778998,24183290.7217669,1153055.4258833001,28110447.242202297,177540624.7520813,50,25,0
Z2,0,3,720,6624.0,0.184252,35950.763085,36000.0,1.0,2,5.537206,81743.605332,81743.605332,9240272.970778998,24183290.7217669,1153055.4258833001,28110447.242202297,177540624.7520813,50,25,0
Z2,1,3,720,5424.0,0.071351,76018.556152,76392.0,1.0,2,5.537206,89757.163945,89757.163945,9240272.970778998,24183290.7217669,1153055.4258833001,28110447.242202297,177540624.7520813,50,25,0
Z2,2,3,720,7080.0,0.032074,220739.539814,221248.0,1.0,2,5.537206,118701.360678,118701.360678,9240272.970778998,24183290.7217669,1153055.4258833001,28110447.242202297,177540624.7520813,50,25,0
Z2,3,3,720,18632.0,0.04624,402941.176471,405040.0,1.0,2,5.537206,155141.688009,155141.688009,9240272.970778998,24183290.7217669,1153055.4258833001,28110447.242202297,177540624.7520813,50,25,0
Z2,4,3,720,9664.0,0.031785,304042.787478,311736.0,1.0,2,5.537206,135362.01021,135362.01021,9240272.970778998,24183290.7217669,1153055.4258833001,28110447.242202297,177540624.7520813,50,25,0
Z2,5,3,720,8424.0,0.029114,289345.332143,290480.0,1.0,2,5.537206,132422.519143,132422.519143,9240272.970778998,24183290.7217669,1153055.4258833001,28110447.242202297,177540624.7520813,50,25,0
Z2,6,3,720,6376.0,0.052089,122405.88224,122608.0,1.0,2,5.537206,99034.629163,99034.629163,9240272.970778998,24183290.7217669,1153055.4258833001,28110447.242202297,177540624.7520813,50,25,0
Z2,7,3,720,6872.0,0.071604,95972.292051,96784.0,1.0,2,5.537206,93747.911125,93747.911125,9240272.970778998,24183290.7217669,1153055.4258833001,28110447.242202297,177540624.7520813,50,25,0
Z3,0,3,720,7080.0,0.210691,33603.713495,33712.0,1.0,2,5.537206,81274.195414,81274.195414,9240272.970778998,24183290.7217669,1153055.4258833001,28110447.242202297,177540624.7520813,50,25,0
Z3,1,3,720,7080.0,0.047526,148971.089509,150632.0,1.0,2,5.537206,104347.670617,104347.670617,9240272.970778998,24183290.7217669,1153055.4258833001,28110447.242202297,177540624.7520813,50,25,0
Z3,2,3,720,5664.0,0.052964,106940.563402,108920.0,1.0,2,5.537206,95941.565395,95941.565395,9240272.970778998,24183290.7217669,1153055.4258833001,28110447.242202297,177540624.7520813,50,25,0
Z3,3,3,720,7080.0,0.034095,207655.08139,208232.0,1.0,2,5.537206,116084.468993,116084.468993,9240272.970778998,24183290.7217669,1153055.4258833001,28110447.242202297,177540624.7520813,50,25,0
Z3,4,3,720,7080.0,0.052494,134872.556864,136152.0,1.0,2,5.537206,101527.964087,101527.964087,9240272.970778998,24183290.7217669,1153055.4258833001,28110447.242202297,177540624.7520813,50,25,0
Z3,5,3,720,5664.0,0.0357,158655.462185,161824.0,1.0,2,5.537206,106284.545152,106284.545152,9240272.970778998,24183290.7217669,1153055.4258833001,28110447.242202297,177540624.7520813,50,25,0
Z3,6,3,720,7080.0,0.042137,168023.352398,168568.0,1.0,2,5.537206,108158.123194,108158.123194,9240272.970778998,24183290.7217669,1153055.4258833001,28110447.242202297,177540624.7520813,50,25,0
Z3,7,3,720,7080.0,0.07337,96497.205942,96984.0,1.0,2,5.537206,93852.893903,93852.893903,9240272.970778998,24183290.7217669,1153055.4258833001,28110447.242202297,177540624.7520813,50,25,0
Z3,8,3,720,5664.0,0.038749,146171.514104,149048.0,1.0,2,5.537206,103787.755535,103787.755535,9240272.970778998,24183290.7217669,1153055.4258833001,28110447.242202297,177540624.7520813,50,25,0
Z3,9,3,720,7080.0,0.044764,158162.8094,160904.0,1.0,2,5.537206,106186.014595,106186.014595,9240272.970778998,24183290.7217669,1153055.4258833001,28110447.242202297,177540624.7520813,50,25,0
Z3,10,3,720,14120.0,0.04287,329367.85631,336184.0,1.0,2,5.537206,140427.023977,140427.023977,9240272.970778998,24183290.7217669,1153055.4258833001,28110447.242202297,177540624.7520813,50,25,0
Z3,11,3,720,17536.0,0.045146,388428.653701,389688.0,1.0,2,5.537206,152239.183455,152239.183455,9240272.970778998,24183290.7217669,1153055.4258833001,28110447.242202297,177540624.7520813,50,25,0
Z3,12,3,720,16008.0,0.07037,227483.302544,228680.0,1.0,2,5.537206,120050.113223,120050.113223,9240272.970778998,24183290.7217669,1153055.4258833001,28110447.242202297,177540624.7520813,50,25,0
Z3,13,3,720,10896.0,0.060888,178951.51754,181600.0,1.0,2,5.537206,110343.756223,110343.756223,9240272.970778998,24183290.7217669,1153055.4258833001,28110447.242202297,177540624.7520813,50,25,0
Z3,14,3,720,19720.0,0.073363,268800.34895,270136.0,1.0,2,5.537206,128313.522505,128313.522505,9240272.970778998,24183290.7217669,1153055.4258833001,28110447.242202297,177540624.7520813,50,25,0
Z3,15,3,720,20104.0,0.030633,656285.704959,670128.0,1.0,2,5.537206,205810.593706,205810.593706,9240272.970778998,24183290.7217669,1153055.4258833001,28110447.242202297,177540624.7520813,50,25,0
Z3,16,3,720,12504.0,0.074454,167942.62229,168968.0,1.0,2,5.537206,108141.977173,108141.977173,9240272.970778998,24183290.7217669,1153055.4258833001,28110447.242202297,177540624.7520813,50,25,0
Z3,17,3,720,23072.0,0.070072,329261.331202,329600.0,1.0,2,5.537206,140405.718955,140405.718955,9240272.970778998,24183290.7217669,1153055.4258833001,28110447.242202297,177540624.7520813,50,25,0
Z3,18,3,720,18112.0,0.066636,271805.030314,274424.0,1.0,2,5.537206,128914.458778,128914.458778,9240272.970778998,24183290.7217669,1153055.4258833001,28110447.242202297,177540624.7520813,50,25,0
Z3,19,3,720,12544.0,0.033971,369256.130229,380120.0,1.0,2,5.537206,148404.67876,148404.67876,9240272.970778998,24183290.7217669,1153055.4258833001,28110447.242202297,177540624.7520813,50,25,0
Z3,20,3,720,15304.0,0.053912,283870.010387,288752.0,1.0,2,5.537206,131327.454792,131327.454792,9240272.970778998,24183290.7217669,1153055.4258833001,28110447.242202297,177540624.7520813,50,25,0
Z3,21,3,720,12280.0,0.049793,246621.010985,250608.0,1.0,2,5.537206,123877.654912,123877.654912,9240272.970778998,24183290.7217669,1153055.4258833001,28110447.242202297,177540624.7520813,50,25,0
Z3,22,3,720,10368.0,0.026751,387574.296288,398768.0,1.0,2,5.537206,152068.311972,152068.311972,9240272.970778998,24183290.7217669,1153055.4258833001,28110447.242202297,177540624.7520813,50,25,0
Z3,23,3,720,10520.0,0.066926,157188.536593,159392.0,1.0,2,5.537206,105991.160033,105991.160033,9240272.970778998,24183290.7217669,1153055.4258833001,28110447.242202297,177540624.7520813,50,25,0
Z3,24,3,720,15288.0,0.041579,367685.610525,372872.0,1.0,2,5.537206,148090.57482,148090.57482,9240272.970778998,24183290.7217669,1153055.4258833001,28110447.242202297,177540624.7520813,50,25,0
Z3,25,3,720,16344.0,0.037779,432621.297546,441728.0,1.0,2,5.537206,161077.712224,161077.712224,9240272.970778998,24183290.7217669,1153055.4258833001,28110447.242202297,177540624.7520813,50,25,0
Z3,26,3,720,9016.0,0.058191,154938.048839,155448.0,1.0,2,5.537206,105541.062483,105541.062483,9240272.970778998,24183290.7217669,1153055.4258833001,28110447.242202297,177540624.7520813,50,25,0
Z3,27,3,720,13800.0,0.071524,192942.229182,194360.0,1.0,2,5.537206,113141.898551,113141.898551,9240272.970778998,24183290.7217669,1153055.4258833001,28110447.242202297,177540624.7520813,50,25,0
Z3,28,3,720,17664.0,0.043354,407436.453384,410784.0,1.0,2,5.537206,156040.743391,156040.743391,9240272.970778998,24183290.7217669,1153055.4258833001,28110447.242202297,177540624.7520813,50,25,0
Z3,29,3,720,10240.0,0.034928,293174.530463,301176.0,1.0,2,5.537206,133188.358807,133188.358807,9240272.970778998,24183290.7217669,1153055.4258833001,28110447.242202297,177540624.7520813,50,25,0
Z3,30,3,720,6872.0,0.040397,170111.641954,171800.0,1.0,2,5.537206,108575.781105,108575.781105,9240272.970778998,24183290.7217669,1153055.4258833001,28110447.242202297,177540624.7520813,50,25,0
Z3,31,3,720,6872.0,0.061864,111082.37424,112648.0,1.0,2,5.537206,96769.927563,96769.927563,9240272.970778998,24183290.7217669,1153055.4258833001,28110447.242202297,177540624.7520813,50,25,0
Z3,32,3,720,6376.0,0.071444,89244.72314,89800.0,1.0,2,5.537206,92402.397343,92402.397343,9240272.970778998,24183290.7217669,1153055.4258833001,28110447.242202297,177540624.7520813,50,25,0
Z3,33,3,720,6872.0,0.062494,109962.556405,110832.0,1.0,2,5.537206,96545.963996,96545.963996,9240272.970778998,24183290.7217669,1153055.4258833001,28110447.242202297,177540624.7520813,50,25,0
Z3,34,3,720,6872.0,0.069847,98386.473292,99592.0,1.0,2,5.537206,94230.747373,94230.747373,9240272.970778998,24183290.7217669,1153055.4258833001,28110447.242202297,177540624.7520813,50,25,0
Z3,35,3,720,6376.0,0.055285,115329.655422,115920.0,1.0,2,5.537206,97619.383799,97619.383799,9240272.970778998,24183290.7217669,1153055.4258833001,28110447.242202297,177540624.7520813,50,25,0
Z3,36,3,720,6872.0,0.069964,98221.942713,99592.0,1.0,2,5.537206,94197.841257,94197.841257,9240272.970778998,24183290.7217669,1153055.4258833001,28110447.242202297,177540624.7520813,50,25,0
Z3,37,3,720,6872.0,0.070424,97580.370328,98168.0,1.0,2,5.537206,94069.52678,94069.52678,9240272.970778998,24183290.7217669,1153055.4258833001,28110447.242202297,177540624.7520813,50,25,0
Z3,38,3,720,6376.0,0.040459,157591.635977,159400.0,1.0,2,5.537206,106071.77991,106071.77991,9240272.970778998,24183290.7217669,1153055.4258833001,28110447.242202297,177540624.7520813,50,25,0
Z1,0,4,720,22592.0,0.178385,126647.419906,126920.0,1.0,2,8.476441,131401.263891,131401.263891,9240272.970778998,24183290.7217669,1153055.4258833001,28110447.242202297,177540624.7520813,50,25,0
Z2,0,4,720,6624.0,0.238866,27731.029113,27824.0,1.0,2,8.476441,111617.985733,111617.985733,9240272.970778998,24183290.7217669,1153055.4258833001,28110447.242202297,177540624.7520813,50,25,0
Z2,1,4,720,6648.0,0.053256,124831.004957,125432.0,1.0,2,8.476441,131037.980902,131037.980902,9240272.970778998,24183290.7217669,1153055.4258833001,28110447.242202297,177540624.7520813,50,25,0
Z2,2,4,720,7200.0,0.0326,220858.895706,225000.0,1.0,2,8.476441,150243.559051,150243.559051,9240272.970778998,24183290.7217669,1153055.4258833001,28110447.242202297,177540624.7520813,50,25,0
Z2,3,4,720,7296.0,0.02655,274802.259887,280608.0,1.0,2,8.476441,161032.231888,161032.231888,9240272.970778998,24183290.7217669,1153055.4258833001,28110447.242202297,177540624.7520813,50,25,0
Z2,4,4,720,17272.0,0.064479,267870.159277,269872.0,1.0,2,8.476441,159645.811766,159645.811766,9240272.970778998,24183290.7217669,1153055.4258833001,28110447.242202297,177540624.7520813,50,25,0
Z2,5,4,720,26240.0,0.039794,659395.888827,672816.0,1.0,2,8.476441,237950.957676,237950.957676,9240272.970778998,24183290.7217669,1153055.4258833001,28110447.242202297,177540624.7520813,50,25,0
Z2,6,4,720,12720.0,0.049704,255915.0169,259584.0,1.0,2,8.476441,157254.78329,157254.78329,9240272.970778998,24183290.7217669,1153055.4258833001,28110447.242202297,177540624.7520813,50,25,0
Z2,7,4,720,11496.0,0.038964,295041.57684,302520.0,1.0,2,8.476441,165080.095278,165080.095278,9240272.970778998,24183290.7217669,1153055.4258833001,28110447.242202297,177540624.7520813,50,25,0
Z3,0,4,720,6448.0,0.194065,33225.980986,33232.0,1.0,2,8.476441,112716.976107,112716.976107,9240272.970778998,24183290.7217669,1153055.4258833001,28110447.242202297,177540624.7520813,50,25,0
Z3,1,4,720,7448.0,0.037056,200993.091537,201296.0,1.0,2,8.476441,146270.398218,146270.398218,9240272.970778998,24183290.7217669,1153055.4258833001,28110447.242202297,177540624.7520813,50,25,0
Z3,2,4,720,7424.0,0.031156,238284.76056,239480.0,1.0,2,8.476441,153728.732022,153728.732022,9240272.970778998,24183290.7217669,1153055.4258833001,28110447.242202297,177540624.7520813,50,25,0
Z3,3,4,720,6648.0,0.033164,200458.328308,201448.0,1.0,2,8.476441,146163.445572,146163.445572,9240272.970778998,24183290.7217669,1153055.4258833001,28110447.242202297,177540624.7520813,50,25,0
Z3,4,4,720,7224.0,0.046933,153921.547738,157040.0,1.0,2,8.476441,136856.089458,136856.089458,9240272.970778998,24183290.7217669,1153055.4258833001,28110447.242202297,177540624.7520813,50,25,0
Z3,5,4,720,7240.0,0.055403,130678.844106,131632.0,1.0,2,8.476441,132207.548731,132207.548731,9240272.970778998,24183290.7217669,1153055.4258833001,28110447.242202297,177540624.7520813,50,25,0
Z3,6,4,720,6648.0,0.055246,120334.503855,120872.0,1.0,2,8.476441,130138.680681,130138.680681,9240272.970778998,24183290.7217669,1153055.4258833001,28110447.242202297,177540624.7520813,50,25,0
Z3,7,4,720,7232.0,0.052763,137065.74683,139072.0,1.0,2,8.476441,133484.929276,133484.929276,9240272.970778998,24183290.7217669,1153055.4258833001,28110447.242202297,177540624.7520813,50,25,0
Z3,8,4,720,7296.0,0.045079,161849.198074,162128.0,1.0,2,8.476441,138441.619525,138441.619525,9240272.970778998,24183290.7217669,1153055.4258833001,28110447.242202297,177540624.7520813,50,25,0
Z3,9,4,720,16456.0,0.063141,260623.049999,261200.0,1.0,2,8.476441,158196.38991,158196.38991,9240272.970778998,24183290.7217669,1153055.4258833001,28110447.242202297,177540624.7520813,50,25,0
Z3,10,4,720,25392.0,0.058408,434734.967813,437792.0,1.0,2,8.476441,193018.773473,193018.773473,9240272.970778998,24183290.7217669,1153055.4258833001,28110447.242202297,177540624.7520813,50,25,0
Z3,11,4,720,21592.0,0.057395,376200.017423,378800.0,1.0,2,8.476441,181311.783395,181311.783395,9240272.970778998,24183290.7217669,1153055.4258833001,28110447.242202297,177540624.7520813,50,25,0
Z3,12,4,720,13528.0,0.074014,182776.231524,182808.0,1.0,2,8.476441,142627.026215,142627.026215,9240272.970778998,24183290.7217669,1153055.4258833001,28110447.242202297,177540624.7520813,50,25,0
Z3,13,4,720,29512.0,0.058785,502032.831505,508824.0,1.0,2,8.476441,206478.346211,206478.346211,9240272.970778998,24183290.7217669,1153055.4258833001,28110447.242202297,177540624.7520813,50,25,0
Z3,14,4,720,29688.0,0.053117,558917.107517,560144.0,1.0,2,8.476441,217855.201414,217855.201414,9240272.970778998,24183290.7217669,1153055.4258833001,28110447.242202297,177540624.7520813,50,25,0
Z3,15,4,720,16760.0,0.033159,505443.469345,507872.0,1.0,2,8.476441,207160.473779,207160.473779,9240272.970778998,24183290.7217669,1153055.4258833001,28110447.242202297,177540624.7520813,50,25,0
Z3,16,4,720,33128.0,0.049716,666344.838684,676080.0,1.0,2,8.476441,239340.747647,239340.747647,9240272.970778998,24183290.7217669,1153055.4258833001,28110447.242202297,177540624.7520813,50,25,0
Z3,17,4,720,26248.0,0.07013,374276.343933,374968.0,1.0,2,8.476441,180927.048697,180927.048697,9240272.970778998,24183290.7217669,1153055.4258833001,28110447.242202297,177540624.7520813,50,25,0
Z3,18,4,720,14624.0,0.029464,496334.50991,504272.0,1.0,2,8.476441,205338.681892,205338.681892,9240272.970778998,24183290.7217669,1153055.4258833001,28110447.242202297,177540624.7520813,50,25,0
Z3,19,4,720,26816.0,0.070938,378020.243029,383080.0,1.0,2,8.476441,181675.828516,181675.828516,9240272.970778998,24183290.7217669,1153055.4258833001,28110447.242202297,177540624.7520813,50,25,0
Z3,20,4,720,23128.0,0.036187,639124.547489,642440.0,1.0,2,8.476441,233896.689408,233896.689408,9240272.970778998,24183290.7217669,1153055.4258833001,28110447.242202297,177540624.7520813,50,25,0
Z3,21,4,720,19440.0,0.060528,321173.671689,324000.0,1.0,2,8.476441,170306.514248,170306.514248,9240272.970778998,24183290.7217669,1153055.4258833001,28110447.242202297,177540624.7520813,50,25,0
Z3,22,4,720,29088.0,0.07594,383039.241506,387840.0,1.0,2,8.476441,182679.628211,182679.628211,9240272.970778998,24183290.7217669,1153055.4258833001,28110447.242202297,177540624.7520813,50,25,0
Z3,23,4,720,29840.0,0.047013,634718.056708,634888.0,1.0,2,8.476441,233015.391252,233015.391252,9240272.970778998,24183290.7217669,1153055.4258833001,28110447.242202297,177540624.7520813,50,25,0
Z3,24,4,720,17200.0,0.03337,515433.023674,521208.0,1.0,2,8.476441,209158.384645,209158.384645,9240272.970778998,24183290.7217669,1153055.4258833001,28110447.242202297,177540624.7520813,50,25,0
Z3,25,4,720,25664.0,0.067664,379285.883188,383040.0,1.0,2,8.476441,181928.956548,181928.956548,9240272.970778998,24183290.7217669,1153055.4258833001,28110447.242202297,177540624.7520813,50,25,0
Z3,26,4,720,26808.0,0.056271,476408.807379,478712.0,1.0,2,8.476441,201353.541386,201353.541386,9240272.970778998,24183290.7217669,1153055.4258833001,28110447.242202297,177540624.7520813,50,25,0
Z3,27,4,720,17472.0,0.066829,261443.385357,264720.0,1.0,2,8.476441,158360.456982,158360.456982,9240272.970778998,24183290.7217669,1153055.4258833001,28110447.242202297,177540624.7520813,50,25,0
Z3,28,4,720,6448.0,0.072639,88767.741847,89552.0,1.0,2,8.476441,123825.32828,123825.32828,9240272.970778998,24183290.7217669,1153055.4258833001,28110447.242202297,177540624.7520813,50,25,0
Z3,29,4,720,7200.0,0.042917,167765.687257,171424.0,1.0,2,8.476441,139624.917362,139624.917362,9240272.970778998,24183290.7217669,1153055.4258833001,28110447.242202297,177540624.7520813,50,25,0
Z3,30,4,720,7520.0,0.053065,141712.993499,141880.0,1.0,2,8.476441,134414.37861,134414.37861,9240272.970778998,24183290.7217669,1153055.4258833001,28110447.242202297,177540624.7520813,50,25,0
Z3,31,4,720,6728.0,0.037294,180404.354588,181832.0,1.0,2,8.476441,142152.650828,142152.650828,9240272.970778998,24183290.7217669,1153055.4258833001,28110447.242202297,177540624.7520813,50,25,0
Z3,32,4,720,7224.0,0.033085,218346.682787,218904.0,1.0,2,8.476441,149741.116468,149741.116468,9240272.970778998,24183290.7217669,1153055.4258833001,28110447.242202297,177540624.7520813,50,25,0
Z3,33,4,720,7256.0,0.062087,116868.265498,117032.0,1.0,2,8.476441,129445.43301,129445.43301,9240272.970778998,24183290.7217669,1153055.4258833001,28110447.242202297,177540624.7520813,50,25,0
Z3,34,4,720,6544.0,0.035265,185566.425634,186968.0,1.0,2,8.476441,143185.065037,143185.065037,9240272.970778998,24183290.7217669,1153055.4258833001,28110447.242202297,177540624.7520813,50,25,0
Z3,35,4,720,12272.0,0.031058,395131.689098,395864.0,1.0,2,8.476441,185098.11773,185098.11773,9240272.970778998,24183290.7217669,1153055.4258833001,28110447.242202297,177540624.7520813,50,25,0
Z3,36,4,720,8544.0,0.063452,134652.966022,135616.0,1.0,2,8.476441,133002.373114,133002.373114,9240272.970778998,24183290.7217669,1153055.4258833001,28110447.242202297,177540624.7520813,50,25,0
Z3,37,4,720,6424.0,0.06677,96210.873147,97328.0,1.0,2,8.476441,125313.954539,125313.954539,9240272.970778998,24183290.7217669,1153055.4258833001,28110447.242202297,177540624.7520813,50,25,0
Z3,38,4,720,6872.0,0.036813,186673.186103,190888.0,1.0,2,8.476441,143406.417131,143406.417131,9240272.970778998,24183290.7217669,1153055.4258833001,28110447.242202297,177540624.7520813,50,25,0
Z1,0,5,720,20272.0,0.217159,93350.95483,93416.0,1.0,2,11.353153,162076.608097,162076.608097,9240272.970778998,24183290.7217669,1153055.4258833001,28110447.242202297,177540624.7520813,50,25,0
Z2,0,5,720,6624.0,0.152632,43398.50097,43576.0,1.0,2,11.353153,152086.117325,152086.117325,9240272.970778998,24183290.7217669,1153055.4258833001,28110447.242202297,177540624.7520813,50,25,0
Z2,1,5,720,7616.0,0.065013,117145.801609,117168.0,1.0,2,11.353153,166835.577453,166835.577453,9240272.970778998,24183290.7217669,1153055.4258833001,28110447.242202297,177540624.7520813,50,25,0
Z2,2,5,720,8792.0,0.0419,209832.935561,214432.0,1.0,2,11.353153,185373.004243,185373.004243,9240272.970778998,24183290.7217669,1153055.4258833001,28110447.242202297,177540624.7520813,50,25,0
Z2,3,5,720,8816.0,0.062392,141300.166688,142192.0,1.0,2,11.353153,171666.450468,171666.450468,9240272.970778998,24183290.7217669,1153055.4258833001,28110447.242202297,177540624.7520813,50,25,0
Z2,4,5,720,14976.0,0.069736,214752.78192,217040.0,1.0,2,11.353153,186356.973515,186356.973515,9240272.970778998,24183290.7217669,1153055.4258833001,28110447.242202297,177540624.7520813,50,25,0
Z2,5,5,720,25312.0,0.055157,458908.20748,460216.0,1.0,2,11.353153,235188.058627,235188.058627,9240272.970778998,24183290.7217669,1153055.4258833001,28110447.242202297,177540624.7520813,50,25,0
Z2,6,5,720,13208.0,0.056339,234437.955945,235856.0,1.0,2,11.353153,190294.00832,190294.00832,9240272.970778998,24183290.7217669,1153055.4258833001,28110447.242202297,177540624.7520813,50,25,0
Z2,7,5,720,16320.0,0.035031,465873.08384,466280.0,1.0,2,11.353153,236581.033899,236581.033899,9240272.970778998,24183290.7217669,1153055.4258833001,28110447.242202297,177540624.7520813,50,25,0
Z3,0,5,720,7712.0,0.192525,40057.135437,40160.0,1.0,2,11.353153,151417.844218,151417.844218,9240272.970778998,24183290.7217669,1153055.4258833001,28110447.242202297,177540624.7520813,50,25,0
Z3,1,5,720,9624.0,0.043611,220678.269244,223808.0,1.0,2,11.353153,187542.07098,187542.07098,9240272.970778998,24183290.7217669,1153055.4258833001,28110447.242202297,177540624.7520813,50,25,0
Z3,2,5,720,9096.0,0.036386,249986.258451,252664.0,1.0,2,11.353153,193403.668821,193403.668821,9240272.970778998,24183290.7217669,1153055.4258833001,28110447.242202297,177540624.7520813,50,25,0
Z3,3,5,720,7632.0,0.061047,125018.428424,125112.0,1.0,2,11.353153,168410.102816,168410.102816,9240272.970778998,24183290.7217669,1153055.4258833001,28110447.242202297,177540624.7520813,50,25,0
Z3,4,5,720,8304.0,0.026463,313796.621698,319384.0,1.0,2,11.353153,206165.74147,206165.74147,9240272.970778998,24183290.7217669,1153055.4258833001,28110447.242202297,177540624.7520813,50,25,0
Z3,5,5,720,8504.0,0.043145,197102.792908,197760.0,1.0,2,11.353153,182826.975712,182826.975712,9240272.970778998,24183290.7217669,1153055.4258833001,28110447.242202297,177540624.7520813,50,25,0
Z3,6,5,720,7384.0,0.050549,146076.084591,147680.0,1.0,2,11.353153,172621.634049,172621.634049,9240272.970778998,24183290.7217669,1153055.4258833001,28110447.242202297,177540624.7520813,50,25,0
Z3,7,5,720,8968.0,0.049014,182968.131554,183016.0,1.0,2,11.353153,180000.043442,180000.043442,9240272.970778998,24183290.7217669,1153055.4258833001,28110447.242202297,177540624.7520813,50,25,0
Z3,8,5,720,8912.0,0.062897,141691.97259,143736.0,1.0,2,11.353153,171744.811649,171744.811649,9240272.970778998,24183290.7217669,1153055.4258833001,28110447.242202297,177540624.7520813,50,25,0
Z3,9,5,720,16688.0,0.036417,458247.521762,463552.0,1.0,2,11.353153,235055.921483,235055.921483,9240272.970778998,24183290.7217669,1153055.4258833001,28110447.242202297,177540624.7520813,50,25,0
Z3,10,5,720,23832.0,0.051465,463071.990673,467288.0,1.0,2,11.353153,236020.815265,236020.815265,9240272.970778998,24183290.7217669,1153055.4258833001,28110447.242202297,177540624.7520813,50,25,0
Z3,11,5,720,21144.0,0.060535,349285.537292,352400.0,1.0,2,11.353153,213263.524589,213263.524589,9240272.970778998,24183290.7217669,1153055.4258833001,28110447.242202297,177540624.7520813,50,25,0
Z3,12,5,720,14272.0,0.032249,442556.358337,446000.0,1.0,2,11.353153,231917.688798,231917.688798,9240272.970778998,24183290.7217669,1153055.4258833001,28110447.242202297,177540624.7520813,50,25,0
Z3,13,5,720,27640.0,0.057666,479311.89956,484912.0,1.0,2,11.353153,239268.797043,239268.797043,9240272.970778998,24183290.7217669,1153055.4258833001,28110447.242202297,177540624.7520813,50,25,0
Z3,14,5,720,33288.0,0.064195,518545.058026,520120.0,1.0,2,11.353153,247115.428736,247115.428736,9240272.970778998,24183290.7217669,1153055.4258833001,28110447.242202297,177540624.7520813,50,25,0
Z3,15,5,720,17576.0,0.051949,338331.825444,344624.0,1.0,2,11.353153,211072.78222,211072.78222,9240272.970778998,24183290.7217669,1153055.4258833001,28110447.242202297,177540624.7520813,50,25,0
Z3,16,5,720,34872.0,0.034542,1009553.586938,1025640.0,1.0,2,11.353153,345317.134518,345317.134518,9240272.970778998,24183290.7217669,1153055.4258833001,28110447.242202297,177540624.7520813,50,25,0
Z3,17,5,720,27336.0,0.073712,370848.708487,374464.0,1.0,2,11.353153,217576.158828,217576.158828,9240272.970778998,24183290.7217669,1153055.4258833001,28110447.242202297,177540624.7520813,50,25,0
Z3,18,5,720,18312.0,0.058368,313733.552632,315720.0,1.0,2,11.353153,206153.127657,206153.127657,9240272.970778998,24183290.7217669,1153055.4258833001,28110447.242202297,177540624.7520813,50,25,0
Z3,19,5,720,41432.0,0.065976,627985.934279,637408.0,1.0,2,11.353153,269003.603987,269003.603987,9240272.970778998,24183290.7217669,1153055.4258833001,28110447.242202297,177540624.7520813,50,25,0
Z3,20,5,720,36760.0,0.05672,648095.909732,656424.0,1.0,2,11.353153,273025.599077,273025.599077,9240272.970778998,24183290.7217669,1153055.4258833001,28110447.242202297,177540624.7520813,50,25,0
Z3,21,5,720,21272.0,0.065993,322337.217584,327256.0,1.0,2,11.353153,207873.860647,207873.860647,9240272.970778998,24183290.7217669,1153055.4258833001,28110447.242202297,177540624.7520813,50,25,0
Z3,22,5,720,43464.0,0.066699,651643.952683,658544.0,1.0,2,11.353153,273735.207667,273735.207667,9240272.970778998,24183290.7217669,1153055.4258833001,28110447.242202297,177540624.7520813,50,25,0
Z3,23,5,720,42000.0,0.040679,1032473.757959,1050000.0,1.0,2,11.353153,349901.168722,349901.168722,9240272.970778998,24183290.7217669,1153055.4258833001,28110447.242202297,177540624.7520813,50,25,0
Z3,24,5,720,20304.0,0.069194,293435.847039,294256.0,1.0,2,11.353153,202093.586538,202093.586538,9240272.970778998,24183290.7217669,1153055.4258833001,28110447.242202297,177540624.7520813,50,25,0
Z3,25,5,720,32736.0,0.074443,439745.845815,442376.0,1.0,2,11.353153,231355.586294,231355.586294,9240272.970778998,24183290.7217669,1153055.4258833001,28110447.242202297,177540624.7520813,50,25,0
Z3,26,5,720,34608.0,0.057352,603431.440926,607152.0,1.0,2,11.353153,264092.705316,264092.705316,9240272.970778998,24183290.7217669,1153055.4258833001,28110447.242202297,177540624.7520813,50,25,0
Z3,27,5,720,21272.0,0.063065,337302.782843,337648.0,1.0,2,11.353153,210866.973699,210866.973699,9240272.970778998,24183290.7217669,1153055.4258833001,28110447.242202297,177540624.7520813,50,25,0
Z3,28,5,720,8752.0,0.063227,138421.87673,138920.0,1.0,2,11.353153,171090.792477,171090.792477,9240272.970778998,24183290.7217669,1153055.4258833001,28110447.242202297,177540624.7520813,50,25,0
Z3,29,5,720,12760.0,0.068174,187168.128612,187640.0,1.0,2,11.353153,180840.042853,180840.042853,9240272.970778998,24183290.7217669,1153055.4258833001,28110447.242202297,177540624.7520813,50,25,0
Z3,30,5,720,15440.0,0.056337,274065.001686,275712.0,1.0,2,11.353153,198219.417468,198219.417468,9240272.970778998,24183290.7217669,1153055.4258833001,28110447.242202297,177540624.7520813,50,25,0
Z3,31,5,720,10000.0,0.065844,151874.126724,153840.0,1.0,2,11.353153,173781.242475,173781.242475,9240272.970778998,24183290.7217669,1153055.4258833001,28110447.242202297,177540624.7520813,50,25,0
Z3,32,5,720,15200.0,0.031378,484415.832749,490320.0,1.0,2,11.353153,240289.583681,240289.583681,9240272.970778998,24183290.7217669,1153055.4258833001,28110447.242202297,177540624.7520813,50,25,0
Z3,33,5,720,18352.0,0.074992,244719.43674,248000.0,1.0,2,11.353153,192350.304479,192350.304479,9240272.970778998,24183290.7217669,1153055.4258833001,28110447.242202297,177540624.7520813,50,25,0
Z3,34,5,720,11224.0,0.066531,168703.311238,170056.0,1.0,2,11.353153,177147.079378,177147.079378,9240272.970778998,24183290.7217669,1153055.4258833001,28110447.242202297,177540624.7520813,50,25,0
Z3,35,5,720,23240.0,0.068021,341659.193484,341760.0,1.0,2,11.353153,211738.255828,211738.255828,9240272.970778998,24183290.7217669,1153055.4258833001,28110447.242202297,177540624.7520813,50,25,0
Z3,36,5,720,16824.0,0.071012,236917.70405,236952.0,1.0,2,11.353153,190789.957941,190789.957941,9240272.970778998,24183290.7217669,1153055.4258833001,28110447.242202297,177540624.7520813,50,25,0
Z3,37,5,720,9680.0,0.027371,353658.982134,358512.0,1.0,2,11.353153,214138.213558,214138.213558,9240272.970778998,24183290.7217669,1153055.4258833001,28110447.242202297,177540624.7520813,50,25,0
Z3,38,5,720,12888.0,0.030228,426359.666534,429600.0,1.0,2,11.353153,228678.350438,228678.350438,9240272.970778998,24183290.7217669,1153055.4258833001,28110447.242202297,177540624.7520813,50,25,0
Z1,0,6,720,7488.0,0.20014,37413.810333,37440.0,1.0,2,14.385845,208632.670909,208632.670909,9240272.970778998,24183290.7217669,1153055.4258833001,28110447.242202297,177540624.7520813,50,25,0
Z2,0,6,720,6624.0,0.141492,46815.367653,46976.0,1.0,2,14.385845,210512.982373,210512.982373,9240272.970778998,24183290.7217669,1153055.4258833001,28110447.242202297,177540624.7520813,50,25,0
Z2,1,6,720,6768.0,0.073905,91577.024559,92712.0,1.0,2,14.385845,219465.313754,219465.313754,9240272.970778998,24183290.7217669,1153055.4258833001,28110447.242202297,177540624.7520813,50,25,0
Z2,2,6,720,7752.0,0.070045,110671.711043,110736.0,1.0,2,14.385845,223284.251051,223284.251051,9240272.970778998,24183290.7217669,1153055.4258833001,28110447.242202297,177540624.7520813,50,25,0
Z2,3,6,720,10768.0,0.064256,167579.681275,168248.0,1.0,2,14.385845,234665.845098,234665.845098,9240272.970778998,24183290.7217669,1153055.4258833001,28110447.242202297,177540624.7520813,50,25,0
Z2,4,6,720,14912.0,0.062248,239557.897442,240512.0,1.0,2,14.385845,249061.488331,249061.488331,9240272.970778998,24183290.7217669,1153055.4258833001,28110447.242202297,177540624.7520813,50,25,0
Z2,5,6,720,14376.0,0.040984,350771.032598,359400.0,1.0,2,14.385845,271304.115362,271304.115362,9240272.970778998,24183290.7217669,1153055.4258833001,28110447.242202297,177540624.7520813,50,25,0
Z2,6,6,720,7176.0,0.062929,114033.275596,115736.0,1.0,2,14.385845,223956.563962,223956.563962,9240272.970778998,24183290.7217669,1153055.4258833001,28110447.242202297,177540624.7520813,50,25,0
Z2,7,6,720,8768.0,0.056383,155507.865846,156568.0,1.0,2,14.385845,232251.482012,232251.482012,9240272.970778998,24183290.7217669,1153055.4258833001,28110447.242202297,177540624.7520813,50,25,0
Z3,0,6,720,6760.0,0.169681,39839.463464,40000.0,1.0,2,14.385845,209117.801535,209117.801535,9240272.970778998,24183290.7217669,1153055.4258833001,28110447.242202297,177540624.7520813,50,25,0
Z3,1,6,720,8320.0,0.057841,143842.602998,145960.0,1.0,2,14.385845,229918.429442,229918.429442,9240272.970778998,24183290.7217669,1153055.4258833001,28110447.242202297,177540624.7520813,50,25,0
Z3,2,6,720,7800.0,0.062727,124348.366732,125800.0,1.0,2,14.385845,226019.582189,226019.582189,9240272.970778998,24183290.7217669,1153055.4258833001,28110447.242202297,177540624.7520813,50,25,0
Z3,3,6,720,6928.0,0.046627,148583.43878,150608.0,1.0,2,14.385845,230866.596599,230866.596599,9240272.970778998,24183290.7217669,1153055.4258833001,28110447.242202297,177540624.7520813,50,25,0
Z3,4,6,720,7472.0,0.062172,120182.718909,120512.0,1.0,2,14.385845,225186.452624,225186.452624,9240272.970778998,24183290.7217669,1153055.4258833001,28110447.242202297,177540624.7520813,50,25,0
Z3,5,6,720,7416.0,0.038312,193568.594696,195152.0,1.0,2,14.385845,239863.627782,239863.627782,9240272.970778998,24183290.7217669,1153055.4258833001,28110447.242202297,177540624.7520813,50,25,0
Z3,6,6,720,6760.0,0.060587,111575.090366,112664.0,1.0,2,14.385845,223464.926916,223464.926916,9240272.970778998,24183290.7217669,1153055.4258833001,28110447.242202297,177540624.7520813,50,25,0
Z3,7,6,720,7600.0,0.060841,124915.764041,126664.0,1.0,2,14.385845,226133.061651,226133.061651,9240272.970778998,24183290.7217669,1153055.4258833001,28110447.242202297,177540624.7520813,50,25,0
Z3,8,6,720,7600.0,0.070887,107212.888118,108568.0,1.0,2,14.385845,222592.486466,222592.486466,9240272.970778998,24183290.7217669,1153055.4258833001,28110447.242202297,177540624.7520813,50,25,0
Z3,9,6,720,12912.0,0.032187,401155.746109,403496.0,1.0,2,14.385845,281381.058064,281381.058064,9240272.970778998,24183290.7217669,1153055.4258833001,28110447.242202297,177540624.7520813,50,25,0
Z3,10,6,720,17552.0,0.058363,300738.481572,302616.0,1.0,2,14.385845,261297.605157,261297.605157,9240272.970778998,24183290.7217669,1153055.4258833001,28110447.242202297,177540624.7520813,50,25,0
Z3,11,6,720,14968.0,0.030951,483603.1146,498928.0,1.0,2,14.385845,297870.531763,297870.531763,9240272.970778998,24183290.7217669,1153055.4258833001,28110447.242202297,177540624.7520813,50,25,0
Z3,12,6,720,10336.0,0.040233,256903.536898,258400.0,1.0,2,14.385845,252530.616222,252530.616222,9240272.970778998,24183290.7217669,1153055.4258833001,28110447.242202297,177540624.7520813,50,25,0
Z3,13,6,720,18344.0,0.055165,332529.683676,333520.0,1.0,2,14.385845,267655.845578,267655.845578,9240272.970778998,24183290.7217669,1153055.4258833001,28110447.242202297,177540624.7520813,50,25,0
Z3,14,6,720,20456.0,0.069374,294865.511575,296456.0,1.0,2,14.385845,260123.011158,260123.011158,9240272.970778998,24183290.7217669,1153055.4258833001,28110447.242202297,177540624.7520813,50,25,0
Z3,15,6,720,12480.0,0.053825,231862.517418,235464.0,1.0,2,14.385845,247522.412326,247522.412326,9240272.970778998,24183290.7217669,1153055.4258833001,28110447.242202297,177540624.7520813,50,25,0
Z3,16,6,720,18912.0,0.052049,363349.920267,363688.0,1.0,2,14.385845,273819.892896,273819.892896,9240272.970778998,24183290.7217669,1153055.4258833001,28110447.242202297,177540624.7520813,50,25,0
Z3,17,6,720,16112.0,0.056858,283372.612473,287712.0,1.0,2,14.385845,257824.431337,257824.431337,9240272.970778998,24183290.7217669,1153055.4258833001,28110447.242202297,177540624.7520813,50,25,0
Z3,18,6,720,17456.0,0.034728,502649.15918,513408.0,1.0,2,14.385845,301679.740679,301679.740679,9240272.970778998,24183290.7217669,1153055.4258833001,28110447.242202297,177540624.7520813,50,25,0
Z3,19,6,720,16088.0,0.053684,299679.606587,303544.0,1.0,2,14.385845,261085.83016,261085.83016,9240272.970778998,24183290.7217669,1153055.4258833001,28110447.242202297,177540624.7520813,50,25,0
Z3,20,6,720,31984.0,0.068949,463879.099044,470352.0,1.0,2,14.385845,293925.728652,293925.728652,9240272.970778998,24183290.7217669,1153055.4258833001,28110447.242202297,177540624.7520813,50,25,0
Z3,21,6,720,21472.0,0.066701,321914.21418,325328.0,1.0,2,14.385845,265532.751679,265532.751679,9240272.970778998,24183290.7217669,1153055.4258833001,28110447.242202297,177540624.7520813,50,25,0
Z3,22,6,720,19320.0,0.062334,309943.209164,311608.0,1.0,2,14.385845,263138.550675,263138.550675,9240272.970778998,24183290.7217669,1153055.4258833001,28110447.242202297,177540624.7520813,50,25,0
Z3,23,6,720,33040.0,0.068596,481660.738235,485880.0,1.0,2,14.385845,297482.05649,297482.05649,9240272.970778998,24183290.7217669,1153055.4258833001,28110447.242202297,177540624.7520813,50,25,0
Z3,24,6,720,26472.0,0.050683,522305.309473,529440.0,1.0,2,14.385845,305610.970737,305610.970737,9240272.970778998,24183290.7217669,1153055.4258833001,28110447.242202297,177540624.7520813,50,25,0
Z3,25,6,720,12984.0,0.071541,181490.334214,182872.0,1.0,2,14.385845,237447.975685,237447.975685,9240272.970778998,24183290.7217669,1153055.4258833001,28110447.242202297,177540624.7520813,50,25,0
Z3,26,6,720,21128.0,0.074697,282849.378154,285512.0,1.0,2,14.385845,257719.784474,257719.784474,9240272.970778998,24183290.7217669,1153055.4258833001,28110447.242202297,177540624.7520813,50,25,0
Z3,27,6,720,21576.0,0.057896,372668.232693,378520.0,1.0,2,14.385845,275683.555381,275683.555381,9240272.970778998,24183290.7217669,1153055.4258833001,28110447.242202297,177540624.7520813,50,25,0
Z3,28,6,720,9568.0,0.066179,144577.585035,144968.0,1.0,2,14.385845,230065.42585,230065.42585,9240272.970778998,24183290.7217669,1153055.4258833001,28110447.242202297,177540624.7520813,50,25,0
Z3,29,6,720,12800.0,0.060226,212532.793146,213328.0,1.0,2,14.385845,243656.467472,243656.467472,9240272.970778998,24183290.7217669,1153055.4258833001,28110447.242202297,177540624.7520813,50,25,0
Z3,30,6,720,7048.0,0.04247,165952.437014,167808.0,1.0,2,14.385845,234340.396246,234340.396246,9240272.970778998,24183290.7217669,1153055.4258833001,28110447.242202297,177540624.7520813,50,25,0
Z3,31,6,720,8656.0,0.037086,233403.440651,233944.0,1.0,2,14.385845,247830.596973,247830.596973,9240272.970778998,24183290.7217669,1153055.4258833001,28110447.242202297,177540624.7520813,50,25,0
Z3,32,6,720,9488.0,0.074294,127708.832476,128216.0,1.0,2,14.385845,226691.675338,226691.675338,9240272.970778998,24183290.7217669,1153055.4258833001,28110447.242202297,177540624.7520813,50,25,0
Z3,33,6,720,8424.0,0.051128,164762.947895,165176.0,1.0,2,14.385845,234102.498422,234102.498422,9240272.970778998,24183290.7217669,1153055.4258833001,28110447.242202297,177540624.7520813,50,25,0
Z3,34,6,720,9328.0,0.027371,340798.655511,345480.0,1.0,2,14.385845,269309.639945,269309.639945,9240272.970778998,24183290.7217669,1153055.4258833001,28110447.242202297,177540624.7520813,50,25,0
Z3,35,6,720,8680.0,0.068212,127250.337184,127640.0,1.0,2,14.385845,226599.97628,226599.97628,9240272.970778998,24183290.7217669,1153055.4258833001,28110447.242202297,177540624.7520813,50,25,0
Z3,36,6,720,7160.0,0.050618,141451.657513,143200.0,1.0,2,14.385845,229440.240345,229440.240345,9240272.970778998,24183290.7217669,1153055.4258833001,28110447.242202297,177540624.7520813,50,25,0
Z3,37,6,720,10360.0,0.060983,169883.410131,172664.0,1.0,2,14.385845,235126.590869,235126.590869,9240272.970778998,24183290.7217669,1153055.4258833001,28110447.242202297,177540624.7520813,50,25,0
Z3,38,6,720,9048.0,0.043107,209896.304545,210416.0,1.0,2,14.385845,243129.169752,243129.169752,9240272.970778998,24183290.7217669,1153055.4258833001,28110447.242202297,177540624.7520813,50,25,0
Z1,0,7,720,14352.0,0.150941,95083.509451,95680.0,1.0,2,17.435929,215120.860522,215120.860522,9240272.970778998,24183290.7217669,1153055.4258833001,28110447.242202297,177540624.7520813,50,25,0
Z2,0,7,720,6624.0,0.179727,36855.898112,37000.0,1.0,2,17.435929,203475.338254,203475.338254,9240272.970778998,24183290.7217669,1153055.4258833001,28110447.242202297,177540624.7520813,50,25,0
Z2,1,7,720,6792.0,0.028871,235253.368432,242568.0,1.0,2,17.435929,243154.832318,243154.832318,9240272.970778998,24183290.7217669,1153055.4258833001,28110447.242202297,177540624.7520813,50,25,0
Z2,2,7,720,7408.0,0.071602,103460.797184,104336.0,1.0,2,17.435929,216796.318069,216796.318069,9240272.970778998,24183290.7217669,1153055.4258833001,28110447.242202297,177540624.7520813,50,25,0
Z2,3,7,720,7464.0,0.068925,108291.621328,109760.0,1.0,2,17.435929,217762.482897,217762.482897,9240272.970778998,24183290.7217669,1153055.4258833001,28110447.242202297,177540624.7520813,50,25,0
Z2,4,7,720,10144.0,0.049147,206401.20455,207016.0,1.0,2,17.435929,237384.399542,237384.399542,9240272.970778998,24183290.7217669,1153055.4258833001,28110447.242202297,177540624.7520813,50,25,0
Z2,5,7,720,16856.0,0.046424,363088.057901,366432.0,1.0,2,17.435929,268721.770212,268721.770212,9240272.970778998,24183290.7217669,1153055.4258833001,28110447.242202297,177540624.7520813,50,25,0
Z2,6,7,720,9672.0,0.055099,175538.576018,175848.0,1.0,2,17.435929,231211.873835,231211.873835,9240272.970778998,24183290.7217669,1153055.4258833001,28110447.242202297,177540624.7520813,50,25,0
Z2,7,7,720,13368.0,0.053982,247638.101589,252224.0,1.0,2,17.435929,245631.77895,245631.77895,9240272.970778998,24183290.7217669,1153055.4258833001,28110447.242202297,177540624.7520813,50,25,0
Z3,0,7,720,6656.0,0.182643,36442.677792,36568.0,1.0,2,17.435929,203392.69419,203392.69419,9240272.970778998,24183290.7217669,1153055.4258833001,28110447.242202297,177540624.7520813,50,25,0
Z3,1,7,720,7664.0,0.032364,236806.328019,239496.0,1.0,2,17.435929,243465.424236,243465.424236,9240272.970778998,24183290.7217669,1153055.4258833001,28110447.242202297,177540624.7520813,50,25,0
Z3,2,7,720,7664.0,0.034434,222570.714991,225408.0,1.0,2,17.435929,240618.30163,240618.30163,9240272.970778998,24183290.7217669,1153055.4258833001,28110447.242202297,177540624.7520813,50,25,0
Z3,3,7,720,6920.0,0.027702,249801.458378,256296.0,1.0,2,17.435929,246064.450307,246064.450307,9240272.970778998,24183290.7217669,1153055.4258833001,28110447.242202297,177540624.7520813,50,25,0
Z3,4,7,720,7504.0,0.026111,287388.456972,288608.0,1.0,2,17.435929,253581.850026,253581.850026,9240272.970778998,24183290.7217669,1153055.4258833001,28110447.242202297,177540624.7520813,50,25,0
Z3,5,7,720,7480.0,0.071175,105093.080436,105352.0,1.0,2,17.435929,217122.774719,217122.774719,9240272.970778998,24183290.7217669,1153055.4258833001,28110447.242202297,177540624.7520813,50,25,0
Z3,6,7,720,6728.0,0.075175,89497.838377,89704.0,1.0,2,17.435929,214003.726307,214003.726307,9240272.970778998,24183290.7217669,1153055.4258833001,28110447.242202297,177540624.7520813,50,25,0
Z3,7,7,720,7632.0,0.04862,156972.439325,159000.0,1.0,2,17.435929,227498.646497,227498.646497,9240272.970778998,24183290.7217669,1153055.4258833001,28110447.242202297,177540624.7520813,50,25,0
Z3,8,7,720,7392.0,0.072456,102020.536602,102664.0,1.0,2,17.435929,216508.265952,216508.265952,9240272.970778998,24183290.7217669,1153055.4258833001,28110447.242202297,177540624.7520813,50,25,0
Z3,9,7,720,12800.0,0.040262,317917.639462,320000.0,1.0,2,17.435929,259687.686524,259687.686524,9240272.970778998,24183290.7217669,1153055.4258833001,28110447.242202297,177540624.7520813,50,25,0
Z3,10,7,720,16760.0,0.067028,250044.757415,250144.0,1.0,2,17.435929,246113.110115,246113.110115,9240272.970778998,24183290.7217669,1153055.4258833001,28110447.242202297,177540624.7520813,50,25,0
Z3,11,7,720,14104.0,0.031425,448814.638027,454960.0,1.0,2,17.435929,285867.086237,285867.086237,9240272.970778998,24183290.7217669,1153055.4258833001,28110447.242202297,177540624.7520813,50,25,0
Z3,12,7,720,9704.0,0.050373,192642.884085,194080.0,1.0,2,17.435929,234632.735449,234632.735449,9240272.970778998,24183290.7217669,1153055.4258833001,28110447.242202297,177540624.7520813,50,25,0
Z3,13,7,720,17248.0,0.069677,247542.230578,249968.0,1.0,2,17.435929,245612.604747,245612.604747,9240272.970778998,24183290.7217669,1153055.4258833001,28110447.242202297,177540624.7520813,50,25,0
Z3,14,7,720,21552.0,0.039234,549319.467809,552608.0,1.0,2,17.435929,305968.052193,305968.052193,9240272.970778998,24183290.7217669,1153055.4258833001,28110447.242202297,177540624.7520813,50,25,0
Z3,15,7,720,16688.0,0.049248,338856.40026,340568.0,1.0,2,17.435929,263875.438684,263875.438684,9240272.970778998,24183290.7217669,1153055.4258833001,28110447.242202297,177540624.7520813,50,25,0
Z3,16,7,720,23312.0,0.04678,498332.620778,506776.0,1.0,2,17.435929,295770.682787,295770.682787,9240272.970778998,24183290.7217669,1153055.4258833001,28110447.242202297,177540624.7520813,50,25,0
Z3,17,7,720,14952.0,0.055828,267822.59798,271848.0,1.0,2,17.435929,249668.678228,249668.678228,9240272.970778998,24183290.7217669,1153055.4258833001,28110447.242202297,177540624.7520813,50,25,0
Z3,18,7,720,23928.0,0.063397,377431.108728,379808.0,1.0,2,17.435929,271590.380377,271590.380377,9240272.970778998,24183290.7217669,1153055.4258833001,28110447.242202297,177540624.7520813,50,25,0
Z3,19,7,720,29544.0,0.067996,434496.146832,440952.0,1.0,2,17.435929,283003.387998,283003.387998,9240272.970778998,24183290.7217669,1153055.4258833001,28110447.242202297,177540624.7520813,50,25,0
Z3,20,7,720,31920.0,0.071969,443524.295183,449576.0,1.0,2,17.435929,284809.017668,284809.017668,9240272.970778998,24183290.7217669,1153055.4258833001,28110447.242202297,177540624.7520813,50,25,0
Z3,21,7,720,15096.0,0.059434,253996.029209,255864.0,1.0,2,17.435929,246903.364474,246903.364474,9240272.970778998,24183290.7217669,1153055.4258833001,28110447.242202297,177540624.7520813,50,25,0
Z3,22,7,720,22296.0,0.073368,303892.705267,305424.0,1.0,2,17.435929,256882.699685,256882.699685,9240272.970778998,24183290.7217669,1153055.4258833001,28110447.242202297,177540624.7520813,50,25,0
Z3,23,7,720,24272.0,0.030563,794162.876681,809064.0,1.0,2,17.435929,354936.733968,354936.733968,9240272.970778998,24183290.7217669,1153055.4258833001,28110447.242202297,177540624.7520813,50,25,0
Z3,24,7,720,13368.0,0.028481,469365.54194,477424.0,1.0,2,17.435929,289977.26702,289977.26702,9240272.970778998,24183290.7217669,1153055.4258833001,28110447.242202297,177540624.7520813,50,25,0
Z3,25,7,720,21768.0,0.073008,298159.105851,298184.0,1.0,2,17.435929,255735.979802,255735.979802,9240272.970778998,24183290.7217669,1153055.4258833001,28110447.242202297,177540624.7520813,50,25,0
Z3,26,7,720,21680.0,0.048537,446669.551064,451664.0,1.0,2,17.435929,285438.068845,285438.068845,9240272.970778998,24183290.7217669,1153055.4258833001,28110447.242202297,177540624.7520813,50,25,0
Z3,27,7,720,15008.0,0.07475,200775.919732,202808.0,1.0,2,17.435929,236259.342578,236259.342578,9240272.970778998,24183290.7217669,1153055.4258833001,28110447.242202297,177540624.7520813,50,25,0
Z3,28,7,720,13424.0,0.035085,382613.652558,383536.0,1.0,2,17.435929,272626.889143,272626.889143,9240272.970778998,24183290.7217669,1153055.4258833001,28110447.242202297,177540624.7520813,50,25,0
Z3,29,7,720,8064.0,0.036773,219291.327876,224000.0,1.0,2,17.435929,239962.424207,239962.424207,9240272.970778998,24183290.7217669,1153055.4258833001,28110447.242202297,177540624.7520813,50,25,0
Z3,30,7,720,9424.0,0.045178,208597.104786,209416.0,1.0,2,17.435929,237823.579589,237823.579589,9240272.970778998,24183290.7217669,1153055.4258833001,28110447.242202297,177540624.7520813,50,25,0
Z3,31,7,720,7368.0,0.065865,111865.178775,113352.0,1.0,2,17.435929,218477.194387,218477.194387,9240272.970778998,24183290.7217669,1153055.4258833001,28110447.242202297,177540624.7520813,50,25,0
Z3,32,7,720,8792.0,0.041052,214167.397447,214432.0,1.0,2,17.435929,238937.638121,238937.638121,9240272.970778998,24183290.7217669,1153055.4258833001,28110447.242202297,177540624.7520813,50,25,0
Z3,33,7,720,8568.0,0.030476,281139.25712,285600.0,1.0,2,17.435929,252332.010056,252332.010056,9240272.970778998,24183290.7217669,1153055.4258833001,28110447.242202297,177540624.7520813,50,25,0
Z3,34,7,720,7064.0,0.062836,112419.632058,113928.0,1.0,2,17.435929,218588.085043,218588.085043,9240272.970778998,24183290.7217669,1153055.4258833001,28110447.242202297,177540624.7520813,50,25,0
Z3,35,7,720,10104.0,0.070993,142323.891088,144336.0,1.0,2,17.435929,224568.936849,224568.936849,9240272.970778998,24183290.7217669,1153055.4258833001,28110447.242202297,177540624.7520813,50,25,0
Z3,36,7,720,8640.0,0.056498,152925.767284,154280.0,1.0,2,17.435929,226689.312089,226689.312089,9240272.970778998,24183290.7217669,1153055.4258833001,28110447.242202297,177540624.7520813,50,25,0
Z3,37,7,720,7168.0,0.062109,115410.004991,115608.0,1.0,2,17.435929,219186.15963,219186.15963,9240272.970778998,24183290.7217669,1153055.4258833001,28110447.242202297,177540624.7520813,50,25,0
Z3,38,7,720,8160.0,0.053463,152628.920936,153960.0,1.0,2,17.435929,226629.942819,226629.942819,9240272.970778998,24183290.7217669,1153055.4258833001,28110447.242202297,177540624.7520813,50,25,0
Z1,0,8,720,7744.0,0.165807,46704.903894,46928.0,1.0,2,20.320253,204452.596402,204452.596402,9240272.970778998,24183290.7217669,1153055.4258833001,28110447.242202297,177540624.7520813,50,25,0
Z2,0,8,720,6624.0,0.194458,34063.910973,34144.0,1.0,2,20.320253,201924.397818,201924.397818,9240272.970778998,24183290.7217669,1153055.4258833001,28110447.242202297,177540624.7520813,50,25,0
Z2,1,8,720,6968.0,0.032081,217200.211963,217744.0,1.0,2,20.320253,238551.658016,238551.658016,9240272.970778998,24183290.7217669,1153055.4258833001,28110447.242202297,177540624.7520813,50,25,0
Z2,2,8,720,7968.0,0.048876,163024.797447,166000.0,1.0,2,20.320253,227716.575113,227716.575113,9240272.970778998,24183290.7217669,1153055.4258833001,28110447.242202297,177540624.7520813,50,25,0
Z2,3,8,720,12752.0,0.040173,317427.127673,318800.0,1.0,2,20.320253,258597.041158,258597.041158,9240272.970778998,24183290.7217669,1153055.4258833001,28110447.242202297,177540624.7520813,50,25,0
Z2,4,8,720,18720.0,0.066814,280180.800431,283632.0,1.0,2,20.320253,251147.77571,251147.77571,9240272.970778998,24183290.7217669,1153055.4258833001,28110447.242202297,177540624.7520813,50,25,0
Z2,5,8,720,25648.0,0.056398,454767.899571,458000.0,1.0,2,20.320253,286065.195538,286065.195538,9240272.970778998,24183290.7217669,1153055.4258833001,28110447.242202297,177540624.7520813,50,25,0
Z2,6,8,720,9784.0,0.029877,327475.984871,337376.0,1.0,2,20.320253,260606.812598,260606.812598,9240272.970778998,24183290.7217669,1153055.4258833001,28110447.242202297,177540624.7520813,50,25,0
Z2,7,8,720,13192.0,0.054967,239998.544581,244296.0,1.0,2,20.320253,243111.32454,243111.32454,9240272.970778998,24183290.7217669,1153055.4258833001,28110447.242202297,177540624.7520813,50,25,0
Z3,0,8,720,6768.0,0.206954,32702.919489,32848.0,1.0,2,20.320253,201652.199521,201652.199521,9240272.970778998,24183290.7217669,1153055.4258833001,28110447.242202297,177540624.7520813,50,25,0
Z3,1,8,720,8032.0,0.075779,105992.425342,107088.0,1.0,2,20.320253,216310.100692,216310.100692,9240272.970778998,24183290.7217669,1153055.4258833001,28110447.242202297,177540624.7520813,50,25,0
Z3,2,8,720,7872.0,0.04469,176146.788991,178904.0,1.0,2,20.320253,230340.973422,230340.973422,9240272.970778998,24183290.7217669,1153055.4258833001,28110447.242202297,177540624.7520813,50,25,0
Z3,3,8,720,7024.0,0.038911,180514.507466,184840.0,1.0,2,20.320253,231214.517117,231214.517117,9240272.970778998,24183290.7217669,1153055.4258833001,28110447.242202297,177540624.7520813,50,25,0
Z3,4,8,720,7816.0,0.050895,153571.077709,156320.0,1.0,2,20.320253,225825.831165,225825.831165,9240272.970778998,24183290.7217669,1153055.4258833001,28110447.242202297,177540624.7520813,50,25,0
Z3,5,8,720,7936.0,0.051921,152847.595385,155600.0,1.0,2,20.320253,225681.134701,225681.134701,9240272.970778998,24183290.7217669,1153055.4258833001,28110447.242202297,177540624.7520813,50,25,0
Z3,6,8,720,6928.0,0.044878,154374.080841,157448.0,1.0,2,20.320253,225986.431792,225986.431792,9240272.970778998,24183290.7217669,1153055.4258833001,28110447.242202297,177540624.7520813,50,25,0
Z3,7,8,720,8048.0,0.048754,165073.634984,167664.0,1.0,2,20.320253,228126.34262,228126.34262,9240272.970778998,24183290.7217669,1153055.4258833001,28110447.242202297,177540624.7520813,50,25,0
Z3,8,8,720,7664.0,0.032396,236572.416348,239496.0,1.0,2,20.320253,242426.098893,242426.098893,9240272.970778998,24183290.7217669,1153055.4258833001,28110447.242202297,177540624.7520813,50,25,0
Z3,9,8,720,14248.0,0.027602,516194.478661,527696.0,1.0,2,20.320253,298350.511356,298350.511356,9240272.970778998,24183290.7217669,1153055.4258833001,28110447.242202297,177540624.7520813,50,25,0
Z3,10,8,720,19448.0,0.066089,294269.848235,294664.0,1.0,2,20.320253,253965.585271,253965.585271,9240272.970778998,24183290.7217669,1153055.4258833001,28110447.242202297,177540624.7520813,50,25,0
Z3,11,8,720,17344.0,0.04297,403630.439842,412952.0,1.0,2,20.320253,275837.703592,275837.703592,9240272.970778998,24183290.7217669,1153055.4258833001,28110447.242202297,177540624.7520813,50,25,0
Z3,12,8,720,11952.0,0.035397,337655.733537,341480.0,1.0,2,20.320253,262642.762331,262642.762331,9240272.970778998,24183290.7217669,1153055.4258833001,28110447.242202297,177540624.7520813,50,25,0
Z3,13,8,720,25224.0,0.072785,346554.922031,350328.0,1.0,2,20.320253,264422.60003,264422.60003,9240272.970778998,24183290.7217669,1153055.4258833001,28110447.242202297,177540624.7520813,50,25,0
Z3,14,8,720,35992.0,0.035401,1016694.44366,1028336.0,1.0,2,20.320253,398450.504355,398450.504355,9240272.970778998,24183290.7217669,1153055.4258833001,28110447.242202297,177540624.7520813,50,25,0
Z3,15,8,720,20016.0,0.048088,416236.899018,417000.0,1.0,2,20.320253,278358.995427,278358.995427,9240272.970778998,24183290.7217669,1153055.4258833001,28110447.242202297,177540624.7520813,50,25,0
Z3,16,8,720,36432.0,0.039099,931788.536791,934152.0,1.0,2,20.320253,381469.322982,381469.322982,9240272.970778998,24183290.7217669,1153055.4258833001,28110447.242202297,177540624.7520813,50,25,0
Z3,17,8,720,22472.0,0.05656,397312.588402,401280.0,1.0,2,20.320253,274574.133304,274574.133304,9240272.970778998,24183290.7217669,1153055.4258833001,28110447.242202297,177540624.7520813,50,25,0
Z3,18,8,720,21736.0,0.073118,297272.901338,297752.0,1.0,2,20.320253,254566.195891,254566.195891,9240272.970778998,24183290.7217669,1153055.4258833001,28110447.242202297,177540624.7520813,50,25,0
Z3,19,8,720,16848.0,0.042028,400875.606738,401136.0,1.0,2,20.320253,275286.736971,275286.736971,9240272.970778998,24183290.7217669,1153055.4258833001,28110447.242202297,177540624.7520813,50,25,0
Z3,20,8,720,47160.0,0.069613,677459.669889,683472.0,1.0,2,20.320253,330603.549601,330603.549601,9240272.970778998,24183290.7217669,1153055.4258833001,28110447.242202297,177540624.7520813,50,25,0
Z3,21,8,720,39472.0,0.072771,542413.873658,548216.0,1.0,2,20.320253,303594.390355,303594.390355,9240272.970778998,24183290.7217669,1153055.4258833001,28110447.242202297,177540624.7520813,50,25,0
Z3,22,8,720,26968.0,0.065845,409567.924672,414888.0,1.0,2,20.320253,277025.200558,277025.200558,9240272.970778998,24183290.7217669,1153055.4258833001,28110447.242202297,177540624.7520813,50,25,0
Z3,23,8,720,39776.0,0.048179,825587.911746,828664.0,1.0,2,20.320253,360229.197973,360229.197973,9240272.970778998,24183290.7217669,1153055.4258833001,28110447.242202297,177540624.7520813,50,25,0
Z3,24,8,720,34992.0,0.072931,479795.971535,486000.0,1.0,2,20.320253,291070.80993,291070.80993,9240272.970778998,24183290.7217669,1153055.4258833001,28110447.242202297,177540624.7520813,50,25,0
Z3,25,8,720,22464.0,0.074265,302484.346597,303560.0,1.0,2,20.320253,255608.484943,255608.484943,9240272.970778998,24183290.7217669,1153055.4258833001,28110447.242202297,177540624.7520813,50,25,0
Z3,26,8,720,43144.0,0.065363,660067.622355,663752.0,1.0,2,20.320253,327125.140095,327125.140095,9240272.970778998,24183290.7217669,1153055.4258833001,28110447.242202297,177540624.7520813,50,25,0
Z3,27,8,720,43672.0,0.061157,714096.505715,715928.0,1.0,2,20.320253,337930.916766,337930.916766,9240272.970778998,24183290.7217669,1153055.4258833001,28110447.242202297,177540624.7520813,50,25,0
Z3,28,8,720,18320.0,0.066864,273988.992582,277568.0,1.0,2,20.320253,249909.41414,249909.41414,9240272.970778998,24183290.7217669,1153055.4258833001,28110447.242202297,177540624.7520813,50,25,0
Z3,29,8,720,24560.0,0.069566,353046.028232,355936.0,1.0,2,20.320253,265720.82127,265720.82127,9240272.970778998,24183290.7217669,1153055.4258833001,28110447.242202297,177540624.7520813,50,25,0
Z3,30,8,720,19040.0,0.043655,436147.062192,442784.0,1.0,2,20.320253,282341.028062,282341.028062,9240272.970778998,24183290.7217669,1153055.4258833001,28110447.242202297,177540624.7520813,50,25,0
Z3,31,8,720,20160.0,0.073512,274240.940255,276160.0,1.0,2,20.320253,249959.803674,249959.803674,9240272.970778998,24183290.7217669,1153055.4258833001,28110447.242202297,177540624.7520813,50,25,0
Z3,32,8,720,16496.0,0.052696,313040.838014,317224.0,1.0,2,20.320253,257719.783226,257719.783226,9240272.970778998,24183290.7217669,1153055.4258833001,28110447.242202297,177540624.7520813,50,25,0
Z3,33,8,720,11624.0,0.026437,439686.802587,447072.0,1.0,2,20.320253,283048.976141,283048.976141,9240272.970778998,24183290.7217669,1153055.4258833001,28110447.242202297,177540624.7520813,50,25,0
Z3,34,8,720,21024.0,0.050107,419582.094318,420480.0,1.0,2,20.320253,279028.034487,279028.034487,9240272.970778998,24183290.7217669,1153055.4258833001,28110447.242202297,177540624.7520813,50,25,0
Z3,35,8,720,28496.0,0.059424,479536.887453,482976.0,1.0,2,20.320253,291018.993114,291018.993114,9240272.970778998,24183290.7217669,1153055.4258833001,28110447.242202297,177540624.7520813,50,25,0
Z3,36,8,720,12416.0,0.067536,183842.691305,185312.0,1.0,2,20.320253,231880.153885,231880.153885,9240272.970778998,24183290.7217669,1153055.4258833001,28110447.242202297,177540624.7520813,50,25,0
Z3,37,8,720,17312.0,0.06248,277080.665813,279224.0,1.0,2,20.320253,250527.748786,250527.748786,9240272.970778998,24183290.7217669,1153055.4258833001,28110447.242202297,177540624.7520813,50,25,0
Z3,38,8,720,14664.0,0.063995,229142.901789,232760.0,1.0,2,20.320253,240940.195981,240940.195981,9240272.970778998,24183290.7217669,1153055.4258833001,28110447.242202297,177540624.7520813,50,25,0
Z1,0,9,720,7696.0,0.157793,48772.759248,49016.0,1.0,2,23.317581,213360.11061,213360.11061,9240272.970778998,24183290.7217669,1153055.4258833001,28110447.242202297,177540624.7520813,50,25,0
Z2,0,9,720,6624.0,0.201074,32943.095577,32952.0,1.0,2,23.317581,210194.177876,210194.177876,9240272.970778998,24183290.7217669,1153055.4258833001,28110447.242202297,177540624.7520813,50,25,0
Z2,1,9,720,6776.0,0.072638,93284.506732,94104.0,1.0,2,23.317581,222262.460107,222262.460107,9240272.970778998,24183290.7217669,1153055.4258833001,28110447.242202297,177540624.7520813,50,25,0
Z2,2,9,720,7496.0,0.032747,228906.464714,234248.0,1.0,2,23.317581,249386.851704,249386.851704,9240272.970778998,24183290.7217669,1153055.4258833001,28110447.242202297,177540624.7520813,50,25,0
Z2,3,9,720,16056.0,0.056569,283830.366455,286712.0,1.0,2,23.317581,260371.632052,260371.632052,9240272.970778998,24183290.7217669,1153055.4258833001,28110447.242202297,177540624.7520813,50,25,0
Z2,4,9,720,24464.0,0.050549,483966.052741,489280.0,1.0,2,23.317581,300398.769309,300398.769309,9240272.970778998,24183290.7217669,1153055.4258833001,28110447.242202297,177540624.7520813,50,25,0
Z2,5,9,720,36648.0,0.075522,485262.572495,488640.0,1.0,2,23.317581,300658.07326,300658.07326,9240272.970778998,24183290.7217669,1153055.4258833001,28110447.242202297,177540624.7520813,50,25,0
Z2,6,9,720,11344.0,0.073201,154970.560511,155392.0,1.0,2,23.317581,234599.670863,234599.670863,9240272.970778998,24183290.7217669,1153055.4258833001,28110447.242202297,177540624.7520813,50,25,0
Z2,7,9,720,15808.0,0.053285,296668.856151,298264.0,1.0,2,23.317581,262939.329991,262939.329991,9240272.970778998,24183290.7217669,1153055.4258833001,28110447.242202297,177540624.7520813,50,25,0
Z3,0,9,720,6752.0,0.167549,40298.6589,40424.0,1.0,2,23.317581,211665.290541,211665.290541,9240272.970778998,24183290.7217669,1153055.4258833001,28110447.242202297,177540624.7520813,50,25,0
Z3,1,9,720,9824.0,0.042998,228475.743058,233904.0,1.0,2,23.317581,249300.707372,249300.707372,9240272.970778998,24183290.7217669,1153055.4258833001,28110447.242202297,177540624.7520813,50,25,0
Z3,2,9,720,8640.0,0.067477,128043.629681,128952.0,1.0,2,23.317581,229214.284697,229214.284697,9240272.970778998,24183290.7217669,1153055.4258833001,28110447.242202297,177540624.7520813,50,25,0
Z3,3,9,720,7248.0,0.068294,106129.38179,106584.0,1.0,2,23.317581,224831.435119,224831.435119,9240272.970778998,24183290.7217669,1153055.4258833001,28110447.242202297,177540624.7520813,50,25,0
Z3,4,9,720,8336.0,0.062147,134133.586497,134448.0,1.0,2,23.317581,230432.27606,230432.27606,9240272.970778998,24183290.7217669,1153055.4258833001,28110447.242202297,177540624.7520813,50,25,0
Z3,5,9,720,9640.0,0.033692,286121.334441,292120.0,1.0,2,23.317581,260829.825649,260829.825649,9240272.970778998,24183290.7217669,1153055.4258833001,28110447.242202297,177540624.7520813,50,25,0
Z3,6,9,720,10312.0,0.041826,246545.211113,251512.0,1.0,2,23.317581,252914.600983,252914.600983,9240272.970778998,24183290.7217669,1153055.4258833001,28110447.242202297,177540624.7520813,50,25,0
Z3,7,9,720,21208.0,0.061887,342689.09464,347672.0,1.0,2,23.317581,272143.377689,272143.377689,9240272.970778998,24183290.7217669,1153055.4258833001,28110447.242202297,177540624.7520813,50,25,0
Z3,8,9,720,8000.0,0.063469,126045.786132,126984.0,1.0,2,23.317581,228814.715987,228814.715987,9240272.970778998,24183290.7217669,1153055.4258833001,28110447.242202297,177540624.7520813,50,25,0
Z3,9,9,720,16880.0,0.035479,475774.401759,482280.0,1.0,2,23.317581,298760.439113,298760.439113,9240272.970778998,24183290.7217669,1153055.4258833001,28110447.242202297,177540624.7520813,50,25,0
Z3,10,9,720,23240.0,0.067086,346421.011836,346864.0,1.0,2,23.317581,272889.761128,272889.761128,9240272.970778998,24183290.7217669,1153055.4258833001,28110447.242202297,177540624.7520813,50,25,0
Z3,11,9,720,21680.0,0.058524,370446.312624,373792.0,1.0,2,23.317581,277694.821286,277694.821286,9240272.970778998,24183290.7217669,1153055.4258833001,28110447.242202297,177540624.7520813,50,25,0
Z3,12,9,720,16096.0,0.045447,354170.792352,357688.0,1.0,2,23.317581,274439.717231,274439.717231,9240272.970778998,24183290.7217669,1153055.4258833001,28110447.242202297,177540624.7520813,50,25,0
Z3,13,9,720,39872.0,0.0471,846539.278132,848336.0,1.0,2,23.317581,372913.414387,372913.414387,9240272.970778998,24183290.7217669,1153055.4258833001,28110447.242202297,177540624.7520813,50,25,0
Z3,14,9,720,46392.0,0.065996,702951.694042,713720.0,1.0,2,23.317581,344195.897569,344195.897569,9240272.970778998,24183290.7217669,1153055.4258833001,28110447.242202297,177540624.7520813,50,25,0
Z3,15,9,720,26168.0,0.068731,380730.674659,384816.0,1.0,2,23.317581,279751.693693,279751.693693,9240272.970778998,24183290.7217669,1153055.4258833001,28110447.242202297,177540624.7520813,50,25,0
Z3,16,9,720,48816.0,0.075136,649701.873935,650880.0,1.0,2,23.317581,333545.933548,333545.933548,9240272.970778998,24183290.7217669,1153055.4258833001,28110447.242202297,177540624.7520813,50,25,0
Z3,17,9,720,38664.0,0.063586,608058.37763,613712.0,1.0,2,23.317581,325217.234287,325217.234287,9240272.970778998,24183290.7217669,1153055.4258833001,28110447.242202297,177540624.7520813,50,25,0
Z3,18,9,720,26344.0,0.04967,530380.511375,537632.0,1.0,2,23.317581,309681.661036,309681.661036,9240272.970778998,24183290.7217669,1153055.4258833001,28110447.242202297,177540624.7520813,50,25,0
Z3,19,9,720,19912.0,0.045118,441331.619309,442488.0,1.0,2,23.317581,291871.882623,291871.882623,9240272.970778998,24183290.7217669,1153055.4258833001,28110447.242202297,177540624.7520813,50,25,0
Z3,20,9,720,61688.0,0.074167,831744.576429,833616.0,1.0,2,23.317581,369954.474047,369954.474047,9240272.970778998,24183290.7217669,1153055.4258833001,28110447.242202297,177540624.7520813,50,25,0
Z3,21,9,720,59200.0,0.049746,1190045.430788,1208160.0,1.0,2,23.317581,441614.644918,441614.644918,9240272.970778998,24183290.7217669,1153055.4258833001,28110447.242202297,177540624.7520813,50,25,0
Z3,22,9,720,41064.0,0.066903,613784.135241,622176.0,1.0,2,23.317581,326362.385809,326362.385809,9240272.970778998,24183290.7217669,1153055.4258833001,28110447.242202297,177540624.7520813,50,25,0
Z3,23,9,720,55576.0,0.037533,1480723.629872,1502048.0,1.0,2,23.317581,499750.284735,499750.284735,9240272.970778998,24183290.7217669,1153055.4258833001,28110447.242202297,177540624.7520813,50,25,0
Z3,24,9,720,50200.0,0.073023,687454.63758,687664.0,1.0,2,23.317581,341096.486277,341096.486277,9240272.970778998,24183290.7217669,1153055.4258833001,28110447.242202297,177540624.7520813,50,25,0
Z3,25,9,720,30056.0,0.055177,544719.720173,546472.0,1.0,2,23.317581,312549.502795,312549.502795,9240272.970778998,24183290.7217669,1153055.4258833001,28110447.242202297,177540624.7520813,50,25,0
Z3,26,9,720,59504.0,0.069837,852041.181609,862376.0,1.0,2,23.317581,374013.795083,374013.795083,9240272.970778998,24183290.7217669,1153055.4258833001,28110447.242202297,177540624.7520813,50,25,0
Z3,27,9,720,65232.0,0.064686,1008440.775438,1019248.0,1.0,2,23.317581,405293.713848,405293.713848,9240272.970778998,24183290.7217669,1153055.4258833001,28110447.242202297,177540624.7520813,50,25,0
Z3,28,9,720,23952.0,0.041926,571292.276869,584192.0,1.0,2,23.317581,317864.014135,317864.014135,9240272.970778998,24183290.7217669,1153055.4258833001,28110447.242202297,177540624.7520813,50,25,0
Z3,29,9,720,32816.0,0.026859,1221787.855095,1262152.0,1.0,2,23.317581,447963.12978,447963.12978,9240272.970778998,24183290.7217669,1153055.4258833001,28110447.242202297,177540624.7520813,50,25,0
Z3,30,9,720,8856.0,0.055512,159533.07393,161016.0,1.0,2,23.317581,235512.173547,235512.173547,9240272.970778998,24183290.7217669,1153055.4258833001,28110447.242202297,177540624.7520813,50,25,0
Z3,31,9,720,14088.0,0.042676,330115.287281,335424.0,1.0,2,23.317581,269628.616217,269628.616217,9240272.970778998,24183290.7217669,1153055.4258833001,28110447.242202297,177540624.7520813,50,25,0
Z3,32,9,720,15104.0,0.03742,403634.420096,408216.0,1.0,2,23.317581,284332.44278,284332.44278,9240272.970778998,24183290.7217669,1153055.4258833001,28110447.242202297,177540624.7520813,50,25,0
Z3,33,9,720,11784.0,0.068833,171196.954949,173288.0,1.0,2,23.317581,237844.949751,237844.949751,9240272.970778998,24183290.7217669,1153055.4258833001,28110447.242202297,177540624.7520813,50,25,0
Z3,34,9,720,18496.0,0.031118,594382.672408,596640.0,1.0,2,23.317581,322482.093242,322482.093242,9240272.970778998,24183290.7217669,1153055.4258833001,28110447.242202297,177540624.7520813,50,25,0
Z3,35,9,720,22376.0,0.038574,580079.846529,588840.0,1.0,2,23.317581,319621.528067,319621.528067,9240272.970778998,24183290.7217669,1153055.4258833001,28110447.242202297,177540624.7520813,50,25,0
Z3,36,9,720,8792.0,0.03864,227536.231884,231368.0,1.0,2,23.317581,249112.805138,249112.805138,9240272.970778998,24183290.7217669,1153055.4258833001,28110447.242202297,177540624.7520813,50,25,0
Z3,37,9,720,19464.0,0.035981,540952.1692,556112.0,1.0,2,23.317581,311795.992601,311795.992601,9240272.970778998,24183290.7217669,1153055.4258833001,28110447.242202297,177540624.7520813,50,25,0
Z3,38,9,720,20360.0,0.05724,355695.317959,357192.0,1.0,2,23.317581,274744.622353,274744.622353,9240272.970778998,24183290.7217669,1153055.4258833001,28110447.242202297,177540624.7520813,50,25,0
Z1,0,10,720,7480.0,0.189134,39548.679772,39576.0,1.0,2,26.295542,197382.425,197382.425,9240272.970778998,24183290.7217669,1153055.4258833001,28110447.242202297,177540624.7520813,50,25,0
Z2,0,10,720,6624.0,0.183642,36070.180024,36192.0,1.0,2,26.295542,196686.725051,196686.725051,9240272.970778998,24183290.7217669,1153055.4258833001,28110447.242202297,177540624.7520813,50,25,0
Z2,1,10,720,7008.0,0.043156,162387.617017,162976.0,1.0,2,26.295542,221950.212449,221950.212449,9240272.970778998,24183290.7217669,1153055.4258833001,28110447.242202297,177540624.7520813,50,25,0
Z2,2,10,720,7832.0,0.050188,156053.239818,156640.0,1.0,2,26.295542,220683.337009,220683.337009,9240272.970778998,24183290.7217669,1153055.4258833001,28110447.242202297,177540624.7520813,50,25,0
Z2,3,10,720,29728.0,0.055958,531255.584546,540504.0,1.0,2,26.295542,295723.805955,295723.805955,9240272.970778998,24183290.7217669,1153055.4258833001,28110447.242202297,177540624.7520813,50,25,0
Z2,4,10,720,35840.0,0.042442,844446.538806,853328.0,1.0,2,26.295542,358361.996807,358361.996807,9240272.970778998,24183290.7217669,1153055.4258833001,28110447.242202297,177540624.7520813,50,25,0
Z2,5,10,720,43888.0,0.068913,636860.969628,645408.0,1.0,2,26.295542,316844.882972,316844.882972,9240272.970778998,24183290.7217669,1153055.4258833001,28110447.242202297,177540624.7520813,50,25,0
Z2,6,10,720,17936.0,0.055058,325765.556322,326104.0,1.0,2,26.295542,254625.80031,254625.80031,9240272.970778998,24183290.7217669,1153055.4258833001,28110447.242202297,177540624.7520813,50,25,0
Z2,7,10,720,24920.0,0.072236,344980.342212,346104.0,1.0,2,26.295542,258468.757488,258468.757488,9240272.970778998,24183290.7217669,1153055.4258833001,28110447.242202297,177540624.7520813,50,25,0
Z3,0,10,720,6840.0,0.174928,39101.801884,39304.0,1.0,2,26.295542,197293.049423,197293.049423,9240272.970778998,24183290.7217669,1153055.4258833001,28110447.242202297,177540624.7520813,50,25,0
Z3,1,10,720,22064.0,0.048441,455481.926467,459664.0,1.0,2,26.295542,280569.074339,280569.074339,9240272.970778998,24183290.7217669,1153055.4258833001,28110447.242202297,177540624.7520813,50,25,0
Z3,2,10,720,15312.0,0.048531,315509.674229,319000.0,1.0,2,26.295542,252574.623892,252574.623892,9240272.970778998,24183290.7217669,1153055.4258833001,28110447.242202297,177540624.7520813,50,25,0
Z3,3,10,720,7752.0,0.058306,132953.726889,133648.0,1.0,2,26.295542,216063.434424,216063.434424,9240272.970778998,24183290.7217669,1153055.4258833001,28110447.242202297,177540624.7520813,50,25,0
Z3,4,10,720,11432.0,0.041917,272729.441515,278824.0,1.0,2,26.295542,244018.577349,244018.577349,9240272.970778998,24183290.7217669,1153055.4258833001,28110447.242202297,177540624.7520813,50,25,0
Z3,5,10,720,17232.0,0.032061,537475.437447,538496.0,1.0,2,26.295542,296967.776535,296967.776535,9240272.970778998,24183290.7217669,1153055.4258833001,28110447.242202297,177540624.7520813,50,25,0
Z3,6,10,720,23328.0,0.064467,361859.556052,364496.0,1.0,2,26.295542,261844.600256,261844.600256,9240272.970778998,24183290.7217669,1153055.4258833001,28110447.242202297,177540624.7520813,50,25,0
Z3,7,10,720,18496.0,0.051515,359041.056003,362664.0,1.0,2,26.295542,261280.900246,261280.900246,9240272.970778998,24183290.7217669,1153055.4258833001,28110447.242202297,177540624.7520813,50,25,0
Z3,8,10,720,7968.0,0.046823,170172.778335,173216.0,1.0,2,26.295542,223507.244713,223507.244713,9240272.970778998,24183290.7217669,1153055.4258833001,28110447.242202297,177540624.7520813,50,25,0
Z3,9,10,720,19568.0,0.031611,619025.022935,631224.0,1.0,2,26.295542,313277.693633,313277.693633,9240272.970778998,24183290.7217669,1153055.4258833001,28110447.242202297,177540624.7520813,50,25,0
Z3,10,10,720,36064.0,0.067744,532357.109117,538264.0,1.0,2,26.295542,295944.110869,295944.110869,9240272.970778998,24183290.7217669,1153055.4258833001,28110447.242202297,177540624.7520813,50,25,0
Z3,11,10,720,29248.0,0.068988,423957.789761,430112.0,1.0,2,26.295542,274264.246998,274264.246998,9240272.970778998,24183290.7217669,1153055.4258833001,28110447.242202297,177540624.7520813,50,25,0
Z3,12,10,720,24216.0,0.070752,342265.943012,345936.0,1.0,2,26.295542,257925.877648,257925.877648,9240272.970778998,24183290.7217669,1153055.4258833001,28110447.242202297,177540624.7520813,50,25,0
Z3,13,10,720,54424.0,0.060195,904128.249855,907064.0,1.0,2,26.295542,370298.339017,370298.339017,9240272.970778998,24183290.7217669,1153055.4258833001,28110447.242202297,177540624.7520813,50,25,0
Z3,14,10,720,56832.0,0.056421,1007284.521721,1014856.0,1.0,2,26.295542,390929.59339,390929.59339,9240272.970778998,24183290.7217669,1153055.4258833001,28110447.242202297,177540624.7520813,50,25,0
Z3,15,10,720,29576.0,0.073362,403151.495325,405144.0,1.0,2,26.295542,270102.988111,270102.988111,9240272.970778998,24183290.7217669,1153055.4258833001,28110447.242202297,177540624.7520813,50,25,0
Z3,16,10,720,52328.0,0.062874,832267.710023,844000.0,1.0,2,26.295542,355926.23105,355926.23105,9240272.970778998,24183290.7217669,1153055.4258833001,28110447.242202297,177540624.7520813,50,25,0
Z3,17,10,720,52840.0,0.058188,908091.01533,911032.0,1.0,2,26.295542,371090.892112,371090.892112,9240272.970778998,24183290.7217669,1153055.4258833001,28110447.242202297,177540624.7520813,50,25,0
Z3,18,10,720,35136.0,0.072659,483573.95505,488000.0,1.0,2,26.295542,286187.480056,286187.480056,9240272.970778998,24183290.7217669,1153055.4258833001,28110447.242202297,177540624.7520813,50,25,0
Z3,19,10,720,23160.0,0.059023,392389.407519,392536.0,1.0,2,26.295542,267950.57055,267950.57055,9240272.970778998,24183290.7217669,1153055.4258833001,28110447.242202297,177540624.7520813,50,25,0
Z3,20,10,720,77048.0,0.06816,1130399.061033,1133056.0,1.0,2,26.295542,415552.501252,415552.501252,9240272.970778998,24183290.7217669,1153055.4258833001,28110447.242202297,177540624.7520813,50,25,0
Z3,21,10,720,68968.0,0.070083,984090.292938,985256.0,1.0,2,26.295542,386290.747634,386290.747634,9240272.970778998,24183290.7217669,1153055.4258833001,28110447.242202297,177540624.7520813,50,25,0
Z3,22,10,720,52224.0,0.068027,767695.179855,768000.0,1.0,2,26.295542,343011.725017,343011.725017,9240272.970778998,24183290.7217669,1153055.4258833001,28110447.242202297,177540624.7520813,50,25,0
Z3,23,10,720,76384.0,0.057989,1317215.333943,1340064.0,1.0,2,26.295542,452915.755834,452915.755834,9240272.970778998,24183290.7217669,1153055.4258833001,28110447.242202297,177540624.7520813,50,25,0
Z3,24,10,720,57512.0,0.066404,866092.404072,871392.0,1.0,2,26.295542,362691.16986,362691.16986,9240272.970778998,24183290.7217669,1153055.4258833001,28110447.242202297,177540624.7520813,50,25,0
Z3,25,10,720,35600.0,0.069405,512931.345004,515936.0,1.0,2,26.295542,292058.958047,292058.958047,9240272.970778998,24183290.7217669,1153055.4258833001,28110447.242202297,177540624.7520813,50,25,0
Z3,26,10,720,72816.0,0.058017,1255080.407467,1255448.0,1.0,2,26.295542,440488.770539,440488.770539,9240272.970778998,24183290.7217669,1153055.4258833001,28110447.242202297,177540624.7520813,50,25,0
Z3,27,10,720,93600.0,0.07307,1280963.459696,1282184.0,1.0,2,26.295542,445665.380985,445665.380985,9240272.970778998,24183290.7217669,1153055.4258833001,28110447.242202297,177540624.7520813,50,25,0
Z3,28,10,720,23040.0,0.075537,305016.084833,307200.0,1.0,2,26.295542,250475.906012,250475.906012,9240272.970778998,24183290.7217669,1153055.4258833001,28110447.242202297,177540624.7520813,50,25,0
Z3,29,10,720,35840.0,0.072792,492361.798,497776.0,1.0,2,26.295542,287945.048646,287945.048646,9240272.970778998,24183290.7217669,1153055.4258833001,28110447.242202297,177540624.7520813,50,25,0
Z3,30,10,720,13072.0,0.039334,332333.350282,335176.0,1.0,2,26.295542,255939.359102,255939.359102,9240272.970778998,24183290.7217669,1153055.4258833001,28110447.242202297,177540624.7520813,50,25,0
Z3,31,10,720,20608.0,0.049694,414697.951463,420568.0,1.0,2,26.295542,272412.279338,272412.279338,9240272.970778998,24183290.7217669,1153055.4258833001,28110447.242202297,177540624.7520813,50,25,0
Z3,32,10,720,22584.0,0.055751,405086.904271,410616.0,1.0,2,26.295542,270490.0699,270490.0699,9240272.970778998,24183290.7217669,1153055.4258833001,28110447.242202297,177540624.7520813,50,25,0
Z3,33,10,720,14712.0,0.051019,288363.158823,288464.0,1.0,2,26.295542,247145.32081,247145.32081,9240272.970778998,24183290.7217669,1153055.4258833001,28110447.242202297,177540624.7520813,50,25,0
Z3,34,10,720,20512.0,0.046843,437888.265056,445912.0,1.0,2,26.295542,277050.342057,277050.342057,9240272.970778998,24183290.7217669,1153055.4258833001,28110447.242202297,177540624.7520813,50,25,0
Z3,35,10,720,17992.0,0.061482,292638.49582,294944.0,1.0,2,26.295542,248000.38821,248000.38821,9240272.970778998,24183290.7217669,1153055.4258833001,28110447.242202297,177540624.7520813,50,25,0
Z3,36,10,720,11464.0,0.064414,177973.732418,179120.0,1.0,2,26.295542,225067.43553,225067.43553,9240272.970778998,24183290.7217669,1153055.4258833001,28110447.242202297,177540624.7520813,50,25,0
Z3,37,10,720,22376.0,0.06211,360264.047657,360896.0,1.0,2,26.295542,261525.498577,261525.498577,9240272.970778998,24183290.7217669,1153055.4258833001,28110447.242202297,177540624.7520813,50,25,0
Z3,38,10,720,29088.0,0.064214,452985.330302,454496.0,1.0,2,26.295542,280069.755106,280069.755106,9240272.970778998,24183290.7217669,1153055.4258833001,28110447.242202297,177540624.7520813,50,25,0
Z1,0,11,720,41864.0,0.1941,215682.637816,215792.0,1.0,2,29.486651,281227.02176,281227.02176,9240272.970778998,24183290.7217669,1153055.4258833001,28110447.242202297,177540624.7520813,50,25,0
Z2,0,11,720,10080.0,0.205096,49147.716191,49168.0,1.0,2,29.486651,247920.037436,247920.037436,9240272.970778998,24183290.7217669,1153055.4258833001,28110447.242202297,177540624.7520813,50,25,0
Z2,1,11,720,36112.0,0.07514,480596.220389,481488.0,1.0,2,29.486651,334209.738275,334209.738275,9240272.970778998,24183290.7217669,1153055.4258833001,28110447.242202297,177540624.7520813,50,25,0
Z2,2,11,720,36680.0,0.061429,597112.113171,601304.0,1.0,2,29.486651,357512.916832,357512.916832,9240272.970778998,24183290.7217669,1153055.4258833001,28110447.242202297,177540624.7520813,50,25,0
Z2,3,11,720,39392.0,0.035711,1103077.483128,1125480.0,1.0,2,29.486651,458705.990823,458705.990823,9240272.970778998,24183290.7217669,1153055.4258833001,28110447.242202297,177540624.7520813,50,25,0
Z2,4,11,720,43216.0,0.065056,664289.227742,664856.0,1.0,2,29.486651,370948.339746,370948.339746,9240272.970778998,24183290.7217669,1153055.4258833001,28110447.242202297,177540624.7520813,50,25,0
Z2,5,11,720,50760.0,0.046008,1103286.384977,1103472.0,1.0,2,29.486651,458747.771193,458747.771193,9240272.970778998,24183290.7217669,1153055.4258833001,28110447.242202297,177540624.7520813,50,25,0
Z2,6,11,720,17768.0,0.061162,290507.177659,291272.0,1.0,2,29.486651,296191.929729,296191.929729,9240272.970778998,24183290.7217669,1153055.4258833001,28110447.242202297,177540624.7520813,50,25,0
Z2,7,11,720,33352.0,0.059414,561349.176962,565288.0,1.0,2,29.486651,350360.32959,350360.32959,9240272.970778998,24183290.7217669,1153055.4258833001,28110447.242202297,177540624.7520813,50,25,0
Z3,0,11,720,6624.0,0.157421,42078.248772,42184.0,1.0,2,29.486651,246506.143952,246506.143952,9240272.970778998,24183290.7217669,1153055.4258833001,28110447.242202297,177540624.7520813,50,25,0
Z3,1,11,720,11320.0,0.049397,229163.714396,231016.0,1.0,2,29.486651,283923.237076,283923.237076,9240272.970778998,24183290.7217669,1153055.4258833001,28110447.242202297,177540624.7520813,50,25,0
Z3,2,11,720,16208.0,0.06221,260536.891175,261416.0,1.0,2,29.486651,290197.872432,290197.872432,9240272.970778998,24183290.7217669,1153055.4258833001,28110447.242202297,177540624.7520813,50,25,0
Z3,3,11,720,12920.0,0.051981,248552.355668,253328.0,1.0,2,29.486651,287800.965331,287800.965331,9240272.970778998,24183290.7217669,1153055.4258833001,28110447.242202297,177540624.7520813,50,25,0
Z3,4,11,720,8968.0,0.05962,150419.322375,152000.0,1.0,2,29.486651,268174.358672,268174.358672,9240272.970778998,24183290.7217669,1153055.4258833001,28110447.242202297,177540624.7520813,50,25,0
Z3,5,11,720,12016.0,0.054634,219936.303401,222512.0,1.0,2,29.486651,282077.754877,282077.754877,9240272.970778998,24183290.7217669,1153055.4258833001,28110447.242202297,177540624.7520813,50,25,0
Z3,6,11,720,21880.0,0.058347,374997.857645,377240.0,1.0,2,29.486651,313090.065726,313090.065726,9240272.970778998,24183290.7217669,1153055.4258833001,28110447.242202297,177540624.7520813,50,25,0
Z3,7,11,720,13408.0,0.040597,330270.709658,335200.0,1.0,2,29.486651,304144.636129,304144.636129,9240272.970778998,24183290.7217669,1153055.4258833001,28110447.242202297,177540624.7520813,50,25,0
Z3,8,11,720,14528.0,0.073094,198757.763975,199008.0,1.0,2,29.486651,277842.046992,277842.046992,9240272.970778998,24183290.7217669,1153055.4258833001,28110447.242202297,177540624.7520813,50,25,0
Z3,9,11,720,15928.0,0.052377,304102.94595,306304.0,1.0,2,29.486651,298911.083387,298911.083387,9240272.970778998,24183290.7217669,1153055.4258833001,28110447.242202297,177540624.7520813,50,25,0
Z3,10,11,720,8224.0,0.066442,123777.128924,124600.0,1.0,2,29.486651,262845.919982,262845.919982,9240272.970778998,24183290.7217669,1153055.4258833001,28110447.242202297,177540624.7520813,50,25,0
Z3,11,11,720,8720.0,0.050545,172519.537046,174400.0,1.0,2,29.486651,272594.401607,272594.401607,9240272.970778998,24183290.7217669,1153055.4258833001,28110447.242202297,177540624.7520813,50,25,0
Z3,12,11,720,23504.0,0.055769,421452.778425,427344.0,1.0,2,29.486651,322381.049882,322381.049882,9240272.970778998,24183290.7217669,1153055.4258833001,28110447.242202297,177540624.7520813,50,25,0
Z3,13,11,720,50640.0,0.074348,681121.213752,684320.0,1.0,2,29.486651,374314.736948,374314.736948,9240272.970778998,24183290.7217669,1153055.4258833001,28110447.242202297,177540624.7520813,50,25,0
Z3,14,11,720,47296.0,0.061157,773353.827035,775344.0,1.0,2,29.486651,392761.259604,392761.259604,9240272.970778998,24183290.7217669,1153055.4258833001,28110447.242202297,177540624.7520813,50,25,0
Z3,15,11,720,34344.0,0.069025,497558.855487,497736.0,1.0,2,29.486651,337602.265295,337602.265295,9240272.970778998,24183290.7217669,1153055.4258833001,28110447.242202297,177540624.7520813,50,25,0
Z3,16,11,720,73648.0,0.072467,1016297.073151,1022888.0,1.0,2,29.486651,441349.908827,441349.908827,9240272.970778998,24183290.7217669,1153055.4258833001,28110447.242202297,177540624.7520813,50,25,0
Z3,17,11,720,59920.0,0.075847,790011.47046,798928.0,1.0,2,29.486651,396092.788289,396092.788289,9240272.970778998,24183290.7217669,1153055.4258833001,28110447.242202297,177540624.7520813,50,25,0
Z3,18,11,720,40664.0,0.065614,619745.78596,625600.0,1.0,2,29.486651,362039.651389,362039.651389,9240272.970778998,24183290.7217669,1153055.4258833001,28110447.242202297,177540624.7520813,50,25,0
Z3,19,11,720,56880.0,0.071449,796092.317597,801120.0,1.0,2,29.486651,397308.957717,397308.957717,9240272.970778998,24183290.7217669,1153055.4258833001,28110447.242202297,177540624.7520813,50,25,0
Z3,20,11,720,57216.0,0.064939,881073.006976,894000.0,1.0,2,29.486651,414305.095592,414305.095592,9240272.970778998,24183290.7217669,1153055.4258833001,28110447.242202297,177540624.7520813,50,25,0
Z3,21,11,720,28160.0,0.032103,877176.587858,880000.0,1.0,2,29.486651,413525.811769,413525.811769,9240272.970778998,24183290.7217669,1153055.4258833001,28110447.242202297,177540624.7520813,50,25,0
Z3,22,11,720,76696.0,0.059709,1284496.474568,1299928.0,1.0,2,29.486651,494989.789111,494989.789111,9240272.970778998,24183290.7217669,1153055.4258833001,28110447.242202297,177540624.7520813,50,25,0
Z3,23,11,720,80520.0,0.074851,1075737.1311,1088104.0,1.0,2,29.486651,453237.920417,453237.920417,9240272.970778998,24183290.7217669,1153055.4258833001,28110447.242202297,177540624.7520813,50,25,0
Z3,24,11,720,66560.0,0.075064,886710.00746,887464.0,1.0,2,29.486651,415432.495689,415432.495689,9240272.970778998,24183290.7217669,1153055.4258833001,28110447.242202297,177540624.7520813,50,25,0
Z3,25,11,720,77808.0,0.054749,1421176.642496,1440888.0,1.0,2,29.486651,522325.822696,522325.822696,9240272.970778998,24183290.7217669,1153055.4258833001,28110447.242202297,177540624.7520813,50,25,0
Z3,26,11,720,55056.0,0.071523,769766.36886,775432.0,1.0,2,29.486651,392043.767969,392043.767969,9240272.970778998,24183290.7217669,1153055.4258833001,28110447.242202297,177540624.7520813,50,25,0
Z3,27,11,720,36552.0,0.034466,1060523.414379,1075056.0,1.0,2,29.486651,450195.177073,450195.177073,9240272.970778998,24183290.7217669,1153055.4258833001,28110447.242202297,177540624.7520813,50,25,0
Z3,28,11,720,100304.0,0.071872,1395592.163847,1412728.0,1.0,2,29.486651,517208.926967,517208.926967,9240272.970778998,24183290.7217669,1153055.4258833001,28110447.242202297,177540624.7520813,50,25,0
Z3,29,11,720,133264.0,0.109161,1220802.301188,1222600.0,1.0,2,29.486651,482250.954435,482250.954435,9240272.970778998,24183290.7217669,1153055.4258833001,28110447.242202297,177540624.7520813,50,25,0
Z3,30,11,720,14528.0,0.064769,224304.837191,227000.0,1.0,2,29.486651,282951.461635,282951.461635,9240272.970778998,24183290.7217669,1153055.4258833001,28110447.242202297,177540624.7520813,50,25,0
Z3,31,11,720,24392.0,0.069616,350379.223167,353504.0,1.0,2,29.486651,308166.338831,308166.338831,9240272.970778998,24183290.7217669,1153055.4258833001,28110447.242202297,177540624.7520813,50,25,0
Z3,32,11,720,22216.0,0.068374,324918.828795,326704.0,1.0,2,29.486651,303074.259956,303074.259956,9240272.970778998,24183290.7217669,1153055.4258833001,28110447.242202297,177540624.7520813,50,25,0
Z3,33,11,720,14368.0,0.042409,338796.010281,342088.0,1.0,2,29.486651,305849.696253,305849.696253,9240272.970778998,24183290.7217669,1153055.4258833001,28110447.242202297,177540624.7520813,50,25,0
Z3,34,11,720,21288.0,0.03282,648628.884826,665248.0,1.0,2,29.486651,367816.271163,367816.271163,9240272.970778998,24183290.7217669,1153055.4258833001,28110447.242202297,177540624.7520813,50,25,0
Z3,35,11,720,18544.0,0.043242,428842.329217,431248.0,1.0,2,29.486651,323858.960041,323858.960041,9240272.970778998,24183290.7217669,1153055.4258833001,28110447.242202297,177540624.7520813,50,25,0
Z3,36,11,720,12272.0,0.056967,215422.964172,219136.0,1.0,2,29.486651,281175.087032,281175.087032,9240272.970778998,24183290.7217669,1153055.4258833001,28110447.242202297,177540624.7520813,50,25,0
Z3,37,11,720,21736.0,0.048309,449936.864766,452832.0,1.0,2,29.486651,328077.867151,328077.867151,9240272.970778998,24183290.7217669,1153055.4258833001,28110447.242202297,177540624.7520813,50,25,0
Z3,38,11,720,22688.0,0.060108,377453.916284,378128.0,1.0,2,29.486651,313581.277454,313581.277454,9240272.970778998,24183290.7217669,1153055.4258833001,28110447.242202297,177540624.7520813,50,25,0
Z1,0,12,720,65984.0,0.219368,300791.364283,301296.0,1.0,2,32.754719,343213.766123,343213.766123,9240272.970778998,24183290.7217669,1153055.4258833001,28110447.242202297,177540624.7520813,50,25,0
Z2,0,12,720,6624.0,0.178698,37068.126112,37208.0,1.0,2,32.754719,290469.118489,290469.118489,9240272.970778998,24183290.7217669,1153055.4258833001,28110447.242202297,177540624.7520813,50,25,0
Z2,1,12,720,6760.0,0.030194,223885.540174,225328.0,1.0,2,32.754719,327832.601302,327832.601302,9240272.970778998,24183290.7217669,1153055.4258833001,28110447.242202297,177540624.7520813,50,25,0
Z2,2,12,720,7528.0,0.070512,106761.969594,107536.0,1.0,2,32.754719,304407.887186,304407.887186,9240272.970778998,24183290.7217669,1153055.4258833001,28110447.242202297,177540624.7520813,50,25,0
Z2,3,12,720,7704.0,0.068949,111734.760475,113288.0,1.0,2,32.754719,305402.445362,305402.445362,9240272.970778998,24183290.7217669,1153055.4258833001,28110447.242202297,177540624.7520813,50,25,0
Z2,4,12,720,58576.0,0.050423,1161692.084961,1171520.0,1.0,2,32.754719,515393.910259,515393.910259,9240272.970778998,24183290.7217669,1153055.4258833001,28110447.242202297,177540624.7520813,50,25,0
Z2,5,12,720,36544.0,0.04092,893059.628543,913600.0,1.0,2,32.754719,461667.418976,461667.418976,9240272.970778998,24183290.7217669,1153055.4258833001,28110447.242202297,177540624.7520813,50,25,0
Z2,6,12,720,62000.0,0.075645,819617.952277,826664.0,1.0,2,32.754719,446979.083722,446979.083722,9240272.970778998,24183290.7217669,1153055.4258833001,28110447.242202297,177540624.7520813,50,25,0
Z2,7,12,720,77544.0,0.074641,1038892.833697,1047888.0,1.0,2,32.754719,490834.060006,490834.060006,9240272.970778998,24183290.7217669,1153055.4258833001,28110447.242202297,177540624.7520813,50,25,0
Z3,0,12,720,7896.0,0.177058,44595.556258,44608.0,1.0,2,32.754719,291974.604519,291974.604519,9240272.970778998,24183290.7217669,1153055.4258833001,28110447.242202297,177540624.7520813,50,25,0
Z3,1,12,720,10520.0,0.065637,160275.454393,161840.0,1.0,2,32.754719,315110.584146,315110.584146,9240272.970778998,24183290.7217669,1153055.4258833001,28110447.242202297,177540624.7520813,50,25,0
Z3,2,12,720,20088.0,0.045896,437685.201325,446400.0,1.0,2,32.754719,370592.533532,370592.533532,9240272.970778998,24183290.7217669,1153055.4258833001,28110447.242202297,177540624.7520813,50,25,0
Z3,3,12,720,10320.0,0.054607,188986.759939,191104.0,1.0,2,32.754719,320852.845255,320852.845255,9240272.970778998,24183290.7217669,1153055.4258833001,28110447.242202297,177540624.7520813,50,25,0
Z3,4,12,720,12664.0,0.051214,247276.135432,248312.0,1.0,2,32.754719,332510.720353,332510.720353,9240272.970778998,24183290.7217669,1153055.4258833001,28110447.242202297,177540624.7520813,50,25,0
Z3,5,12,720,15440.0,0.040903,377478.424565,386000.0,1.0,2,32.754719,358551.17818,358551.17818,9240272.970778998,24183290.7217669,1153055.4258833001,28110447.242202297,177540624.7520813,50,25,0
Z3,6,12,720,7712.0,0.045168,170740.347148,171376.0,1.0,2,32.754719,317203.562697,317203.562697,9240272.970778998,24183290.7217669,1153055.4258833001,28110447.242202297,177540624.7520813,50,25,0
Z3,7,12,720,10120.0,0.06123,165278.458272,165896.0,1.0,2,32.754719,316111.184921,316111.184921,9240272.970778998,24183290.7217669,1153055.4258833001,28110447.242202297,177540624.7520813,50,25,0
Z3,8,12,720,7576.0,0.074035,102329.979064,102376.0,1.0,2,32.754719,303521.48908,303521.48908,9240272.970778998,24183290.7217669,1153055.4258833001,28110447.242202297,177540624.7520813,50,25,0
Z3,9,12,720,24720.0,0.057841,427378.503138,433680.0,1.0,2,32.754719,368531.193894,368531.193894,9240272.970778998,24183290.7217669,1153055.4258833001,28110447.242202297,177540624.7520813,50,25,0
Z3,10,12,720,60536.0,0.070945,853280.710409,864800.0,1.0,2,32.754719,453711.635349,453711.635349,9240272.970778998,24183290.7217669,1153055.4258833001,28110447.242202297,177540624.7520813,50,25,0
Z3,11,12,720,65616.0,0.069182,948454.800382,950952.0,1.0,2,32.754719,472746.453343,472746.453343,9240272.970778998,24183290.7217669,1153055.4258833001,28110447.242202297,177540624.7520813,50,25,0
Z3,12,12,720,38936.0,0.045512,855510.634558,865240.0,1.0,2,32.754719,454157.620178,454157.620178,9240272.970778998,24183290.7217669,1153055.4258833001,28110447.242202297,177540624.7520813,50,25,0
Z3,13,12,720,87896.0,0.075859,1158675.964619,1171944.0,1.0,2,32.754719,514790.686191,514790.686191,9240272.970778998,24183290.7217669,1153055.4258833001,28110447.242202297,177540624.7520813,50,25,0
Z3,14,12,720,78296.0,0.073045,1071887.192826,1072544.0,1.0,2,32.754719,497432.931832,497432.931832,9240272.970778998,24183290.7217669,1153055.4258833001,28110447.242202297,177540624.7520813,50,25,0
Z3,15,12,720,45720.0,0.06596,693147.362038,703384.0,1.0,2,32.754719,421684.965674,421684.965674,9240272.970778998,24183290.7217669,1153055.4258833001,28110447.242202297,177540624.7520813,50,25,0
Z3,16,12,720,82616.0,0.063302,1305108.843322,1311360.0,1.0,2,32.754719,544077.261931,544077.261931,9240272.970778998,24183290.7217669,1153055.4258833001,28110447.242202297,177540624.7520813,50,25,0
Z3,17,12,720,109704.0,0.08329,1317132.909113,1321728.0,1.0,2,32.754719,546482.075089,546482.075089,9240272.970778998,24183290.7217669,1153055.4258833001,28110447.242202297,177540624.7520813,50,25,0
Z3,18,12,720,28840.0,0.064557,446736.992115,450624.0,1.0,2,32.754719,372402.89169,372402.89169,9240272.970778998,24183290.7217669,1153055.4258833001,28110447.242202297,177540624.7520813,50,25,0
Z3,19,12,720,75104.0,0.072692,1033181.09283,1043104.0,1.0,2,32.754719,489691.711833,489691.711833,9240272.970778998,24183290.7217669,1153055.4258833001,28110447.242202297,177540624.7520813,50,25,0
Z3,20,12,720,96504.0,0.073198,1318396.677505,1321968.0,1.0,2,32.754719,546734.828768,546734.828768,9240272.970778998,24183290.7217669,1153055.4258833001,28110447.242202297,177540624.7520813,50,25,0
Z3,21,12,720,42960.0,0.040858,1051446.473151,1074000.0,1.0,2,32.754719,493344.787897,493344.787897,9240272.970778998,24183290.7217669,1153055.4258833001,28110447.242202297,177540624.7520813,50,25,0
Z3,22,12,720,68064.0,0.038869,1751112.71193,1791152.0,1.0,2,32.754719,633278.035653,633278.035653,9240272.970778998,24183290.7217669,1153055.4258833001,28110447.242202297,177540624.7520813,50,25,0
Z3,23,12,720,50352.0,0.058993,853524.994491,868136.0,1.0,2,32.754719,453760.492165,453760.492165,9240272.970778998,24183290.7217669,1153055.4258833001,28110447.242202297,177540624.7520813,50,25,0
Z3,24,12,720,31856.0,0.052868,602557.312552,612608.0,1.0,2,32.754719,403566.955777,403566.955777,9240272.970778998,24183290.7217669,1153055.4258833001,28110447.242202297,177540624.7520813,50,25,0
Z3,25,12,720,130312.0,0.090229,1444236.332,1447904.0,1.0,2,32.754719,571902.759667,571902.759667,9240272.970778998,24183290.7217669,1153055.4258833001,28110447.242202297,177540624.7520813,50,25,0
Z3,26,12,720,138080.0,0.120427,1146586.72889,1150664.0,1.0,2,32.754719,512372.839045,512372.839045,9240272.970778998,24183290.7217669,1153055.4258833001,28110447.242202297,177540624.7520813,50,25,0
Z3,27,12,720,50256.0,0.072365,694479.375389,698000.0,1.0,2,32.754719,421951.368345,421951.368345,9240272.970778998,24183290.7217669,1153055.4258833001,28110447.242202297,177540624.7520813,50,25,0
Z3,28,12,720,14080.0,0.047395,297077.750818,299568.0,1.0,2,32.754719,342471.04343,342471.04343,9240272.970778998,24183290.7217669,1153055.4258833001,28110447.242202297,177540624.7520813,50,25,0
Z3,29,12,720,21056.0,0.066438,316927.059815,319024.0,1.0,2,32.754719,346440.90523,346440.90523,9240272.970778998,24183290.7217669,1153055.4258833001,28110447.242202297,177540624.7520813,50,25,0
Z3,30,12,720,21064.0,0.06897,305408.14847,309760.0,1.0,2,32.754719,344137.122961,344137.122961,9240272.970778998,24183290.7217669,1153055.4258833001,28110447.242202297,177540624.7520813,50,25,0
Z3,31,12,720,16432.0,0.048259,340496.073271,342328.0,1.0,2,32.754719,351154.707921,351154.707921,9240272.970778998,24183290.7217669,1153055.4258833001,28110447.242202297,177540624.7520813,50,25,0
Z3,32,12,720,26024.0,0.048006,542098.904304,542160.0,1.0,2,32.754719,391475.274128,391475.274128,9240272.970778998,24183290.7217669,1153055.4258833001,28110447.242202297,177540624.7520813,50,25,0
Z3,33,12,720,25696.0,0.051887,495230.01908,503840.0,1.0,2,32.754719,382101.497083,382101.497083,9240272.970778998,24183290.7217669,1153055.4258833001,28110447.242202297,177540624.7520813,50,25,0
Z3,34,12,720,13400.0,0.052578,254859.446917,257688.0,1.0,2,32.754719,334027.38265,334027.38265,9240272.970778998,24183290.7217669,1153055.4258833001,28110447.242202297,177540624.7520813,50,25,0
Z3,35,12,720,31112.0,0.058228,534313.388748,536408.0,1.0,2,32.754719,389918.171016,389918.171016,9240272.970778998,24183290.7217669,1153055.4258833001,28110447.242202297,177540624.7520813,50,25,0
Z3,36,12,720,34872.0,0.064364,541793.549189,544872.0,1.0,2,32.754719,391414.203105,391414.203105,9240272.970778998,24183290.7217669,1153055.4258833001,28110447.242202297,177540624.7520813,50,25,0
Z3,37,12,720,18096.0,0.044218,409245.103804,411272.0,1.0,2,32.754719,364904.514028,364904.514028,9240272.970778998,24183290.7217669,1153055.4258833001,28110447.242202297,177540624.7520813,50,25,0
Z3,38,12,720,26888.0,0.067756,396835.704587,401312.0,1.0,2,32.754719,362422.634184,362422.634184,9240272.970778998,24183290.7217669,1153055.4258833001,28110447.242202297,177540624.7520813,50,25,0
