Zone, Tile_no, Seg_no, Reso, Seg_d_size, Seg_d_time, Bitrate, Bitrate1, Buf_lev, Buf_limit, Elapsed, Ref_vp, Local_avg,QoE,QoE1,Z1,Z2,Z3,delay,jitter,loss
Z1,0,1,720,9960.0,0.342277,29099.238336,29120.0,1.0,2,6.1e-05,29099.238336,29099.238336,1517931.5855091,4051587.0781918005,149861.2752567,4710095.642764701,30046650.5695917,100,25,3
Z2,0,1,720,8952.0,0.302888,29555.479253,29640.0,1.0,2,6.1e-05,14777.739627,14777.739627,1517931.5855091,4051587.0781918005,149861.2752567,4710095.642764701,30046650.5695917,100,25,3
Z2,1,1,720,5424.0,0.100961,53723.715098,54240.0,1.0,2,6.1e-05,17907.905033,17907.905033,1517931.5855091,4051587.0781918005,149861.2752567,4710095.642764701,30046650.5695917,100,25,3
Z2,2,1,720,7080.0,0.107902,65615.095179,66168.0,1.0,2,6.1e-05,16403.773795,16403.773795,1517931.5855091,4051587.0781918005,149861.2752567,4710095.642764701,30046650.5695917,100,25,3
Z2,3,1,720,18976.0,0.077718,244164.800947,246440.0,1.0,2,6.1e-05,48832.960189,48832.960189,1517931.5855091,4051587.0781918005,149861.2752567,4710095.642764701,30046650.5695917,100,25,3
Z2,4,1,720,8720.0,0.092987,93776.54941,94776.0,1.0,2,6.1e-05,18755.309882,18755.309882,1517931.5855091,4051587.0781918005,149861.2752567,4710095.642764701,30046650.5695917,100,25,3
Z2,5,1,720,8336.0,0.089455,93186.518361,93656.0,1.0,2,6.1e-05,18637.303672,18637.303672,1517931.5855091,4051587.0781918005,149861.2752567,4710095.642764701,30046650.5695917,100,25,3
Z2,6,1,720,6376.0,0.08269,77107.26811,77752.0,1.0,2,6.1e-05,15421.453622,15421.453622,1517931.5855091,4051587.0781918005,149861.2752567,4710095.642764701,30046650.5695917,100,25,3
Z2,7,1,720,6872.0,0.100141,68623.24123,68720.0,1.0,2,6.1e-05,13724.648246,13724.648246,1517931.5855091,4051587.0781918005,149861.2752567,4710095.642764701,30046650.5695917,100,25,3
Z3,0,1,720,7080.0,0.292789,24181.236317,24240.0,1.0,2,6.1e-05,4836.247263,4836.247263,1517931.5855091,4051587.0781918005,149861.2752567,4710095.642764701,30046650.5695917,100,25,3
Z3,1,1,720,7080.0,0.118248,59874.162777,60000.0,1.0,2,6.1e-05,11974.832555,11974.832555,1517931.5855091,4051587.0781918005,149861.2752567,4710095.642764701,30046650.5695917,100,25,3
Z3,2,1,720,5664.0,0.110461,51276.015969,51488.0,1.0,2,6.1e-05,10255.203194,10255.203194,1517931.5855091,4051587.0781918005,149861.2752567,4710095.642764701,30046650.5695917,100,25,3
Z3,3,1,720,7080.0,0.106187,66674.828369,66792.0,1.0,2,6.1e-05,13334.965674,13334.965674,1517931.5855091,4051587.0781918005,149861.2752567,4710095.642764701,30046650.5695917,100,25,3
Z3,4,1,720,7080.0,0.103983,68088.052855,68736.0,1.0,2,6.1e-05,13617.610571,13617.610571,1517931.5855091,4051587.0781918005,149861.2752567,4710095.642764701,30046650.5695917,100,25,3
Z3,5,1,720,5664.0,0.117899,48041.119942,48408.0,1.0,2,6.1e-05,9608.223988,9608.223988,1517931.5855091,4051587.0781918005,149861.2752567,4710095.642764701,30046650.5695917,100,25,3
Z3,6,1,720,7080.0,0.097901,72317.953851,72984.0,1.0,2,6.1e-05,14463.59077,14463.59077,1517931.5855091,4051587.0781918005,149861.2752567,4710095.642764701,30046650.5695917,100,25,3
Z3,7,1,720,7080.0,0.422007,16776.972894,16776.0,1.0,2,6.1e-05,3355.394579,3355.394579,1517931.5855091,4051587.0781918005,149861.2752567,4710095.642764701,30046650.5695917,100,25,3
Z3,8,1,720,5664.0,0.123356,45915.885729,46048.0,1.0,2,6.1e-05,9183.177146,9183.177146,1517931.5855091,4051587.0781918005,149861.2752567,4710095.642764701,30046650.5695917,100,25,3
Z3,9,1,720,7080.0,0.08117,87224.343969,87400.0,1.0,2,6.1e-05,17444.868794,17444.868794,1517931.5855091,4051587.0781918005,149861.2752567,4710095.642764701,30046650.5695917,100,25,3
Z3,10,1,720,12904.0,0.124963,103262.565719,104064.0,1.0,2,6.1e-05,20652.513144,20652.513144,1517931.5855091,4051587.0781918005,149861.2752567,4710095.642764701,30046650.5695917,100,25,3
Z3,11,1,720,17344.0,0.09501,182549.205347,182568.0,1.0,2,6.1e-05,36509.841069,36509.841069,1517931.5855091,4051587.0781918005,149861.2752567,4710095.642764701,30046650.5695917,100,25,3
Z3,12,1,720,16912.0,0.113528,148967.655556,149656.0,1.0,2,6.1e-05,29793.531111,29793.531111,1517931.5855091,4051587.0781918005,149861.2752567,4710095.642764701,30046650.5695917,100,25,3
Z3,13,1,720,13240.0,0.099899,132533.859198,133736.0,1.0,2,6.1e-05,26506.77184,26506.77184,1517931.5855091,4051587.0781918005,149861.2752567,4710095.642764701,30046650.5695917,100,25,3
Z3,14,1,720,28328.0,0.082673,342651.167854,345456.0,1.0,2,6.1e-05,68530.233571,68530.233571,1517931.5855091,4051587.0781918005,149861.2752567,4710095.642764701,30046650.5695917,100,25,3
Z3,15,1,720,30528.0,0.121123,252041.313376,252296.0,1.0,2,6.1e-05,50408.262675,50408.262675,1517931.5855091,4051587.0781918005,149861.2752567,4710095.642764701,30046650.5695917,100,25,3
Z3,16,1,720,16360.0,0.401226,40775.02455,40792.0,1.0,2,6.1e-05,8155.00491,8155.00491,1517931.5855091,4051587.0781918005,149861.2752567,4710095.642764701,30046650.5695917,100,25,3
Z3,17,1,720,33216.0,0.124702,266363.009414,267864.0,1.0,2,6.1e-05,53272.601883,53272.601883,1517931.5855091,4051587.0781918005,149861.2752567,4710095.642764701,30046650.5695917,100,25,3
Z3,18,1,720,28000.0,0.103146,271459.872414,271840.0,1.0,2,6.1e-05,54291.974483,54291.974483,1517931.5855091,4051587.0781918005,149861.2752567,4710095.642764701,30046650.5695917,100,25,3
Z3,19,1,720,15744.0,0.110856,142022.082702,143120.0,1.0,2,6.1e-05,28404.41654,28404.41654,1517931.5855091,4051587.0781918005,149861.2752567,4710095.642764701,30046650.5695917,100,25,3
Z3,20,1,720,16024.0,0.095323,168102.136945,168672.0,1.0,2,6.1e-05,33620.427389,33620.427389,1517931.5855091,4051587.0781918005,149861.2752567,4710095.642764701,30046650.5695917,100,25,3
Z3,21,1,720,11576.0,0.097821,118338.598052,119336.0,1.0,2,6.1e-05,23667.71961,23667.71961,1517931.5855091,4051587.0781918005,149861.2752567,4710095.642764701,30046650.5695917,100,25,3
Z3,22,1,720,10816.0,0.080491,134375.27177,135200.0,1.0,2,6.1e-05,26875.054354,26875.054354,1517931.5855091,4051587.0781918005,149861.2752567,4710095.642764701,30046650.5695917,100,25,3
Z3,23,1,720,13224.0,0.101759,129954.107253,130928.0,1.0,2,6.1e-05,25990.821451,25990.821451,1517931.5855091,4051587.0781918005,149861.2752567,4710095.642764701,30046650.5695917,100,25,3
Z3,24,1,720,17528.0,0.089665,195483.18742,196936.0,1.0,2,6.1e-05,39096.637484,39096.637484,1517931.5855091,4051587.0781918005,149861.2752567,4710095.642764701,30046650.5695917,100,25,3
Z3,25,1,720,23824.0,0.121115,196705.61037,196888.0,1.0,2,6.1e-05,39341.122074,39341.122074,1517931.5855091,4051587.0781918005,149861.2752567,4710095.642764701,30046650.5695917,100,25,3
Z3,26,1,720,11024.0,0.117703,93659.464924,94216.0,1.0,2,6.1e-05,18731.892985,18731.892985,1517931.5855091,4051587.0781918005,149861.2752567,4710095.642764701,30046650.5695917,100,25,3
Z3,27,1,720,15112.0,0.104785,144219.115331,145304.0,1.0,2,6.1e-05,28843.823066,28843.823066,1517931.5855091,4051587.0781918005,149861.2752567,4710095.642764701,30046650.5695917,100,25,3
Z3,28,1,720,24552.0,0.115818,211987.773921,213488.0,1.0,2,6.1e-05,42397.554784,42397.554784,1517931.5855091,4051587.0781918005,149861.2752567,4710095.642764701,30046650.5695917,100,25,3
Z3,29,1,720,10824.0,0.088952,121683.604641,123000.0,1.0,2,6.1e-05,24336.720928,24336.720928,1517931.5855091,4051587.0781918005,149861.2752567,4710095.642764701,30046650.5695917,100,25,3
Z3,30,1,720,6872.0,0.09023,76160.922088,76352.0,1.0,2,6.1e-05,15232.184418,15232.184418,1517931.5855091,4051587.0781918005,149861.2752567,4710095.642764701,30046650.5695917,100,25,3
Z3,31,1,720,6872.0,0.077624,88529.320829,89240.0,1.0,2,6.1e-05,17705.864166,17705.864166,1517931.5855091,4051587.0781918005,149861.2752567,4710095.642764701,30046650.5695917,100,25,3
Z3,32,1,720,6376.0,0.101309,62936.165592,63128.0,1.0,2,6.1e-05,12587.233118,12587.233118,1517931.5855091,4051587.0781918005,149861.2752567,4710095.642764701,30046650.5695917,100,25,3
Z3,33,1,720,6872.0,0.117843,58314.876573,58728.0,1.0,2,6.1e-05,11662.975315,11662.975315,1517931.5855091,4051587.0781918005,149861.2752567,4710095.642764701,30046650.5695917,100,25,3
Z3,34,1,720,6872.0,0.107689,63813.388554,64224.0,1.0,2,6.1e-05,12762.677711,12762.677711,1517931.5855091,4051587.0781918005,149861.2752567,4710095.642764701,30046650.5695917,100,25,3
Z3,35,1,720,6376.0,0.090644,70341.11469,70840.0,1.0,2,6.1e-05,14068.222938,14068.222938,1517931.5855091,4051587.0781918005,149861.2752567,4710095.642764701,30046650.5695917,100,25,3
Z3,36,1,720,6872.0,0.124518,55188.808044,55416.0,1.0,2,6.1e-05,11037.761609,11037.761609,1517931.5855091,4051587.0781918005,149861.2752567,4710095.642764701,30046650.5695917,100,25,3
Z3,37,1,720,6872.0,0.077956,88152.291036,89240.0,1.0,2,6.1e-05,17630.458207,17630.458207,1517931.5855091,4051587.0781918005,149861.2752567,4710095.642764701,30046650.5695917,100,25,3
Z3,38,1,720,6376.0,0.080819,78892.339673,79696.0,1.0,2,6.1e-05,15778.467935,15778.467935,1517931.5855091,4051587.0781918005,149861.2752567,4710095.642764701,30046650.5695917,100,25,3
Z1,0,2,720,9320.0,0.312807,29794.729658,29864.0,1.0,2,6.137208,21737.413866,21737.413866,1517931.5855091,4051587.0781918005,149861.2752567,4710095.642764701,30046650.5695917,100,25,3
Z2,0,2,720,6624.0,0.349231,18967.388348,18976.0,1.0,2,6.137208,19571.945604,19571.945604,1517931.5855091,4051587.0781918005,149861.2752567,4710095.642764701,30046650.5695917,100,25,3
Z2,1,2,720,5424.0,0.115092,47127.515379,47160.0,1.0,2,6.137208,25203.97101,25203.97101,1517931.5855091,4051587.0781918005,149861.2752567,4710095.642764701,30046650.5695917,100,25,3
Z2,2,2,720,7080.0,0.085795,82522.291509,83288.0,1.0,2,6.137208,32282.926236,32282.926236,1517931.5855091,4051587.0781918005,149861.2752567,4710095.642764701,30046650.5695917,100,25,3
Z2,3,2,720,18392.0,0.088362,208143.77221,209000.0,1.0,2,6.137208,57407.222376,57407.222376,1517931.5855091,4051587.0781918005,149861.2752567,4710095.642764701,30046650.5695917,100,25,3
Z2,4,2,720,9160.0,0.116046,78934.215742,78960.0,1.0,2,6.137208,31565.311083,31565.311083,1517931.5855091,4051587.0781918005,149861.2752567,4710095.642764701,30046650.5695917,100,25,3
Z2,5,2,720,8048.0,0.092339,87157.105882,87472.0,1.0,2,6.137208,33209.889111,33209.889111,1517931.5855091,4051587.0781918005,149861.2752567,4710095.642764701,30046650.5695917,100,25,3
Z2,6,2,720,6376.0,0.080347,79355.794242,79696.0,1.0,2,6.137208,31649.626783,31649.626783,1517931.5855091,4051587.0781918005,149861.2752567,4710095.642764701,30046650.5695917,100,25,3
Z2,7,2,720,6872.0,0.084252,81564.829322,81808.0,1.0,2,6.137208,32091.433799,32091.433799,1517931.5855091,4051587.0781918005,149861.2752567,4710095.642764701,30046650.5695917,100,25,3
Z3,0,2,720,7080.0,0.369548,19158.539621,19184.0,1.0,2,6.137208,19610.175859,19610.175859,1517931.5855091,4051587.0781918005,149861.2752567,4710095.642764701,30046650.5695917,100,25,3
Z3,1,2,720,7080.0,0.10995,64392.905866,64952.0,1.0,2,6.137208,28657.049108,28657.049108,1517931.5855091,4051587.0781918005,149861.2752567,4710095.642764701,30046650.5695917,100,25,3
Z3,2,2,720,5664.0,0.092634,61143.856467,61560.0,1.0,2,6.137208,28007.239228,28007.239228,1517931.5855091,4051587.0781918005,149861.2752567,4710095.642764701,30046650.5695917,100,25,3
Z3,3,2,720,7080.0,0.080192,88288.10854,88496.0,1.0,2,6.137208,33436.089642,33436.089642,1517931.5855091,4051587.0781918005,149861.2752567,4710095.642764701,30046650.5695917,100,25,3
Z3,4,2,720,7080.0,0.090133,78550.586356,78664.0,1.0,2,6.137208,31488.585206,31488.585206,1517931.5855091,4051587.0781918005,149861.2752567,4710095.642764701,30046650.5695917,100,25,3
Z3,5,2,720,5664.0,0.104295,54307.493168,54456.0,1.0,2,6.137208,26639.966568,26639.966568,1517931.5855091,4051587.0781918005,149861.2752567,4710095.642764701,30046650.5695917,100,25,3
Z3,6,2,720,7080.0,0.093508,75715.446807,76128.0,1.0,2,6.137208,30921.557296,30921.557296,1517931.5855091,4051587.0781918005,149861.2752567,4710095.642764701,30046650.5695917,100,25,3
Z3,7,2,720,7080.0,0.11601,61029.221619,61032.0,1.0,2,6.137208,27984.312258,27984.312258,1517931.5855091,4051587.0781918005,149861.2752567,4710095.642764701,30046650.5695917,100,25,3
Z3,8,2,720,5664.0,0.104718,54088.122386,54456.0,1.0,2,6.137208,26596.092412,26596.092412,1517931.5855091,4051587.0781918005,149861.2752567,4710095.642764701,30046650.5695917,100,25,3
Z3,9,2,720,7080.0,0.081798,86554.683489,87400.0,1.0,2,6.137208,33089.404632,33089.404632,1517931.5855091,4051587.0781918005,149861.2752567,4710095.642764701,30046650.5695917,100,25,3
Z3,10,2,720,12648.0,0.110737,114216.567182,114976.0,1.0,2,6.137208,38621.781371,38621.781371,1517931.5855091,4051587.0781918005,149861.2752567,4710095.642764701,30046650.5695917,100,25,3
Z3,11,2,720,17112.0,0.118061,144942.021497,145016.0,1.0,2,6.137208,44766.872234,44766.872234,1517931.5855091,4051587.0781918005,149861.2752567,4710095.642764701,30046650.5695917,100,25,3
Z3,12,2,720,15320.0,0.117294,130611.966512,130936.0,1.0,2,6.137208,41900.861237,41900.861237,1517931.5855091,4051587.0781918005,149861.2752567,4710095.642764701,30046650.5695917,100,25,3
Z3,13,2,720,10704.0,0.086926,123139.221867,124464.0,1.0,2,6.137208,40406.312308,40406.312308,1517931.5855091,4051587.0781918005,149861.2752567,4710095.642764701,30046650.5695917,100,25,3
Z3,14,2,720,18776.0,0.446452,42056.032899,42096.0,1.0,2,6.137208,24189.674514,24189.674514,1517931.5855091,4051587.0781918005,149861.2752567,4710095.642764701,30046650.5695917,100,25,3
Z3,15,2,720,21848.0,0.112027,195024.413757,195064.0,1.0,2,6.137208,54783.350686,54783.350686,1517931.5855091,4051587.0781918005,149861.2752567,4710095.642764701,30046650.5695917,100,25,3
Z3,16,2,720,12752.0,0.080392,158622.748532,159400.0,1.0,2,6.137208,47503.017641,47503.017641,1517931.5855091,4051587.0781918005,149861.2752567,4710095.642764701,30046650.5695917,100,25,3
Z3,17,2,720,21856.0,0.103841,210475.631013,212192.0,1.0,2,6.137208,57873.594137,57873.594137,1517931.5855091,4051587.0781918005,149861.2752567,4710095.642764701,30046650.5695917,100,25,3
Z3,18,2,720,16880.0,0.106289,158812.294781,159240.0,1.0,2,6.137208,47540.926891,47540.926891,1517931.5855091,4051587.0781918005,149861.2752567,4710095.642764701,30046650.5695917,100,25,3
Z3,19,2,720,12128.0,0.097227,124739.012826,125024.0,1.0,2,6.137208,40726.2705,40726.2705,1517931.5855091,4051587.0781918005,149861.2752567,4710095.642764701,30046650.5695917,100,25,3
Z3,20,2,720,15344.0,0.10635,144278.326281,144752.0,1.0,2,6.137208,44634.133191,44634.133191,1517931.5855091,4051587.0781918005,149861.2752567,4710095.642764701,30046650.5695917,100,25,3
Z3,21,2,720,11592.0,0.106927,108410.410841,109352.0,1.0,2,6.137208,37460.550103,37460.550103,1517931.5855091,4051587.0781918005,149861.2752567,4710095.642764701,30046650.5695917,100,25,3
Z3,22,2,720,9952.0,0.090618,109823.655344,110576.0,1.0,2,6.137208,37743.199003,37743.199003,1517931.5855091,4051587.0781918005,149861.2752567,4710095.642764701,30046650.5695917,100,25,3
Z3,23,2,720,11064.0,0.116021,95362.046526,95376.0,1.0,2,6.137208,34850.87724,34850.87724,1517931.5855091,4051587.0781918005,149861.2752567,4710095.642764701,30046650.5695917,100,25,3
Z3,24,2,720,14728.0,0.113352,129931.540687,130336.0,1.0,2,6.137208,41764.776072,41764.776072,1517931.5855091,4051587.0781918005,149861.2752567,4710095.642764701,30046650.5695917,100,25,3
Z3,25,2,720,16264.0,0.125653,129435.827239,130112.0,1.0,2,6.137208,41665.633382,41665.633382,1517931.5855091,4051587.0781918005,149861.2752567,4710095.642764701,30046650.5695917,100,25,3
Z3,26,2,720,9504.0,0.427849,22213.444463,22256.0,1.0,2,6.137208,20221.156827,20221.156827,1517931.5855091,4051587.0781918005,149861.2752567,4710095.642764701,30046650.5695917,100,25,3
Z3,27,2,720,12688.0,0.105496,120269.962842,120832.0,1.0,2,6.137208,39832.460503,39832.460503,1517931.5855091,4051587.0781918005,149861.2752567,4710095.642764701,30046650.5695917,100,25,3
Z3,28,2,720,17320.0,0.105707,163849.130143,164952.0,1.0,2,6.137208,48548.293963,48548.293963,1517931.5855091,4051587.0781918005,149861.2752567,4710095.642764701,30046650.5695917,100,25,3
Z3,29,2,720,10632.0,0.079529,133687.082699,134576.0,1.0,2,6.137208,42515.884474,42515.884474,1517931.5855091,4051587.0781918005,149861.2752567,4710095.642764701,30046650.5695917,100,25,3
Z3,30,2,720,6872.0,0.083874,81932.422443,82792.0,1.0,2,6.137208,32164.952423,32164.952423,1517931.5855091,4051587.0781918005,149861.2752567,4710095.642764701,30046650.5695917,100,25,3
Z3,31,2,720,6872.0,0.099839,68830.817616,69408.0,1.0,2,6.137208,29544.631458,29544.631458,1517931.5855091,4051587.0781918005,149861.2752567,4710095.642764701,30046650.5695917,100,25,3
Z3,32,2,720,6376.0,0.080536,79169.563922,79696.0,1.0,2,6.137208,31612.380719,31612.380719,1517931.5855091,4051587.0781918005,149861.2752567,4710095.642764701,30046650.5695917,100,25,3
Z3,33,2,720,6872.0,0.092435,74344.133716,74688.0,1.0,2,6.137208,30647.294678,30647.294678,1517931.5855091,4051587.0781918005,149861.2752567,4710095.642764701,30046650.5695917,100,25,3
Z3,34,2,720,6872.0,0.083914,81893.367019,82792.0,1.0,2,6.137208,32157.141338,32157.141338,1517931.5855091,4051587.0781918005,149861.2752567,4710095.642764701,30046650.5695917,100,25,3
Z3,35,2,720,6376.0,0.413741,15410.607119,15432.0,1.0,2,6.137208,18860.589358,18860.589358,1517931.5855091,4051587.0781918005,149861.2752567,4710095.642764701,30046650.5695917,100,25,3
Z3,36,2,720,6872.0,0.09286,74003.876804,74688.0,1.0,2,6.137208,30579.243295,30579.243295,1517931.5855091,4051587.0781918005,149861.2752567,4710095.642764701,30046650.5695917,100,25,3
Z3,37,2,720,6872.0,0.084653,81178.45794,81808.0,1.0,2,6.137208,32014.159523,32014.159523,1517931.5855091,4051587.0781918005,149861.2752567,4710095.642764701,30046650.5695917,100,25,3
Z3,38,2,720,6376.0,0.094237,67659.199677,67824.0,1.0,2,6.137208,29310.30787,29310.30787,1517931.5855091,4051587.0781918005,149861.2752567,4710095.642764701,30046650.5695917,100,25,3
Z1,0,3,720,12544.0,0.320776,39105.169963,39200.0,1.0,2,12.594104,37131.341863,37131.341863,1517931.5855091,4051587.0781918005,149861.2752567,4710095.642764701,30046650.5695917,100,25,3
Z2,0,3,720,7080.0,0.379501,18656.077323,18680.0,1.0,2,12.594104,33041.523335,33041.523335,1517931.5855091,4051587.0781918005,149861.2752567,4710095.642764701,30046650.5695917,100,25,3
Z2,1,3,720,5664.0,0.123953,45694.739135,46048.0,1.0,2,12.594104,38449.255697,38449.255697,1517931.5855091,4051587.0781918005,149861.2752567,4710095.642764701,30046650.5695917,100,25,3
Z2,2,3,720,7080.0,0.123427,57361.841412,57560.0,1.0,2,12.594104,40782.676152,40782.676152,1517931.5855091,4051587.0781918005,149861.2752567,4710095.642764701,30046650.5695917,100,25,3
Z2,3,3,720,18112.0,0.083697,216399.632006,218216.0,1.0,2,12.594104,72590.234271,72590.234271,1517931.5855091,4051587.0781918005,149861.2752567,4710095.642764701,30046650.5695917,100,25,3
Z2,4,3,720,15304.0,0.118729,128898.584171,129688.0,1.0,2,12.594104,55090.024704,55090.024704,1517931.5855091,4051587.0781918005,149861.2752567,4710095.642764701,30046650.5695917,100,25,3
Z2,5,3,720,17664.0,0.083976,210345.813089,212816.0,1.0,2,12.594104,71379.470488,71379.470488,1517931.5855091,4051587.0781918005,149861.2752567,4710095.642764701,30046650.5695917,100,25,3
Z2,6,3,720,10240.0,0.117772,86947.661583,87520.0,1.0,2,12.594104,46699.840187,46699.840187,1517931.5855091,4051587.0781918005,149861.2752567,4710095.642764701,30046650.5695917,100,25,3
Z2,7,3,720,8424.0,0.10288,81881.804044,82584.0,1.0,2,12.594104,45686.668679,45686.668679,1517931.5855091,4051587.0781918005,149861.2752567,4710095.642764701,30046650.5695917,100,25,3
Z3,0,3,720,6624.0,0.356266,18592.849163,18600.0,1.0,2,12.594104,33028.877703,33028.877703,1517931.5855091,4051587.0781918005,149861.2752567,4710095.642764701,30046650.5695917,100,25,3
Z3,1,3,720,5424.0,0.094726,57259.886409,57696.0,1.0,2,12.594104,40762.285152,40762.285152,1517931.5855091,4051587.0781918005,149861.2752567,4710095.642764701,30046650.5695917,100,25,3
Z3,2,3,720,7080.0,0.109488,64664.62078,64952.0,1.0,2,12.594104,42243.232026,42243.232026,1517931.5855091,4051587.0781918005,149861.2752567,4710095.642764701,30046650.5695917,100,25,3
Z3,3,3,720,7080.0,0.090323,78385.350354,78664.0,1.0,2,12.594104,44987.377941,44987.377941,1517931.5855091,4051587.0781918005,149861.2752567,4710095.642764701,30046650.5695917,100,25,3
Z3,4,3,720,5664.0,0.08568,66106.442577,66632.0,1.0,2,12.594104,42531.596385,42531.596385,1517931.5855091,4051587.0781918005,149861.2752567,4710095.642764701,30046650.5695917,100,25,3
Z3,5,3,720,7080.0,0.097243,72807.297183,72984.0,1.0,2,12.594104,43871.767307,43871.767307,1517931.5855091,4051587.0781918005,149861.2752567,4710095.642764701,30046650.5695917,100,25,3
Z3,6,3,720,7080.0,0.081855,86494.410848,87400.0,1.0,2,12.594104,46609.19004,46609.19004,1517931.5855091,4051587.0781918005,149861.2752567,4710095.642764701,30046650.5695917,100,25,3
Z3,7,3,720,5664.0,0.084194,67273.202366,67424.0,1.0,2,12.594104,42764.948343,42764.948343,1517931.5855091,4051587.0781918005,149861.2752567,4710095.642764701,30046650.5695917,100,25,3
Z3,8,3,720,7080.0,0.122753,57676.798123,58032.0,1.0,2,12.594104,40845.667495,40845.667495,1517931.5855091,4051587.0781918005,149861.2752567,4710095.642764701,30046650.5695917,100,25,3
Z3,9,3,720,7080.0,0.078869,89769.110804,90768.0,1.0,2,12.594104,47264.130031,47264.130031,1517931.5855091,4051587.0781918005,149861.2752567,4710095.642764701,30046650.5695917,100,25,3
Z3,10,3,720,14120.0,0.119132,118523.990196,118648.0,1.0,2,12.594104,53015.105909,53015.105909,1517931.5855091,4051587.0781918005,149861.2752567,4710095.642764701,30046650.5695917,100,25,3
Z3,11,3,720,17536.0,0.102692,170763.058466,171920.0,1.0,2,12.594104,63462.919563,63462.919563,1517931.5855091,4051587.0781918005,149861.2752567,4710095.642764701,30046650.5695917,100,25,3
Z3,12,3,720,16008.0,0.104557,153103.092093,153920.0,1.0,2,12.594104,59930.926289,59930.926289,1517931.5855091,4051587.0781918005,149861.2752567,4710095.642764701,30046650.5695917,100,25,3
Z3,13,3,720,10896.0,0.08771,124227.568122,125240.0,1.0,2,12.594104,54155.821494,54155.821494,1517931.5855091,4051587.0781918005,149861.2752567,4710095.642764701,30046650.5695917,100,25,3
Z3,14,3,720,19720.0,0.12317,160103.921409,160320.0,1.0,2,12.594104,61331.092152,61331.092152,1517931.5855091,4051587.0781918005,149861.2752567,4710095.642764701,30046650.5695917,100,25,3
Z3,15,3,720,20104.0,0.125157,160630.248408,160832.0,1.0,2,12.594104,61436.357552,61436.357552,1517931.5855091,4051587.0781918005,149861.2752567,4710095.642764701,30046650.5695917,100,25,3
Z3,16,3,720,12504.0,0.109857,113820.694175,114712.0,1.0,2,12.594104,52074.446705,52074.446705,1517931.5855091,4051587.0781918005,149861.2752567,4710095.642764701,30046650.5695917,100,25,3
Z3,17,3,720,23072.0,0.125088,184446.14991,184576.0,1.0,2,12.594104,66199.537852,66199.537852,1517931.5855091,4051587.0781918005,149861.2752567,4710095.642764701,30046650.5695917,100,25,3
Z3,18,3,720,18632.0,0.119107,156430.772331,156568.0,1.0,2,12.594104,60596.462336,60596.462336,1517931.5855091,4051587.0781918005,149861.2752567,4710095.642764701,30046650.5695917,100,25,3
Z3,19,3,720,9664.0,0.108863,88772.126434,89480.0,1.0,2,12.594104,47064.733157,47064.733157,1517931.5855091,4051587.0781918005,149861.2752567,4710095.642764701,30046650.5695917,100,25,3
Z3,20,3,720,12280.0,0.114089,107635.267204,107712.0,1.0,2,12.594104,50837.361311,50837.361311,1517931.5855091,4051587.0781918005,149861.2752567,4710095.642764701,30046650.5695917,100,25,3
Z3,21,3,720,10368.0,0.111817,92722.931218,93400.0,1.0,2,12.594104,47854.894114,47854.894114,1517931.5855091,4051587.0781918005,149861.2752567,4710095.642764701,30046650.5695917,100,25,3
Z3,22,3,720,10520.0,0.090197,116633.590918,116888.0,1.0,2,12.594104,52637.026054,52637.026054,1517931.5855091,4051587.0781918005,149861.2752567,4710095.642764701,30046650.5695917,100,25,3
Z3,23,3,720,15288.0,0.118071,129481.413726,129552.0,1.0,2,12.594104,55206.590615,55206.590615,1517931.5855091,4051587.0781918005,149861.2752567,4710095.642764701,30046650.5695917,100,25,3
Z3,24,3,720,16344.0,0.082361,198443.438035,199312.0,1.0,2,12.594104,68998.995477,68998.995477,1517931.5855091,4051587.0781918005,149861.2752567,4710095.642764701,30046650.5695917,100,25,3
Z3,25,3,720,9016.0,0.101103,89176.384479,89264.0,1.0,2,12.594104,47145.584766,47145.584766,1517931.5855091,4051587.0781918005,149861.2752567,4710095.642764701,30046650.5695917,100,25,3
Z3,26,3,720,13800.0,0.110103,125337.184273,125448.0,1.0,2,12.594104,54377.744725,54377.744725,1517931.5855091,4051587.0781918005,149861.2752567,4710095.642764701,30046650.5695917,100,25,3
Z3,27,3,720,9896.0,0.091578,108060.887986,108744.0,1.0,2,12.594104,50922.485467,50922.485467,1517931.5855091,4051587.0781918005,149861.2752567,4710095.642764701,30046650.5695917,100,25,3
Z3,28,3,720,6376.0,0.082871,76938.856777,77752.0,1.0,2,12.594104,44698.079225,44698.079225,1517931.5855091,4051587.0781918005,149861.2752567,4710095.642764701,30046650.5695917,100,25,3
Z3,29,3,720,6872.0,0.429991,15981.72985,16016.0,1.0,2,12.594104,32506.65384,32506.65384,1517931.5855091,4051587.0781918005,149861.2752567,4710095.642764701,30046650.5695917,100,25,3
Z3,30,3,720,6872.0,0.097449,70518.938111,70840.0,1.0,2,12.594104,43414.095492,43414.095492,1517931.5855091,4051587.0781918005,149861.2752567,4710095.642764701,30046650.5695917,100,25,3
Z3,31,3,720,6376.0,0.110348,57780.838801,57960.0,1.0,2,12.594104,40866.47563,40866.47563,1517931.5855091,4051587.0781918005,149861.2752567,4710095.642764701,30046650.5695917,100,25,3
Z3,32,3,720,6872.0,0.116818,58826.550703,59240.0,1.0,2,12.594104,41075.618011,41075.618011,1517931.5855091,4051587.0781918005,149861.2752567,4710095.642764701,30046650.5695917,100,25,3
Z3,33,3,720,6872.0,0.100271,68534.272123,68720.0,1.0,2,12.594104,43017.162295,43017.162295,1517931.5855091,4051587.0781918005,149861.2752567,4710095.642764701,30046650.5695917,100,25,3
Z3,34,3,720,6376.0,0.119293,53448.232503,53576.0,1.0,2,12.594104,39999.954371,39999.954371,1517931.5855091,4051587.0781918005,149861.2752567,4710095.642764701,30046650.5695917,100,25,3
Z3,35,3,720,6872.0,0.121957,56347.729118,56792.0,1.0,2,12.594104,40579.853694,40579.853694,1517931.5855091,4051587.0781918005,149861.2752567,4710095.642764701,30046650.5695917,100,25,3
Z3,36,3,720,6872.0,0.118341,58069.477189,58232.0,1.0,2,12.594104,40924.203308,40924.203308,1517931.5855091,4051587.0781918005,149861.2752567,4710095.642764701,30046650.5695917,100,25,3
Z3,37,3,720,6376.0,0.087408,72945.268168,73280.0,1.0,2,12.594104,43899.361504,43899.361504,1517931.5855091,4051587.0781918005,149861.2752567,4710095.642764701,30046650.5695917,100,25,3
Z3,38,3,720,6872.0,0.096414,71275.955774,71576.0,1.0,2,12.594104,43565.499025,43565.499025,1517931.5855091,4051587.0781918005,149861.2752567,4710095.642764701,30046650.5695917,100,25,3
Z1,0,4,720,6648.0,0.324498,20487.029196,20512.0,1.0,2,18.682943,47662.904864,47662.904864,1517931.5855091,4051587.0781918005,149861.2752567,4710095.642764701,30046650.5695917,100,25,3
Z2,0,4,720,7296.0,0.35322,20655.682011,20664.0,1.0,2,18.682943,47696.635427,47696.635427,1517931.5855091,4051587.0781918005,149861.2752567,4710095.642764701,30046650.5695917,100,25,3
Z2,1,4,720,7200.0,0.088419,81430.461779,81816.0,1.0,2,18.682943,59851.591381,59851.591381,1517931.5855091,4051587.0781918005,149861.2752567,4710095.642764701,30046650.5695917,100,25,3
Z2,2,4,720,26248.0,0.09739,269514.323853,270592.0,1.0,2,18.682943,97468.363795,97468.363795,1517931.5855091,4051587.0781918005,149861.2752567,4710095.642764701,30046650.5695917,100,25,3
Z2,3,4,720,17272.0,0.080522,214500.384988,215896.0,1.0,2,18.682943,86465.576022,86465.576022,1517931.5855091,4051587.0781918005,149861.2752567,4710095.642764701,30046650.5695917,100,25,3
Z2,4,4,720,22592.0,0.121059,186619.747396,186704.0,1.0,2,18.682943,80889.448504,80889.448504,1517931.5855091,4051587.0781918005,149861.2752567,4710095.642764701,30046650.5695917,100,25,3
Z2,5,4,720,8544.0,0.077801,109818.639863,110960.0,1.0,2,18.682943,65529.226997,65529.226997,1517931.5855091,4051587.0781918005,149861.2752567,4710095.642764701,30046650.5695917,100,25,3
Z2,6,4,720,6424.0,0.081923,78415.097103,79304.0,1.0,2,18.682943,59248.518445,59248.518445,1517931.5855091,4051587.0781918005,149861.2752567,4710095.642764701,30046650.5695917,100,25,3
Z2,7,4,720,6872.0,0.100652,68274.847991,68720.0,1.0,2,18.682943,57220.468623,57220.468623,1517931.5855091,4051587.0781918005,149861.2752567,4710095.642764701,30046650.5695917,100,25,3
Z3,0,4,720,6624.0,0.4376,15137.111517,15152.0,1.0,2,18.682943,46592.921328,46592.921328,1517931.5855091,4051587.0781918005,149861.2752567,4710095.642764701,30046650.5695917,100,25,3
Z3,1,4,720,6448.0,0.10076,63993.648273,64480.0,1.0,2,18.682943,56364.228679,56364.228679,1517931.5855091,4051587.0781918005,149861.2752567,4710095.642764701,30046650.5695917,100,25,3
Z3,2,4,720,7448.0,0.076982,96749.889585,98000.0,1.0,2,18.682943,62915.476942,62915.476942,1517931.5855091,4051587.0781918005,149861.2752567,4710095.642764701,30046650.5695917,100,25,3
Z3,3,4,720,7424.0,0.10716,69279.581934,69376.0,1.0,2,18.682943,57421.415412,57421.415412,1517931.5855091,4051587.0781918005,149861.2752567,4710095.642764701,30046650.5695917,100,25,3
Z3,4,4,720,6648.0,0.105864,62797.551576,63312.0,1.0,2,18.682943,56125.00934,56125.00934,1517931.5855091,4051587.0781918005,149861.2752567,4710095.642764701,30046650.5695917,100,25,3
Z3,5,4,720,7224.0,0.07746,93261.037955,93816.0,1.0,2,18.682943,62217.706616,62217.706616,1517931.5855091,4051587.0781918005,149861.2752567,4710095.642764701,30046650.5695917,100,25,3
Z3,6,4,720,7240.0,0.082384,87881.141969,88288.0,1.0,2,18.682943,61141.727419,61141.727419,1517931.5855091,4051587.0781918005,149861.2752567,4710095.642764701,30046650.5695917,100,25,3
Z3,7,4,720,6648.0,0.106974,62145.942005,62712.0,1.0,2,18.682943,55994.687426,55994.687426,1517931.5855091,4051587.0781918005,149861.2752567,4710095.642764701,30046650.5695917,100,25,3
Z3,8,4,720,7232.0,0.110379,65519.709365,65744.0,1.0,2,18.682943,56669.440898,56669.440898,1517931.5855091,4051587.0781918005,149861.2752567,4710095.642764701,30046650.5695917,100,25,3
Z3,9,4,720,7296.0,0.076916,94856.726819,96000.0,1.0,2,18.682943,62536.844389,62536.844389,1517931.5855091,4051587.0781918005,149861.2752567,4710095.642764701,30046650.5695917,100,25,3
Z3,10,4,720,16456.0,0.099904,164718.129404,166216.0,1.0,2,18.682943,76509.124906,76509.124906,1517931.5855091,4051587.0781918005,149861.2752567,4710095.642764701,30046650.5695917,100,25,3
Z3,11,4,720,25392.0,0.528286,48064.873951,48088.0,1.0,2,18.682943,53178.473815,53178.473815,1517931.5855091,4051587.0781918005,149861.2752567,4710095.642764701,30046650.5695917,100,25,3
Z3,12,4,720,21592.0,0.096989,222623.184072,224912.0,1.0,2,18.682943,88090.135839,88090.135839,1517931.5855091,4051587.0781918005,149861.2752567,4710095.642764701,30046650.5695917,100,25,3
Z3,13,4,720,13528.0,0.109376,123683.440609,124104.0,1.0,2,18.682943,68302.187147,68302.187147,1517931.5855091,4051587.0781918005,149861.2752567,4710095.642764701,30046650.5695917,100,25,3
Z3,14,4,720,29512.0,0.102406,288186.239088,289328.0,1.0,2,18.682943,101202.746842,101202.746842,1517931.5855091,4051587.0781918005,149861.2752567,4710095.642764701,30046650.5695917,100,25,3
Z3,15,4,720,29688.0,0.109963,269981.721124,272360.0,1.0,2,18.682943,97561.84325,97561.84325,1517931.5855091,4051587.0781918005,149861.2752567,4710095.642764701,30046650.5695917,100,25,3
Z3,16,4,720,16760.0,0.104124,160961.930007,161152.0,1.0,2,18.682943,75757.885026,75757.885026,1517931.5855091,4051587.0781918005,149861.2752567,4710095.642764701,30046650.5695917,100,25,3
Z3,17,4,720,33128.0,0.085183,388903.889274,389736.0,1.0,2,18.682943,121346.27688,121346.27688,1517931.5855091,4051587.0781918005,149861.2752567,4710095.642764701,30046650.5695917,100,25,3
Z3,18,4,720,26240.0,0.086937,301827.760332,305112.0,1.0,2,18.682943,103931.051091,103931.051091,1517931.5855091,4051587.0781918005,149861.2752567,4710095.642764701,30046650.5695917,100,25,3
Z3,19,4,720,14624.0,0.102739,142341.272545,143368.0,1.0,2,18.682943,72033.753534,72033.753534,1517931.5855091,4051587.0781918005,149861.2752567,4710095.642764701,30046650.5695917,100,25,3
Z3,20,4,720,26816.0,0.079625,336778.649922,339440.0,1.0,2,18.682943,110921.229009,110921.229009,1517931.5855091,4051587.0781918005,149861.2752567,4710095.642764701,30046650.5695917,100,25,3
Z3,21,4,720,23128.0,0.114283,202374.806402,202872.0,1.0,2,18.682943,84040.460305,84040.460305,1517931.5855091,4051587.0781918005,149861.2752567,4710095.642764701,30046650.5695917,100,25,3
Z3,22,4,720,19440.0,0.087889,221188.089522,223448.0,1.0,2,18.682943,87803.116929,87803.116929,1517931.5855091,4051587.0781918005,149861.2752567,4710095.642764701,30046650.5695917,100,25,3
Z3,23,4,720,29088.0,0.12112,240158.520476,240392.0,1.0,2,18.682943,91597.20312,91597.20312,1517931.5855091,4051587.0781918005,149861.2752567,4710095.642764701,30046650.5695917,100,25,3
Z3,24,4,720,29840.0,0.093609,318772.767576,320856.0,1.0,2,18.682943,107320.05254,107320.05254,1517931.5855091,4051587.0781918005,149861.2752567,4710095.642764701,30046650.5695917,100,25,3
Z3,25,4,720,17200.0,0.07646,224954.224431,226312.0,1.0,2,18.682943,88556.343911,88556.343911,1517931.5855091,4051587.0781918005,149861.2752567,4710095.642764701,30046650.5695917,100,25,3
Z3,26,4,720,25664.0,0.089653,286259.243974,288352.0,1.0,2,18.682943,100817.34782,100817.34782,1517931.5855091,4051587.0781918005,149861.2752567,4710095.642764701,30046650.5695917,100,25,3
Z3,27,4,720,26808.0,0.113268,236677.614154,237232.0,1.0,2,18.682943,90901.021856,90901.021856,1517931.5855091,4051587.0781918005,149861.2752567,4710095.642764701,30046650.5695917,100,25,3
Z3,28,4,720,12720.0,0.090371,140753.117704,141328.0,1.0,2,18.682943,71716.122566,71716.122566,1517931.5855091,4051587.0781918005,149861.2752567,4710095.642764701,30046650.5695917,100,25,3
Z3,29,4,720,11496.0,0.119377,96299.957278,96600.0,1.0,2,18.682943,62825.49048,62825.49048,1517931.5855091,4051587.0781918005,149861.2752567,4710095.642764701,30046650.5695917,100,25,3
Z3,30,4,720,17472.0,0.08819,198117.70042,198544.0,1.0,2,18.682943,83189.039109,83189.039109,1517931.5855091,4051587.0781918005,149861.2752567,4710095.642764701,30046650.5695917,100,25,3
Z3,31,4,720,6448.0,0.105259,61258.419708,61408.0,1.0,2,18.682943,55817.182966,55817.182966,1517931.5855091,4051587.0781918005,149861.2752567,4710095.642764701,30046650.5695917,100,25,3
Z3,32,4,720,7200.0,0.081992,87813.445214,88888.0,1.0,2,18.682943,61128.188068,61128.188068,1517931.5855091,4051587.0781918005,149861.2752567,4710095.642764701,30046650.5695917,100,25,3
Z3,33,4,720,7520.0,0.120429,62443.431399,62664.0,1.0,2,18.682943,56054.185305,56054.185305,1517931.5855091,4051587.0781918005,149861.2752567,4710095.642764701,30046650.5695917,100,25,3
Z3,34,4,720,6728.0,0.10423,64549.553871,64688.0,1.0,2,18.682943,56475.409799,56475.409799,1517931.5855091,4051587.0781918005,149861.2752567,4710095.642764701,30046650.5695917,100,25,3
Z3,35,4,720,7224.0,0.120232,60083.837913,60200.0,1.0,2,18.682943,55582.266607,55582.266607,1517931.5855091,4051587.0781918005,149861.2752567,4710095.642764701,30046650.5695917,100,25,3
Z3,36,4,720,7256.0,0.114564,63335.777382,63648.0,1.0,2,18.682943,56232.654501,56232.654501,1517931.5855091,4051587.0781918005,149861.2752567,4710095.642764701,30046650.5695917,100,25,3
Z3,37,4,720,6544.0,0.109135,59962.43185,60032.0,1.0,2,18.682943,55557.985395,55557.985395,1517931.5855091,4051587.0781918005,149861.2752567,4710095.642764701,30046650.5695917,100,25,3
Z3,38,4,720,12272.0,0.100173,122508.061054,122720.0,1.0,2,18.682943,68067.111236,68067.111236,1517931.5855091,4051587.0781918005,149861.2752567,4710095.642764701,30046650.5695917,100,25,3
Z1,0,5,720,8792.0,0.338495,25973.795772,26008.0,1.0,2,24.653981,73261.87039,73261.87039,1517931.5855091,4051587.0781918005,149861.2752567,4710095.642764701,30046650.5695917,100,25,3
Z2,0,5,720,6624.0,0.367651,18017.086857,18048.0,1.0,2,24.653981,71670.528607,71670.528607,1517931.5855091,4051587.0781918005,149861.2752567,4710095.642764701,30046650.5695917,100,25,3
Z2,1,5,720,7616.0,0.081019,94002.641356,94024.0,1.0,2,24.653981,86867.639507,86867.639507,1517931.5855091,4051587.0781918005,149861.2752567,4710095.642764701,30046650.5695917,100,25,3
Z2,2,5,720,8816.0,0.120133,73385.331258,73464.0,1.0,2,24.653981,82744.177487,82744.177487,1517931.5855091,4051587.0781918005,149861.2752567,4710095.642764701,30046650.5695917,100,25,3
Z2,3,5,720,14976.0,0.097416,153732.446415,154384.0,1.0,2,24.653981,98813.600519,98813.600519,1517931.5855091,4051587.0781918005,149861.2752567,4710095.642764701,30046650.5695917,100,25,3
Z2,4,5,720,20272.0,0.117974,171834.472002,173264.0,1.0,2,24.653981,102434.005636,102434.005636,1517931.5855091,4051587.0781918005,149861.2752567,4710095.642764701,30046650.5695917,100,25,3
Z2,5,5,720,21272.0,0.119358,178220.144439,178752.0,1.0,2,24.653981,103711.140124,103711.140124,1517931.5855091,4051587.0781918005,149861.2752567,4710095.642764701,30046650.5695917,100,25,3
Z2,6,5,720,9680.0,0.077271,125273.388464,125712.0,1.0,2,24.653981,93121.788928,93121.788928,1517931.5855091,4051587.0781918005,149861.2752567,4710095.642764701,30046650.5695917,100,25,3
Z2,7,5,720,12888.0,0.402981,31981.656703,32056.0,1.0,2,24.653981,74463.442576,74463.442576,1517931.5855091,4051587.0781918005,149861.2752567,4710095.642764701,30046650.5695917,100,25,3
Z3,0,5,720,7712.0,0.320737,24044.622229,24096.0,1.0,2,24.653981,72876.035682,72876.035682,1517931.5855091,4051587.0781918005,149861.2752567,4710095.642764701,30046650.5695917,100,25,3
Z3,1,5,720,9624.0,0.084759,113545.464198,114568.0,1.0,2,24.653981,90776.204075,90776.204075,1517931.5855091,4051587.0781918005,149861.2752567,4710095.642764701,30046650.5695917,100,25,3
Z3,2,5,720,9096.0,0.117856,77178.93022,77736.0,1.0,2,24.653981,83502.89728,83502.89728,1517931.5855091,4051587.0781918005,149861.2752567,4710095.642764701,30046650.5695917,100,25,3
Z3,3,5,720,7632.0,0.112518,67829.147336,68136.0,1.0,2,24.653981,81632.940703,81632.940703,1517931.5855091,4051587.0781918005,149861.2752567,4710095.642764701,30046650.5695917,100,25,3
Z3,4,5,720,8304.0,0.408368,20334.600165,20352.0,1.0,2,24.653981,72134.031269,72134.031269,1517931.5855091,4051587.0781918005,149861.2752567,4710095.642764701,30046650.5695917,100,25,3
Z3,5,5,720,8504.0,0.099845,85172.016626,85896.0,1.0,2,24.653981,85101.514561,85101.514561,1517931.5855091,4051587.0781918005,149861.2752567,4710095.642764701,30046650.5695917,100,25,3
Z3,6,5,720,7384.0,0.079419,92975.232627,93464.0,1.0,2,24.653981,86662.157761,86662.157761,1517931.5855091,4051587.0781918005,149861.2752567,4710095.642764701,30046650.5695917,100,25,3
Z3,7,5,720,8968.0,0.088184,101696.452871,101904.0,1.0,2,24.653981,88406.40181,88406.40181,1517931.5855091,4051587.0781918005,149861.2752567,4710095.642764701,30046650.5695917,100,25,3
Z3,8,5,720,8912.0,0.098185,90767.428833,90936.0,1.0,2,24.653981,86220.597002,86220.597002,1517931.5855091,4051587.0781918005,149861.2752567,4710095.642764701,30046650.5695917,100,25,3
Z3,9,5,720,16688.0,0.079482,209959.487683,211240.0,1.0,2,24.653981,110059.008772,110059.008772,1517931.5855091,4051587.0781918005,149861.2752567,4710095.642764701,30046650.5695917,100,25,3
Z3,10,5,720,23832.0,0.092836,256710.758757,259040.0,1.0,2,24.653981,119409.262987,119409.262987,1517931.5855091,4051587.0781918005,149861.2752567,4710095.642764701,30046650.5695917,100,25,3
Z3,11,5,720,21144.0,0.092687,228122.606191,229824.0,1.0,2,24.653981,113691.632474,113691.632474,1517931.5855091,4051587.0781918005,149861.2752567,4710095.642764701,30046650.5695917,100,25,3
Z3,12,5,720,14272.0,0.121334,117625.727331,117944.0,1.0,2,24.653981,91592.256702,91592.256702,1517931.5855091,4051587.0781918005,149861.2752567,4710095.642764701,30046650.5695917,100,25,3
Z3,13,5,720,27640.0,0.112886,244848.7855,246784.0,1.0,2,24.653981,117036.868336,117036.868336,1517931.5855091,4051587.0781918005,149861.2752567,4710095.642764701,30046650.5695917,100,25,3
Z3,14,5,720,33288.0,0.113575,293092.670042,294584.0,1.0,2,24.653981,126685.645244,126685.645244,1517931.5855091,4051587.0781918005,149861.2752567,4710095.642764701,30046650.5695917,100,25,3
Z3,15,5,720,17576.0,0.104452,168268.678436,169000.0,1.0,2,24.653981,101720.846923,101720.846923,1517931.5855091,4051587.0781918005,149861.2752567,4710095.642764701,30046650.5695917,100,25,3
Z3,16,5,720,34872.0,0.107716,323740.205726,325904.0,1.0,2,24.653981,132815.152381,132815.152381,1517931.5855091,4051587.0781918005,149861.2752567,4710095.642764701,30046650.5695917,100,25,3
Z3,17,5,720,27336.0,0.115775,236113.150507,237704.0,1.0,2,24.653981,115289.741337,115289.741337,1517931.5855091,4051587.0781918005,149861.2752567,4710095.642764701,30046650.5695917,100,25,3
Z3,18,5,720,25312.0,0.109983,230144.65872,232216.0,1.0,2,24.653981,114096.04298,114096.04298,1517931.5855091,4051587.0781918005,149861.2752567,4710095.642764701,30046650.5695917,100,25,3
Z3,19,5,720,18312.0,0.125296,146149.916997,146496.0,1.0,2,24.653981,97297.094635,97297.094635,1517931.5855091,4051587.0781918005,149861.2752567,4710095.642764701,30046650.5695917,100,25,3
Z3,20,5,720,41432.0,0.083765,494621.858772,499176.0,1.0,2,24.653981,166991.48299,166991.48299,1517931.5855091,4051587.0781918005,149861.2752567,4710095.642764701,30046650.5695917,100,25,3
Z3,21,5,720,36760.0,0.120778,304360.065575,306328.0,1.0,2,24.653981,128939.124351,128939.124351,1517931.5855091,4051587.0781918005,149861.2752567,4710095.642764701,30046650.5695917,100,25,3
Z3,22,5,720,21272.0,0.093426,227688.223835,228728.0,1.0,2,24.653981,113604.756003,113604.756003,1517931.5855091,4051587.0781918005,149861.2752567,4710095.642764701,30046650.5695917,100,25,3
Z3,23,5,720,43464.0,0.100607,432017.652847,434640.0,1.0,2,24.653981,154470.641805,154470.641805,1517931.5855091,4051587.0781918005,149861.2752567,4710095.642764701,30046650.5695917,100,25,3
Z3,24,5,720,42000.0,0.102333,410424.789657,411760.0,1.0,2,24.653981,150152.069167,150152.069167,1517931.5855091,4051587.0781918005,149861.2752567,4710095.642764701,30046650.5695917,100,25,3
Z3,25,5,720,20304.0,0.112748,180083.016994,181280.0,1.0,2,24.653981,104083.714634,104083.714634,1517931.5855091,4051587.0781918005,149861.2752567,4710095.642764701,30046650.5695917,100,25,3
Z3,26,5,720,32736.0,0.503979,64955.087414,65080.0,1.0,2,24.653981,81058.128719,81058.128719,1517931.5855091,4051587.0781918005,149861.2752567,4710095.642764701,30046650.5695917,100,25,3
Z3,27,5,720,34608.0,0.1225,282514.285714,283672.0,1.0,2,24.653981,124569.968379,124569.968379,1517931.5855091,4051587.0781918005,149861.2752567,4710095.642764701,30046650.5695917,100,25,3
Z3,28,5,720,13208.0,0.122722,107625.364645,108256.0,1.0,2,24.653981,89592.184165,89592.184165,1517931.5855091,4051587.0781918005,149861.2752567,4710095.642764701,30046650.5695917,100,25,3
Z3,29,5,720,16320.0,0.080669,202308.197697,204000.0,1.0,2,24.653981,108528.750775,108528.750775,1517931.5855091,4051587.0781918005,149861.2752567,4710095.642764701,30046650.5695917,100,25,3
Z3,30,5,720,8752.0,0.096266,90914.757027,91160.0,1.0,2,24.653981,86250.062641,86250.062641,1517931.5855091,4051587.0781918005,149861.2752567,4710095.642764701,30046650.5695917,100,25,3
Z3,31,5,720,12760.0,0.081301,156947.63902,157528.0,1.0,2,24.653981,99456.63904,99456.63904,1517931.5855091,4051587.0781918005,149861.2752567,4710095.642764701,30046650.5695917,100,25,3
Z3,32,5,720,15440.0,0.089196,173101.932822,173480.0,1.0,2,24.653981,102687.4978,102687.4978,1517931.5855091,4051587.0781918005,149861.2752567,4710095.642764701,30046650.5695917,100,25,3
Z3,33,5,720,10000.0,0.423964,23586.908322,23640.0,1.0,2,24.653981,72784.4929,72784.4929,1517931.5855091,4051587.0781918005,149861.2752567,4710095.642764701,30046650.5695917,100,25,3
Z3,34,5,720,15200.0,0.1164,130584.19244,131032.0,1.0,2,24.653981,94183.949724,94183.949724,1517931.5855091,4051587.0781918005,149861.2752567,4710095.642764701,30046650.5695917,100,25,3
Z3,35,5,720,18352.0,0.100521,182568.816466,183520.0,1.0,2,24.653981,104580.874529,104580.874529,1517931.5855091,4051587.0781918005,149861.2752567,4710095.642764701,30046650.5695917,100,25,3
Z3,36,5,720,11224.0,0.10041,111781.69505,112240.0,1.0,2,24.653981,90423.450246,90423.450246,1517931.5855091,4051587.0781918005,149861.2752567,4710095.642764701,30046650.5695917,100,25,3
Z3,37,5,720,23240.0,0.111532,208370.691819,209368.0,1.0,2,24.653981,109741.2496,109741.2496,1517931.5855091,4051587.0781918005,149861.2752567,4710095.642764701,30046650.5695917,100,25,3
Z3,38,5,720,16824.0,0.124772,134837.944411,135672.0,1.0,2,24.653981,95034.700118,95034.700118,1517931.5855091,4051587.0781918005,149861.2752567,4710095.642764701,30046650.5695917,100,25,3
Z1,0,6,720,7488.0,1.35752,5515.940833,5512.0,1.0,2,31.657791,80359.42035,80359.42035,1517931.5855091,4051587.0781918005,149861.2752567,4710095.642764701,30046650.5695917,100,25,3
Z2,0,6,720,6624.0,0.293583,22562.61432,22600.0,1.0,2,31.657791,83768.755047,83768.755047,1517931.5855091,4051587.0781918005,149861.2752567,4710095.642764701,30046650.5695917,100,25,3
Z2,1,6,720,6768.0,0.110483,61258.293131,61520.0,1.0,2,31.657791,91507.89081,91507.89081,1517931.5855091,4051587.0781918005,149861.2752567,4710095.642764701,30046650.5695917,100,25,3
Z2,2,6,720,7752.0,0.107824,71894.939902,72448.0,1.0,2,31.657791,93635.220164,93635.220164,1517931.5855091,4051587.0781918005,149861.2752567,4710095.642764701,30046650.5695917,100,25,3
Z2,3,6,720,10768.0,0.122338,88018.440713,88256.0,1.0,2,31.657791,96859.920326,96859.920326,1517931.5855091,4051587.0781918005,149861.2752567,4710095.642764701,30046650.5695917,100,25,3
Z2,4,6,720,14912.0,0.109318,136409.374485,136800.0,1.0,2,31.657791,106538.10708,106538.10708,1517931.5855091,4051587.0781918005,149861.2752567,4710095.642764701,30046650.5695917,100,25,3
Z2,5,6,720,14376.0,0.120459,119343.51107,119800.0,1.0,2,31.657791,103124.934397,103124.934397,1517931.5855091,4051587.0781918005,149861.2752567,4710095.642764701,30046650.5695917,100,25,3
Z2,6,6,720,7176.0,0.12425,57754.527163,57864.0,1.0,2,31.657791,90807.137616,90807.137616,1517931.5855091,4051587.0781918005,149861.2752567,4710095.642764701,30046650.5695917,100,25,3
Z2,7,6,720,8768.0,0.406293,21580.485019,21592.0,1.0,2,31.657791,83572.329187,83572.329187,1517931.5855091,4051587.0781918005,149861.2752567,4710095.642764701,30046650.5695917,100,25,3
Z3,0,6,720,6760.0,0.330057,20481.310804,20480.0,1.0,2,31.657791,83352.494344,83352.494344,1517931.5855091,4051587.0781918005,149861.2752567,4710095.642764701,30046650.5695917,100,25,3
Z3,1,6,720,8320.0,0.110038,75610.243734,75632.0,1.0,2,31.657791,94378.28093,94378.28093,1517931.5855091,4051587.0781918005,149861.2752567,4710095.642764701,30046650.5695917,100,25,3
Z3,2,6,720,7800.0,0.116684,66847.211271,67240.0,1.0,2,31.657791,92625.674438,92625.674438,1517931.5855091,4051587.0781918005,149861.2752567,4710095.642764701,30046650.5695917,100,25,3
Z3,3,6,720,6928.0,0.078877,87832.955107,88816.0,1.0,2,31.657791,96822.823205,96822.823205,1517931.5855091,4051587.0781918005,149861.2752567,4710095.642764701,30046650.5695917,100,25,3
Z3,4,6,720,7472.0,0.092376,80886.810427,81216.0,1.0,2,31.657791,95433.594269,95433.594269,1517931.5855091,4051587.0781918005,149861.2752567,4710095.642764701,30046650.5695917,100,25,3
Z3,5,6,720,7416.0,0.084194,88082.286149,88280.0,1.0,2,31.657791,96872.689413,96872.689413,1517931.5855091,4051587.0781918005,149861.2752567,4710095.642764701,30046650.5695917,100,25,3
Z3,6,6,720,6760.0,0.094446,71575.291701,71912.0,1.0,2,31.657791,93571.290524,93571.290524,1517931.5855091,4051587.0781918005,149861.2752567,4710095.642764701,30046650.5695917,100,25,3
Z3,7,6,720,7600.0,0.088298,86072.164715,86360.0,1.0,2,31.657791,96470.665126,96470.665126,1517931.5855091,4051587.0781918005,149861.2752567,4710095.642764701,30046650.5695917,100,25,3
Z3,8,6,720,7600.0,0.082597,92013.027108,92680.0,1.0,2,31.657791,97658.837605,97658.837605,1517931.5855091,4051587.0781918005,149861.2752567,4710095.642764701,30046650.5695917,100,25,3
Z3,9,6,720,12912.0,0.107567,120036.814265,120672.0,1.0,2,31.657791,103263.595036,103263.595036,1517931.5855091,4051587.0781918005,149861.2752567,4710095.642764701,30046650.5695917,100,25,3
Z3,10,6,720,17552.0,0.120137,146099.869316,146264.0,1.0,2,31.657791,108476.206046,108476.206046,1517931.5855091,4051587.0781918005,149861.2752567,4710095.642764701,30046650.5695917,100,25,3
Z3,11,6,720,14968.0,0.383765,39003.035712,39080.0,1.0,2,31.657791,87056.839326,87056.839326,1517931.5855091,4051587.0781918005,149861.2752567,4710095.642764701,30046650.5695917,100,25,3
Z3,12,6,720,10336.0,0.11336,91178.546224,91464.0,1.0,2,31.657791,97491.941428,97491.941428,1517931.5855091,4051587.0781918005,149861.2752567,4710095.642764701,30046650.5695917,100,25,3
Z3,13,6,720,18344.0,0.122891,149270.491737,150360.0,1.0,2,31.657791,109110.330531,109110.330531,1517931.5855091,4051587.0781918005,149861.2752567,4710095.642764701,30046650.5695917,100,25,3
Z3,14,6,720,20456.0,0.093037,219869.514279,219952.0,1.0,2,31.657791,123230.135039,123230.135039,1517931.5855091,4051587.0781918005,149861.2752567,4710095.642764701,30046650.5695917,100,25,3
Z3,15,6,720,12480.0,0.087905,141971.446448,143448.0,1.0,2,31.657791,107650.521473,107650.521473,1517931.5855091,4051587.0781918005,149861.2752567,4710095.642764701,30046650.5695917,100,25,3
Z3,16,6,720,18912.0,0.1202,157337.770383,157600.0,1.0,2,31.657791,110723.78626,110723.78626,1517931.5855091,4051587.0781918005,149861.2752567,4710095.642764701,30046650.5695917,100,25,3
Z3,17,6,720,16112.0,0.115199,139862.325194,140104.0,1.0,2,31.657791,107228.697222,107228.697222,1517931.5855091,4051587.0781918005,149861.2752567,4710095.642764701,30046650.5695917,100,25,3
Z3,18,6,720,17456.0,0.105595,165310.857522,166240.0,1.0,2,31.657791,112318.403688,112318.403688,1517931.5855091,4051587.0781918005,149861.2752567,4710095.642764701,30046650.5695917,100,25,3
Z3,19,6,720,16088.0,0.116154,138505.776814,138688.0,1.0,2,31.657791,106957.387546,106957.387546,1517931.5855091,4051587.0781918005,149861.2752567,4710095.642764701,30046650.5695917,100,25,3
Z3,20,6,720,31984.0,0.121456,263338.163615,264328.0,1.0,2,31.657791,131923.864906,131923.864906,1517931.5855091,4051587.0781918005,149861.2752567,4710095.642764701,30046650.5695917,100,25,3
Z3,21,6,720,21472.0,0.116675,184032.569102,185096.0,1.0,2,31.657791,116062.746004,116062.746004,1517931.5855091,4051587.0781918005,149861.2752567,4710095.642764701,30046650.5695917,100,25,3
Z3,22,6,720,19320.0,0.10541,183284.318376,184000.0,1.0,2,31.657791,115913.095858,115913.095858,1517931.5855091,4051587.0781918005,149861.2752567,4710095.642764701,30046650.5695917,100,25,3
Z3,23,6,720,33040.0,0.119878,275613.540433,277640.0,1.0,2,31.657791,134378.94027,134378.94027,1517931.5855091,4051587.0781918005,149861.2752567,4710095.642764701,30046650.5695917,100,25,3
Z3,24,6,720,26472.0,0.112934,234402.394319,236352.0,1.0,2,31.657791,126136.711047,126136.711047,1517931.5855091,4051587.0781918005,149861.2752567,4710095.642764701,30046650.5695917,100,25,3
Z3,25,6,720,12984.0,0.101313,128157.29472,128552.0,1.0,2,31.657791,104887.691127,104887.691127,1517931.5855091,4051587.0781918005,149861.2752567,4710095.642764701,30046650.5695917,100,25,3
Z3,26,6,720,21128.0,0.091696,230413.540394,232168.0,1.0,2,31.657791,125338.940262,125338.940262,1517931.5855091,4051587.0781918005,149861.2752567,4710095.642764701,30046650.5695917,100,25,3
Z3,27,6,720,21576.0,0.111725,193117.028418,194376.0,1.0,2,31.657791,117879.637867,117879.637867,1517931.5855091,4051587.0781918005,149861.2752567,4710095.642764701,30046650.5695917,100,25,3
Z3,28,6,720,9568.0,0.084966,112609.749782,113904.0,1.0,2,31.657791,101778.18214,101778.18214,1517931.5855091,4051587.0781918005,149861.2752567,4710095.642764701,30046650.5695917,100,25,3
Z3,29,6,720,12800.0,0.114222,112062.47483,112280.0,1.0,2,31.657791,101668.727149,101668.727149,1517931.5855091,4051587.0781918005,149861.2752567,4710095.642764701,30046650.5695917,100,25,3
Z3,30,6,720,7048.0,0.110228,63940.196683,64072.0,1.0,2,31.657791,92044.27152,92044.27152,1517931.5855091,4051587.0781918005,149861.2752567,4710095.642764701,30046650.5695917,100,25,3
Z3,31,6,720,8656.0,0.088158,98187.345448,98360.0,1.0,2,31.657791,98893.701273,98893.701273,1517931.5855091,4051587.0781918005,149861.2752567,4710095.642764701,30046650.5695917,100,25,3
Z3,32,6,720,9488.0,0.079897,118752.894351,120096.0,1.0,2,31.657791,103006.811054,103006.811054,1517931.5855091,4051587.0781918005,149861.2752567,4710095.642764701,30046650.5695917,100,25,3
Z3,33,6,720,8424.0,0.100573,83760.054886,84240.0,1.0,2,31.657791,96008.24316,96008.24316,1517931.5855091,4051587.0781918005,149861.2752567,4710095.642764701,30046650.5695917,100,25,3
Z3,34,6,720,9328.0,0.090146,103476.582433,103640.0,1.0,2,31.657791,99951.54867,99951.54867,1517931.5855091,4051587.0781918005,149861.2752567,4710095.642764701,30046650.5695917,100,25,3
Z3,35,6,720,8680.0,0.094048,92293.29704,92336.0,1.0,2,31.657791,97714.891591,97714.891591,1517931.5855091,4051587.0781918005,149861.2752567,4710095.642764701,30046650.5695917,100,25,3
Z3,36,6,720,7160.0,0.08076,88657.751362,89496.0,1.0,2,31.657791,96987.782456,96987.782456,1517931.5855091,4051587.0781918005,149861.2752567,4710095.642764701,30046650.5695917,100,25,3
Z3,37,6,720,10360.0,0.080318,128987.27558,129496.0,1.0,2,31.657791,105053.687299,105053.687299,1517931.5855091,4051587.0781918005,149861.2752567,4710095.642764701,30046650.5695917,100,25,3
Z3,38,6,720,9048.0,0.096651,93615.172114,94248.0,1.0,2,31.657791,97979.266606,97979.266606,1517931.5855091,4051587.0781918005,149861.2752567,4710095.642764701,30046650.5695917,100,25,3
