Zone, Tile_no, Seg_no, Reso, Seg_d_size, Seg_d_time, Bitrate, Bitrate1, Buf_lev, Buf_limit, Elapsed, Ref_vp, Local_avg
Z1, 0, 1, 720, 9960.000000, 0.176785, 56339.621574, 56584.000000, 1.000000, 2, 0.000066, 56339.621574, 56339.621574
Z2, 0, 1, 720, 8952.000000, 0.234373, 38195.525935, 38256.000000, 1.000000, 2, 0.000066, 19097.762968, 19097.762968
Z2, 1, 1, 720, 5424.000000, 0.057050, 95074.496056, 95152.000000, 1.000000, 2, 0.000066, 31691.498685, 31691.498685
Z2, 2, 1, 720, 7080.000000, 0.069342, 102102.621788, 102608.000000, 1.000000, 2, 0.000066, 25525.655447, 25525.655447
Z2, 3, 1, 720, 18976.000000, 0.053101, 357356.735278, 358032.000000, 1.000000, 2, 0.000066, 71471.347056, 71471.347056
Z2, 4, 1, 720, 8720.000000, 0.033806, 257942.377093, 264240.000000, 1.000000, 2, 0.000066, 51588.475419, 51588.475419
Z2, 5, 1, 720, 8336.000000, 0.047893, 174054.663521, 177360.000000, 1.000000, 2, 0.000066, 34810.932704, 34810.932704
Z2, 6, 1, 720, 6376.000000, 0.073886, 86295.103267, 87336.000000, 1.000000, 2, 0.000066, 17259.020653, 17259.020653
Z2, 7, 1, 720, 6872.000000, 0.036339, 189108.120752, 190888.000000, 1.000000, 2, 0.000066, 37821.624150, 37821.624150
Z3, 0, 1, 720, 7080.000000, 0.206985, 34205.377201, 34368.000000, 1.000000, 2, 0.000066, 6841.075440, 6841.075440
Z3, 1, 1, 720, 7080.000000, 0.027910, 253672.518810, 262216.000000, 1.000000, 2, 0.000066, 50734.503762, 50734.503762
Z3, 2, 1, 720, 5664.000000, 0.074366, 76163.838313, 76536.000000, 1.000000, 2, 0.000066, 15232.767663, 15232.767663
Z3, 3, 1, 720, 7080.000000, 0.027798, 254694.582344, 262216.000000, 1.000000, 2, 0.000066, 50938.916469, 50938.916469
Z3, 4, 1, 720, 7080.000000, 0.049995, 141614.161416, 144488.000000, 1.000000, 2, 0.000066, 28322.832283, 28322.832283
Z3, 5, 1, 720, 5664.000000, 0.066149, 85624.877171, 85816.000000, 1.000000, 2, 0.000066, 17124.975434, 17124.975434
Z3, 6, 1, 720, 7080.000000, 0.040335, 175529.936779, 177000.000000, 1.000000, 2, 0.000066, 35105.987356, 35105.987356
Z3, 7, 1, 720, 7080.000000, 0.037134, 190660.849895, 191344.000000, 1.000000, 2, 0.000066, 38132.169979, 38132.169979
Z3, 8, 1, 720, 5664.000000, 0.067958, 83345.595809, 84536.000000, 1.000000, 2, 0.000066, 16669.119162, 16669.119162
Z3, 9, 1, 720, 7080.000000, 0.066720, 106115.107914, 107272.000000, 1.000000, 2, 0.000066, 21223.021583, 21223.021583
Z3, 10, 1, 720, 12904.000000, 0.245986, 52458.269983, 52664.000000, 1.000000, 2, 0.000066, 10491.653997, 10491.653997
Z3, 11, 1, 720, 17344.000000, 0.049312, 351719.662557, 353952.000000, 1.000000, 2, 0.000066, 70343.932511, 70343.932511
Z3, 12, 1, 720, 16912.000000, 0.051875, 326014.457831, 331600.000000, 1.000000, 2, 0.000066, 65202.891566, 65202.891566
Z3, 13, 1, 720, 13240.000000, 0.045109, 293511.272695, 294216.000000, 1.000000, 2, 0.000066, 58702.254539, 58702.254539
Z3, 14, 1, 720, 28328.000000, 0.074938, 378019.162508, 382808.000000, 1.000000, 2, 0.000066, 75603.832502, 75603.832502
Z3, 15, 1, 720, 30528.000000, 0.063953, 477350.554313, 484568.000000, 1.000000, 2, 0.000066, 95470.110863, 95470.110863
Z3, 16, 1, 720, 16360.000000, 0.041266, 396452.285174, 399024.000000, 1.000000, 2, 0.000066, 79290.457035, 79290.457035
Z3, 17, 1, 720, 33216.000000, 0.057550, 577167.680278, 582736.000000, 1.000000, 2, 0.000066, 115433.536056, 115433.536056
Z3, 18, 1, 720, 28000.000000, 0.057892, 483659.227527, 491224.000000, 1.000000, 2, 0.000066, 96731.845505, 96731.845505
Z3, 19, 1, 720, 15744.000000, 0.073805, 213318.880835, 215664.000000, 1.000000, 2, 0.000066, 42663.776167, 42663.776167
Z3, 20, 1, 720, 16024.000000, 0.050926, 314652.633233, 320480.000000, 1.000000, 2, 0.000066, 62930.526647, 62930.526647
Z3, 21, 1, 720, 11576.000000, 0.036192, 319849.690539, 321552.000000, 1.000000, 2, 0.000066, 63969.938108, 63969.938108
Z3, 22, 1, 720, 10816.000000, 0.209319, 51672.327882, 51744.000000, 1.000000, 2, 0.000066, 10334.465576, 10334.465576
Z3, 23, 1, 720, 13224.000000, 0.044928, 294337.606838, 300544.000000, 1.000000, 2, 0.000066, 58867.521368, 58867.521368
Z3, 24, 1, 720, 17528.000000, 0.070732, 247808.629757, 250400.000000, 1.000000, 2, 0.000066, 49561.725951, 49561.725951
Z3, 25, 1, 720, 23824.000000, 0.071697, 332287.264460, 335544.000000, 1.000000, 2, 0.000066, 66457.452892, 66457.452892
Z3, 26, 1, 720, 11024.000000, 0.030160, 365517.241379, 367464.000000, 1.000000, 2, 0.000066, 73103.448276, 73103.448276
Z3, 27, 1, 720, 15112.000000, 0.051862, 291388.685357, 296312.000000, 1.000000, 2, 0.000066, 58277.737071, 58277.737071
Z3, 28, 1, 720, 24552.000000, 0.050229, 488801.290091, 491040.000000, 1.000000, 2, 0.000066, 97760.258018, 97760.258018
Z3, 29, 1, 720, 10824.000000, 0.059444, 182087.342709, 183456.000000, 1.000000, 2, 0.000066, 36417.468542, 36417.468542
Z3, 30, 1, 720, 6872.000000, 0.036381, 188889.805118, 190888.000000, 1.000000, 2, 0.000066, 37777.961024, 37777.961024
Z3, 31, 1, 720, 6872.000000, 0.068411, 100451.681747, 101056.000000, 1.000000, 2, 0.000066, 20090.336349, 20090.336349
Z3, 32, 1, 720, 6376.000000, 0.055580, 114717.524289, 115920.000000, 1.000000, 2, 0.000066, 22943.504858, 22943.504858
Z3, 33, 1, 720, 6872.000000, 0.068880, 99767.711963, 101056.000000, 1.000000, 2, 0.000066, 19953.542393, 19953.542393
Z3, 34, 1, 720, 6872.000000, 0.026127, 263022.926475, 264304.000000, 1.000000, 2, 0.000066, 52604.585295, 52604.585295
Z3, 35, 1, 720, 6376.000000, 0.040489, 157474.869718, 159400.000000, 1.000000, 2, 0.000066, 31494.973944, 31494.973944
Z3, 36, 1, 720, 6872.000000, 0.030985, 221784.734549, 229064.000000, 1.000000, 2, 0.000066, 44356.946910, 44356.946910
Z3, 37, 1, 720, 6872.000000, 0.042045, 163443.929124, 163616.000000, 1.000000, 2, 0.000066, 32688.785825, 32688.785825
Z3, 38, 1, 720, 6376.000000, 0.056760, 112332.628612, 113856.000000, 1.000000, 2, 0.000066, 22466.525722, 22466.525722
Z1, 0, 2, 720, 7080.000000, 0.190215, 37221.039350, 37256.000000, 1.000000, 2, 3.317640, 29910.733592, 29910.733592
Z2, 0, 2, 720, 6624.000000, 0.348012, 19033.826420, 19032.000000, 1.000000, 2, 3.317640, 26273.291006, 26273.291006
Z2, 1, 2, 720, 5424.000000, 0.053872, 100683.100683, 102336.000000, 1.000000, 2, 3.317640, 42603.145859, 42603.145859
Z2, 2, 2, 720, 7080.000000, 0.064950, 109006.928406, 110624.000000, 1.000000, 2, 3.317640, 44267.911404, 44267.911404
Z2, 3, 2, 720, 12648.000000, 0.037290, 339179.404666, 341832.000000, 1.000000, 2, 3.317640, 90302.406656, 90302.406656
Z2, 4, 2, 720, 15344.000000, 0.064634, 237398.273355, 239744.000000, 1.000000, 2, 3.317640, 69946.180393, 69946.180393
Z2, 5, 2, 720, 18392.000000, 0.034723, 529677.735219, 540936.000000, 1.000000, 2, 3.317640, 128402.072766, 128402.072766
Z2, 6, 2, 720, 9160.000000, 0.076189, 120227.329405, 120520.000000, 1.000000, 2, 3.317640, 46511.991603, 46511.991603
Z2, 7, 2, 720, 8048.000000, 0.035656, 225712.362576, 229936.000000, 1.000000, 2, 3.317640, 67608.998237, 67608.998237
Z3, 0, 2, 720, 7080.000000, 0.460155, 15386.119894, 15384.000000, 1.000000, 2, 3.317640, 25543.749701, 25543.749701
Z3, 1, 2, 720, 7080.000000, 0.061262, 115569.194607, 116064.000000, 1.000000, 2, 3.317640, 45580.364644, 45580.364644
Z3, 2, 2, 720, 5664.000000, 0.028963, 195559.852225, 202280.000000, 1.000000, 2, 3.317640, 61578.496167, 61578.496167
Z3, 3, 2, 720, 7080.000000, 0.048083, 147245.388183, 147496.000000, 1.000000, 2, 3.317640, 51915.603359, 51915.603359
Z3, 4, 2, 720, 7080.000000, 0.061312, 115474.947808, 116064.000000, 1.000000, 2, 3.317640, 45561.515284, 45561.515284
Z3, 5, 2, 720, 5664.000000, 0.070770, 80033.912675, 80912.000000, 1.000000, 2, 3.317640, 38473.308257, 38473.308257
Z3, 6, 2, 720, 7080.000000, 0.044815, 157982.818253, 160904.000000, 1.000000, 2, 3.317640, 54063.089373, 54063.089373
Z3, 7, 2, 720, 7080.000000, 0.074111, 95532.377110, 95672.000000, 1.000000, 2, 3.317640, 41573.001144, 41573.001144
Z3, 8, 2, 720, 5664.000000, 0.029090, 194706.084565, 195304.000000, 1.000000, 2, 3.317640, 61407.742635, 61407.742635
Z3, 9, 2, 720, 17112.000000, 0.070967, 241126.157228, 244456.000000, 1.000000, 2, 3.317640, 70691.757168, 70691.757168
Z3, 10, 2, 720, 15320.000000, 0.032092, 477377.539574, 478744.000000, 1.000000, 2, 3.317640, 117942.033637, 117942.033637
Z3, 11, 2, 720, 10704.000000, 0.040691, 263055.712565, 267600.000000, 1.000000, 2, 3.317640, 75077.668235, 75077.668235
Z3, 12, 2, 720, 18776.000000, 0.029191, 643211.948888, 647448.000000, 1.000000, 2, 3.317640, 151108.915500, 151108.915500
Z3, 13, 2, 720, 21848.000000, 0.217181, 100598.118620, 100680.000000, 1.000000, 2, 3.317640, 42586.149446, 42586.149446
Z3, 14, 2, 720, 12752.000000, 0.066270, 192424.928324, 193208.000000, 1.000000, 2, 3.317640, 60951.511387, 60951.511387
Z3, 15, 2, 720, 21856.000000, 0.157156, 139072.004887, 139208.000000, 1.000000, 2, 3.317640, 50280.926700, 50280.926700
Z3, 16, 2, 720, 16880.000000, 0.067569, 249818.703843, 251936.000000, 1.000000, 2, 3.317640, 72430.266491, 72430.266491
Z3, 17, 2, 720, 12128.000000, 0.071128, 170509.503993, 170816.000000, 1.000000, 2, 3.317640, 56568.426521, 56568.426521
Z3, 18, 2, 720, 11592.000000, 0.049681, 233328.636702, 236568.000000, 1.000000, 2, 3.317640, 69132.253063, 69132.253063
Z3, 19, 2, 720, 9952.000000, 0.341673, 29127.264958, 29184.000000, 1.000000, 2, 3.317640, 28291.978714, 28291.978714
Z3, 20, 2, 720, 11064.000000, 0.069632, 158892.463235, 160344.000000, 1.000000, 2, 3.317640, 54245.018369, 54245.018369
Z3, 21, 2, 720, 14728.000000, 0.047187, 312119.863522, 313360.000000, 1.000000, 2, 3.317640, 84890.498427, 84890.498427
Z3, 22, 2, 720, 16264.000000, 0.047400, 343122.362869, 346040.000000, 1.000000, 2, 3.317640, 91090.998296, 91090.998296
Z3, 23, 2, 720, 9504.000000, 0.415959, 22848.405732, 22896.000000, 1.000000, 2, 3.317640, 27036.206869, 27036.206869
Z3, 24, 2, 720, 12688.000000, 0.045202, 280695.544445, 281952.000000, 1.000000, 2, 3.317640, 78605.634611, 78605.634611
Z3, 25, 2, 720, 17320.000000, 0.046864, 369580.061454, 376520.000000, 1.000000, 2, 3.317640, 96382.538013, 96382.538013
Z3, 26, 2, 720, 10632.000000, 0.075460, 140895.838855, 141760.000000, 1.000000, 2, 3.317640, 50645.693493, 50645.693493
Z3, 27, 2, 720, 9320.000000, 0.048035, 194025.189966, 194160.000000, 1.000000, 2, 3.317640, 61271.563715, 61271.563715
Z3, 28, 2, 720, 6376.000000, 0.057064, 111734.193187, 111856.000000, 1.000000, 2, 3.317640, 44813.364360, 44813.364360
Z3, 29, 2, 720, 6872.000000, 0.031701, 216775.496041, 221672.000000, 1.000000, 2, 3.317640, 65821.624931, 65821.624931
Z3, 30, 2, 720, 6872.000000, 0.305803, 22471.983597, 22528.000000, 1.000000, 2, 3.317640, 26960.922442, 26960.922442
Z3, 31, 2, 720, 6376.000000, 0.059582, 107012.184888, 108064.000000, 1.000000, 2, 3.317640, 43868.962700, 43868.962700
Z3, 32, 2, 720, 6872.000000, 0.075305, 91255.560720, 91624.000000, 1.000000, 2, 3.317640, 40717.637866, 40717.637866
Z3, 33, 2, 720, 6872.000000, 0.067650, 101581.670362, 102560.000000, 1.000000, 2, 3.317640, 42782.859795, 42782.859795
Z3, 34, 2, 720, 6376.000000, 0.066808, 95437.672135, 96600.000000, 1.000000, 2, 3.317640, 41554.060149, 41554.060149
Z3, 35, 2, 720, 6872.000000, 0.067719, 101478.167132, 102560.000000, 1.000000, 2, 3.317640, 42762.159149, 42762.159149
Z3, 36, 2, 720, 6872.000000, 0.047259, 145411.456019, 146208.000000, 1.000000, 2, 3.317640, 51548.816926, 51548.816926
Z3, 37, 2, 720, 6376.000000, 0.045090, 141406.076735, 141688.000000, 1.000000, 2, 3.317640, 50747.741069, 50747.741069
Z3, 38, 2, 720, 6872.000000, 0.034942, 196668.765383, 202112.000000, 1.000000, 2, 3.317640, 61800.278799, 61800.278799
Z1, 0, 3, 720, 15304.000000, 0.191518, 79908.938063, 80120.000000, 1.000000, 2, 7.906685, 77782.066412, 77782.066412
Z2, 0, 3, 720, 6624.000000, 0.218168, 30361.922922, 30384.000000, 1.000000, 2, 7.906685, 67872.663383, 67872.663383
Z2, 1, 3, 720, 5664.000000, 0.040716, 139109.932213, 141600.000000, 1.000000, 2, 7.906685, 89622.265242, 89622.265242
Z2, 2, 3, 720, 7080.000000, 0.036781, 192490.688127, 196664.000000, 1.000000, 2, 7.906685, 100298.416424, 100298.416424
Z2, 3, 3, 720, 7080.000000, 0.321935, 21992.017022, 22056.000000, 1.000000, 2, 7.906685, 66198.682203, 66198.682203
Z2, 4, 3, 720, 12544.000000, 0.056682, 221304.823401, 224000.000000, 1.000000, 2, 7.906685, 106061.243479, 106061.243479
Z2, 5, 3, 720, 18632.000000, 0.054322, 342991.789698, 345032.000000, 1.000000, 2, 7.906685, 130398.636739, 130398.636739
Z2, 6, 3, 720, 10240.000000, 0.042815, 239168.515707, 243808.000000, 1.000000, 2, 7.906685, 109633.981940, 109633.981940
Z2, 7, 3, 720, 8424.000000, 0.030920, 272445.019405, 280800.000000, 1.000000, 2, 7.906685, 116289.282680, 116289.282680
Z3, 0, 3, 720, 5424.000000, 0.178640, 30362.740708, 30464.000000, 1.000000, 2, 7.906685, 67872.826940, 67872.826940
Z3, 1, 3, 720, 7080.000000, 0.053341, 132730.919930, 133584.000000, 1.000000, 2, 7.906685, 88346.462785, 88346.462785
Z3, 2, 3, 720, 7080.000000, 0.074548, 94972.366797, 95672.000000, 1.000000, 2, 7.906685, 80794.752158, 80794.752158
Z3, 3, 3, 720, 5664.000000, 0.070827, 79969.503156, 80912.000000, 1.000000, 2, 7.906685, 77794.179430, 77794.179430
Z3, 4, 3, 720, 7080.000000, 0.031583, 224171.231359, 228384.000000, 1.000000, 2, 7.906685, 106634.525071, 106634.525071
Z3, 5, 3, 720, 7080.000000, 0.052056, 136007.376671, 136152.000000, 1.000000, 2, 7.906685, 89001.754133, 89001.754133
Z3, 6, 3, 720, 5664.000000, 0.037500, 151040.000000, 153080.000000, 1.000000, 2, 7.906685, 92008.278799, 92008.278799
Z3, 7, 3, 720, 7080.000000, 0.064552, 109679.018466, 110624.000000, 1.000000, 2, 7.906685, 83736.082492, 83736.082492
Z3, 8, 3, 720, 7080.000000, 0.037116, 190753.313935, 191344.000000, 1.000000, 2, 7.906685, 99950.941586, 99950.941586
Z3, 9, 3, 720, 14120.000000, 0.051417, 274617.344458, 276856.000000, 1.000000, 2, 7.906685, 116723.747690, 116723.747690
Z3, 10, 3, 720, 17536.000000, 0.033560, 522526.817640, 531392.000000, 1.000000, 2, 7.906685, 166305.642327, 166305.642327
Z3, 11, 3, 720, 16008.000000, 0.036803, 434964.540934, 444664.000000, 1.000000, 2, 7.906685, 148793.186986, 148793.186986
Z3, 12, 3, 720, 10896.000000, 0.056671, 192267.650121, 194568.000000, 1.000000, 2, 7.906685, 100253.808823, 100253.808823
Z3, 13, 3, 720, 19720.000000, 0.065570, 300747.292969, 303384.000000, 1.000000, 2, 7.906685, 121949.737393, 121949.737393
Z3, 14, 3, 720, 20104.000000, 0.058425, 344099.272572, 346616.000000, 1.000000, 2, 7.906685, 130620.133313, 130620.133313
Z3, 15, 3, 720, 12504.000000, 0.047960, 260717.264387, 266040.000000, 1.000000, 2, 7.906685, 113943.731676, 113943.731676
Z3, 16, 3, 720, 23072.000000, 0.073324, 314658.229229, 316048.000000, 1.000000, 2, 7.906685, 124731.924645, 124731.924645
Z3, 17, 3, 720, 18112.000000, 0.044697, 405217.352395, 411632.000000, 1.000000, 2, 7.906685, 142843.749278, 142843.749278
Z3, 18, 3, 720, 9664.000000, 0.059304, 162956.967490, 163792.000000, 1.000000, 2, 7.906685, 94391.672297, 94391.672297
Z3, 19, 3, 720, 12280.000000, 0.058148, 211185.251427, 211720.000000, 1.000000, 2, 7.906685, 104037.329084, 104037.329084
Z3, 20, 3, 720, 10368.000000, 0.056818, 182477.383928, 185136.000000, 1.000000, 2, 7.906685, 98295.755584, 98295.755584
Z3, 21, 3, 720, 10520.000000, 0.043181, 243625.668697, 244648.000000, 1.000000, 2, 7.906685, 110525.412538, 110525.412538
Z3, 22, 3, 720, 15288.000000, 0.060836, 251298.573213, 254800.000000, 1.000000, 2, 7.906685, 112059.993442, 112059.993442
Z3, 23, 3, 720, 16344.000000, 0.066160, 247037.484885, 247632.000000, 1.000000, 2, 7.906685, 111207.775776, 111207.775776
Z3, 24, 3, 720, 9016.000000, 0.040277, 223849.839859, 225400.000000, 1.000000, 2, 7.906685, 106570.246771, 106570.246771
Z3, 25, 3, 720, 13800.000000, 0.057962, 238087.022532, 242104.000000, 1.000000, 2, 7.906685, 109417.683305, 109417.683305
Z3, 26, 3, 720, 17664.000000, 0.052503, 336437.917833, 339688.000000, 1.000000, 2, 7.906685, 129087.862366, 129087.862366
Z3, 27, 3, 720, 9896.000000, 0.074376, 133053.673228, 133728.000000, 1.000000, 2, 7.906685, 88411.013444, 88411.013444
Z3, 28, 3, 720, 6376.000000, 0.040224, 158512.330947, 159400.000000, 1.000000, 2, 7.906685, 93502.744988, 93502.744988
Z3, 29, 3, 720, 6872.000000, 0.071140, 96598.256958, 96784.000000, 1.000000, 2, 7.906685, 81119.930190, 81119.930190
Z3, 30, 3, 720, 6872.000000, 0.067957, 101122.768810, 102560.000000, 1.000000, 2, 7.906685, 82024.832561, 82024.832561
Z3, 31, 3, 720, 6376.000000, 0.067835, 93992.776590, 95160.000000, 1.000000, 2, 7.906685, 80598.834117, 80598.834117
Z3, 32, 3, 720, 6872.000000, 0.059187, 116106.577458, 116472.000000, 1.000000, 2, 7.906685, 85021.594290, 85021.594290
Z3, 33, 3, 720, 6872.000000, 0.039387, 174473.811156, 176200.000000, 1.000000, 2, 7.906685, 96695.041030, 96695.041030
Z3, 34, 3, 720, 6376.000000, 0.071423, 89270.963135, 89800.000000, 1.000000, 2, 7.906685, 79654.471426, 79654.471426
Z3, 35, 3, 720, 6872.000000, 0.054669, 125701.951746, 127256.000000, 1.000000, 2, 7.906685, 86940.669148, 86940.669148
Z3, 36, 3, 720, 6872.000000, 0.067898, 101210.639489, 102560.000000, 1.000000, 2, 7.906685, 82042.406697, 82042.406697
Z3, 37, 3, 720, 6376.000000, 0.033721, 189080.988108, 193208.000000, 1.000000, 2, 7.906685, 99616.476421, 99616.476421
Z3, 38, 3, 720, 6872.000000, 0.068734, 99979.631623, 101056.000000, 1.000000, 2, 7.906685, 81796.205124, 81796.205124
Z1, 0, 4, 720, 22592.000000, 0.192806, 117174.776719, 117664.000000, 1.000000, 2, 11.187970, 105231.160467, 105231.160467
Z2, 0, 4, 720, 6624.000000, 0.161010, 41140.301845, 41136.000000, 1.000000, 2, 11.187970, 90024.265492, 90024.265492
Z2, 1, 4, 720, 6648.000000, 0.055582, 119607.067036, 120872.000000, 1.000000, 2, 11.187970, 105717.618531, 105717.618531
Z2, 2, 4, 720, 7200.000000, 0.052613, 136848.307453, 138456.000000, 1.000000, 2, 11.187970, 109165.866614, 109165.866614
Z2, 3, 4, 720, 7296.000000, 0.055942, 130420.792964, 132648.000000, 1.000000, 2, 11.187970, 107880.363716, 107880.363716
Z2, 4, 4, 720, 17272.000000, 0.032186, 536630.833282, 539744.000000, 1.000000, 2, 11.187970, 189122.371780, 189122.371780
Z2, 5, 4, 720, 26240.000000, 0.052370, 501050.219591, 504608.000000, 1.000000, 2, 11.187970, 182006.249042, 182006.249042
Z2, 6, 4, 720, 12720.000000, 0.036765, 345981.232150, 353328.000000, 1.000000, 2, 11.187970, 150992.451554, 150992.451554
Z2, 7, 4, 720, 11496.000000, 0.036240, 317218.543046, 319328.000000, 1.000000, 2, 11.187970, 145239.913733, 145239.913733
Z3, 0, 4, 720, 6448.000000, 0.194243, 33195.533430, 33232.000000, 1.000000, 2, 11.187970, 88435.311809, 88435.311809
Z3, 1, 4, 720, 7448.000000, 0.041557, 179223.716823, 181656.000000, 1.000000, 2, 11.187970, 117640.948488, 117640.948488
Z3, 2, 4, 720, 7424.000000, 0.037648, 197195.070123, 200648.000000, 1.000000, 2, 11.187970, 121235.219148, 121235.219148
Z3, 3, 4, 720, 6648.000000, 0.059769, 111228.228680, 112672.000000, 1.000000, 2, 11.187970, 104041.850860, 104041.850860
Z3, 4, 4, 720, 7224.000000, 0.074805, 96571.084821, 97616.000000, 1.000000, 2, 11.187970, 101110.422088, 101110.422088
Z3, 5, 4, 720, 7240.000000, 0.058095, 124623.461572, 124824.000000, 1.000000, 2, 11.187970, 106720.897438, 106720.897438
Z3, 6, 4, 720, 6648.000000, 0.033927, 195950.128216, 201448.000000, 1.000000, 2, 11.187970, 120986.230767, 120986.230767
Z3, 7, 4, 720, 7232.000000, 0.028395, 254692.727593, 258280.000000, 1.000000, 2, 11.187970, 132734.750642, 132734.750642
Z3, 8, 4, 720, 7296.000000, 0.051763, 140950.099492, 143056.000000, 1.000000, 2, 11.187970, 109986.225022, 109986.225022
Z3, 9, 4, 720, 16456.000000, 0.066685, 246772.137662, 249328.000000, 1.000000, 2, 11.187970, 131150.632656, 131150.632656
Z3, 10, 4, 720, 25392.000000, 0.064545, 393399.953521, 396744.000000, 1.000000, 2, 11.187970, 160476.195828, 160476.195828
Z3, 11, 4, 720, 21592.000000, 0.065204, 331145.328507, 332184.000000, 1.000000, 2, 11.187970, 148025.270825, 148025.270825
Z3, 12, 4, 720, 13528.000000, 0.035877, 377066.086908, 386512.000000, 1.000000, 2, 11.187970, 157209.422505, 157209.422505
Z3, 13, 4, 720, 29512.000000, 0.054101, 545498.234783, 546512.000000, 1.000000, 2, 11.187970, 190895.852080, 190895.852080
Z3, 14, 4, 720, 29688.000000, 0.072190, 411248.095304, 412328.000000, 1.000000, 2, 11.187970, 164045.824184, 164045.824184
Z3, 15, 4, 720, 16760.000000, 0.031656, 529441.496083, 540640.000000, 1.000000, 2, 11.187970, 187684.504340, 187684.504340
Z3, 16, 4, 720, 33128.000000, 0.047745, 693852.759451, 704848.000000, 1.000000, 2, 11.187970, 220566.757014, 220566.757014
Z3, 17, 4, 720, 26248.000000, 0.065814, 398820.919561, 403808.000000, 1.000000, 2, 11.187970, 161560.389036, 161560.389036
Z3, 18, 4, 720, 14624.000000, 0.039952, 366039.247097, 374968.000000, 1.000000, 2, 11.187970, 155004.054543, 155004.054543
Z3, 19, 4, 720, 26816.000000, 0.069498, 385852.830297, 388632.000000, 1.000000, 2, 11.187970, 158966.771183, 158966.771183
Z3, 20, 4, 720, 23128.000000, 0.074862, 308941.786220, 312536.000000, 1.000000, 2, 11.187970, 143584.562368, 143584.562368
Z3, 21, 4, 720, 19440.000000, 0.039039, 497963.574887, 498456.000000, 1.000000, 2, 11.187970, 181388.920101, 181388.920101
Z3, 22, 4, 720, 29088.000000, 0.074022, 392964.253870, 393080.000000, 1.000000, 2, 11.187970, 160389.055898, 160389.055898
Z3, 23, 4, 720, 29840.000000, 0.049957, 597313.689773, 608976.000000, 1.000000, 2, 11.187970, 201258.943078, 201258.943078
Z3, 24, 4, 720, 17200.000000, 0.053774, 319857.180050, 324528.000000, 1.000000, 2, 11.187970, 145767.641134, 145767.641134
Z3, 25, 4, 720, 25664.000000, 0.074171, 346011.244287, 346808.000000, 1.000000, 2, 11.187970, 150998.453981, 150998.453981
Z3, 26, 4, 720, 26808.000000, 0.075763, 353840.265037, 357440.000000, 1.000000, 2, 11.187970, 152564.258131, 152564.258131
Z3, 27, 4, 720, 17472.000000, 0.047744, 365951.742627, 371744.000000, 1.000000, 2, 11.187970, 154986.553649, 154986.553649
Z3, 28, 4, 720, 6448.000000, 0.031144, 207038.273825, 208000.000000, 1.000000, 2, 11.187970, 123203.859889, 123203.859889
Z3, 29, 4, 720, 7200.000000, 0.067527, 106624.017060, 107456.000000, 1.000000, 2, 11.187970, 103121.008536, 103121.008536
Z3, 30, 4, 720, 7520.000000, 0.033647, 223496.894225, 227872.000000, 1.000000, 2, 11.187970, 126495.583969, 126495.583969
Z3, 31, 4, 720, 6728.000000, 0.049639, 135538.588610, 137304.000000, 1.000000, 2, 11.187970, 108903.922845, 108903.922845
Z3, 32, 4, 720, 7224.000000, 0.062542, 115506.379713, 116512.000000, 1.000000, 2, 11.187970, 104897.481066, 104897.481066
Z3, 33, 4, 720, 7256.000000, 0.031759, 228470.669731, 234064.000000, 1.000000, 2, 11.187970, 127490.339070, 127490.339070
Z3, 34, 4, 720, 6544.000000, 0.040506, 161556.312645, 163600.000000, 1.000000, 2, 11.187970, 114107.467653, 114107.467653
Z3, 35, 4, 720, 12272.000000, 0.046648, 263076.659235, 266776.000000, 1.000000, 2, 11.187970, 134411.536971, 134411.536971
Z3, 36, 4, 720, 8544.000000, 0.052216, 163628.006741, 164304.000000, 1.000000, 2, 11.187970, 114521.806472, 114521.806472
Z3, 37, 4, 720, 6424.000000, 0.028341, 226668.078049, 229424.000000, 1.000000, 2, 11.187970, 127129.820733, 127129.820733
Z3, 38, 4, 720, 6872.000000, 0.031288, 219636.921503, 221672.000000, 1.000000, 2, 11.187970, 125723.589424, 125723.589424
Z1, 0, 5, 720, 20272.000000, 0.149354, 135731.215769, 136048.000000, 1.000000, 2, 14.029055, 152869.832578, 152869.832578
Z2, 0, 5, 720, 6624.000000, 0.176653, 37497.240353, 37632.000000, 1.000000, 2, 14.029055, 133223.037495, 133223.037495
Z2, 1, 5, 720, 7616.000000, 0.065374, 116498.913941, 117168.000000, 1.000000, 2, 14.029055, 149023.372212, 149023.372212
Z2, 2, 5, 720, 8792.000000, 0.044733, 196543.938479, 199816.000000, 1.000000, 2, 14.029055, 165032.377120, 165032.377120
Z2, 3, 5, 720, 8816.000000, 0.044122, 199809.618784, 200360.000000, 1.000000, 2, 14.029055, 165685.513181, 165685.513181
Z2, 4, 5, 720, 14976.000000, 0.049218, 304278.922345, 305632.000000, 1.000000, 2, 14.029055, 186579.373893, 186579.373893
Z2, 5, 5, 720, 25312.000000, 0.041549, 609208.404534, 617360.000000, 1.000000, 2, 14.029055, 247565.270331, 247565.270331
Z2, 6, 5, 720, 13208.000000, 0.052177, 253138.355981, 254000.000000, 1.000000, 2, 14.029055, 176351.260620, 176351.260620
Z2, 7, 5, 720, 16320.000000, 0.062529, 260998.896512, 263224.000000, 1.000000, 2, 14.029055, 177923.368727, 177923.368727
Z3, 0, 5, 720, 7712.000000, 0.179837, 42883.277635, 43080.000000, 1.000000, 2, 14.029055, 134300.244951, 134300.244951
Z3, 1, 5, 720, 9624.000000, 0.032368, 297330.696985, 300744.000000, 1.000000, 2, 14.029055, 185189.728821, 185189.728821
Z3, 2, 5, 720, 9096.000000, 0.074084, 122779.547541, 122912.000000, 1.000000, 2, 14.029055, 150279.498932, 150279.498932
Z3, 3, 5, 720, 7632.000000, 0.061686, 123723.373213, 125112.000000, 1.000000, 2, 14.029055, 150468.264067, 150468.264067
Z3, 4, 5, 720, 8304.000000, 0.059393, 139814.456249, 140744.000000, 1.000000, 2, 14.029055, 153686.480674, 153686.480674
Z3, 5, 5, 720, 8504.000000, 0.046841, 181550.351188, 184864.000000, 1.000000, 2, 14.029055, 162033.659662, 162033.659662
Z3, 6, 5, 720, 7384.000000, 0.051942, 142158.561472, 144784.000000, 1.000000, 2, 14.029055, 154155.301719, 154155.301719
Z3, 7, 5, 720, 8968.000000, 0.050534, 177464.677247, 179360.000000, 1.000000, 2, 14.029055, 161216.524874, 161216.524874
Z3, 8, 5, 720, 8912.000000, 0.031661, 281481.949401, 287480.000000, 1.000000, 2, 14.029055, 182019.979305, 182019.979305
Z3, 9, 5, 720, 16688.000000, 0.205777, 81097.498749, 81400.000000, 1.000000, 2, 14.029055, 141943.089174, 141943.089174
Z3, 10, 5, 720, 23832.000000, 0.400847, 59454.105931, 59576.000000, 1.000000, 2, 14.029055, 137614.410610, 137614.410610
Z3, 11, 5, 720, 21144.000000, 0.040829, 517867.202234, 528600.000000, 1.000000, 2, 14.029055, 229297.029871, 229297.029871
Z3, 12, 5, 720, 14272.000000, 0.060333, 236553.793115, 237864.000000, 1.000000, 2, 14.029055, 173034.348047, 173034.348047
Z3, 13, 5, 720, 27640.000000, 0.058142, 475387.843555, 476544.000000, 1.000000, 2, 14.029055, 220801.158135, 220801.158135
Z3, 14, 5, 720, 33288.000000, 0.047970, 693933.708568, 708248.000000, 1.000000, 2, 14.029055, 264510.331138, 264510.331138
Z3, 15, 5, 720, 17576.000000, 0.032699, 537508.792318, 549248.000000, 1.000000, 2, 14.029055, 233225.347888, 233225.347888
Z3, 16, 5, 720, 34872.000000, 0.063121, 552462.730312, 553520.000000, 1.000000, 2, 14.029055, 236216.135487, 236216.135487
Z3, 17, 5, 720, 27336.000000, 0.058686, 465801.042838, 471304.000000, 1.000000, 2, 14.029055, 218883.797992, 218883.797992
Z3, 18, 5, 720, 18312.000000, 0.029044, 630491.667814, 631448.000000, 1.000000, 2, 14.029055, 251821.922987, 251821.922987
Z3, 19, 5, 720, 41432.000000, 0.038162, 1085687.332949, 1090312.000000, 1.000000, 2, 14.029055, 342861.056014, 342861.056014
Z3, 20, 5, 720, 36760.000000, 0.067257, 546560.209346, 548656.000000, 1.000000, 2, 14.029055, 235035.631293, 235035.631293
Z3, 21, 5, 720, 21272.000000, 0.324027, 65648.850250, 65648.000000, 1.000000, 2, 14.029055, 138853.359474, 138853.359474
Z3, 22, 5, 720, 43464.000000, 0.397937, 109223.319269, 109480.000000, 1.000000, 2, 14.029055, 147568.253278, 147568.253278
Z3, 23, 5, 720, 42000.000000, 0.063703, 659309.608653, 666664.000000, 1.000000, 2, 14.029055, 257585.511155, 257585.511155
Z3, 24, 5, 720, 20304.000000, 0.069998, 290065.430441, 294256.000000, 1.000000, 2, 14.029055, 183736.675512, 183736.675512
Z3, 25, 5, 720, 32736.000000, 0.063309, 517082.879211, 519616.000000, 1.000000, 2, 14.029055, 229140.165267, 229140.165267
Z3, 26, 5, 720, 34608.000000, 0.075850, 456268.951879, 461440.000000, 1.000000, 2, 14.029055, 216977.379800, 216977.379800
Z3, 27, 5, 720, 21272.000000, 0.075131, 283132.129214, 283624.000000, 1.000000, 2, 14.029055, 182350.015267, 182350.015267
Z3, 28, 5, 720, 8752.000000, 0.056122, 155945.974841, 156280.000000, 1.000000, 2, 14.029055, 156912.784392, 156912.784392
Z3, 29, 5, 720, 12760.000000, 0.032772, 389356.767973, 398744.000000, 1.000000, 2, 14.029055, 203594.943019, 203594.943019
Z3, 30, 5, 720, 15440.000000, 0.067699, 228068.361423, 230440.000000, 1.000000, 2, 14.029055, 171337.261709, 171337.261709
Z3, 31, 5, 720, 10000.000000, 0.031113, 321409.057307, 322576.000000, 1.000000, 2, 14.029055, 190005.400886, 190005.400886
Z3, 32, 5, 720, 15200.000000, 0.042640, 356472.795497, 361904.000000, 1.000000, 2, 14.029055, 197018.148524, 197018.148524
Z3, 33, 5, 720, 18352.000000, 0.028617, 641297.131076, 655424.000000, 1.000000, 2, 14.029055, 253983.015639, 253983.015639
Z3, 34, 5, 720, 11224.000000, 0.043012, 260950.432437, 261016.000000, 1.000000, 2, 14.029055, 177913.675912, 177913.675912
Z3, 35, 5, 720, 23240.000000, 0.074067, 313769.965032, 314048.000000, 1.000000, 2, 14.029055, 188477.582431, 188477.582431
Z3, 36, 5, 720, 16824.000000, 0.064244, 261876.595480, 262872.000000, 1.000000, 2, 14.029055, 178098.908520, 178098.908520
Z3, 37, 5, 720, 9680.000000, 0.042457, 227995.383565, 230472.000000, 1.000000, 2, 14.029055, 171322.666137, 171322.666137
Z3, 38, 5, 720, 12888.000000, 0.075566, 170552.894159, 171840.000000, 1.000000, 2, 14.029055, 159834.168256, 159834.168256
Z1, 0, 6, 720, 14912.000000, 0.215005, 69356.526592, 69352.000000, 1.000000, 2, 18.041467, 151238.947852, 151238.947852
Z2, 0, 6, 720, 6624.000000, 0.196041, 33788.850292, 33792.000000, 1.000000, 2, 18.041467, 144125.412592, 144125.412592
Z2, 1, 6, 720, 6768.000000, 0.030834, 219497.956801, 225600.000000, 1.000000, 2, 18.041467, 181267.233894, 181267.233894
Z2, 2, 6, 720, 7488.000000, 0.046916, 159604.399352, 162776.000000, 1.000000, 2, 18.041467, 169288.522404, 169288.522404
Z2, 3, 6, 720, 7752.000000, 0.061429, 126194.468411, 127080.000000, 1.000000, 2, 18.041467, 162606.536216, 162606.536216
Z2, 4, 6, 720, 10768.000000, 0.036747, 293030.723596, 299104.000000, 1.000000, 2, 18.041467, 195973.787253, 195973.787253
Z2, 5, 6, 720, 17456.000000, 0.058759, 297077.894450, 300960.000000, 1.000000, 2, 18.041467, 196783.221424, 196783.221424
Z2, 6, 6, 720, 9568.000000, 0.043826, 218317.893488, 222504.000000, 1.000000, 2, 18.041467, 181031.221231, 181031.221231
Z2, 7, 6, 720, 12800.000000, 0.040301, 317609.984864, 320000.000000, 1.000000, 2, 18.041467, 200889.639506, 200889.639506
Z3, 0, 6, 720, 6760.000000, 0.188670, 35829.755658, 35952.000000, 1.000000, 2, 18.041467, 144533.593665, 144533.593665
Z3, 1, 6, 720, 8320.000000, 0.047335, 175768.458857, 177016.000000, 1.000000, 2, 18.041467, 172521.334305, 172521.334305
Z3, 2, 6, 720, 7800.000000, 0.068528, 113822.087322, 114704.000000, 1.000000, 2, 18.041467, 160132.059998, 160132.059998
Z3, 3, 6, 720, 6928.000000, 0.065589, 105627.468021, 106584.000000, 1.000000, 2, 18.041467, 158493.136138, 158493.136138
Z3, 4, 6, 720, 7472.000000, 0.045811, 163104.931130, 166040.000000, 1.000000, 2, 18.041467, 169988.628760, 169988.628760
Z3, 5, 6, 720, 7416.000000, 0.064162, 115582.431969, 115872.000000, 1.000000, 2, 18.041467, 160484.128927, 160484.128927
Z3, 6, 6, 720, 6760.000000, 0.046951, 143979.893932, 146952.000000, 1.000000, 2, 18.041467, 166163.621320, 166163.621320
Z3, 7, 6, 720, 7600.000000, 0.056644, 134171.315585, 135712.000000, 1.000000, 2, 18.041467, 164201.905651, 164201.905651
Z3, 8, 6, 720, 7600.000000, 0.048297, 157359.670373, 158328.000000, 1.000000, 2, 18.041467, 168839.576608, 168839.576608
Z3, 9, 6, 720, 12912.000000, 0.054943, 235007.189269, 239104.000000, 1.000000, 2, 18.041467, 184369.080387, 184369.080387
Z3, 10, 6, 720, 17552.000000, 0.046000, 381565.217391, 381560.000000, 1.000000, 2, 18.041467, 213680.686012, 213680.686012
Z3, 11, 6, 720, 14968.000000, 0.073908, 202522.054446, 205040.000000, 1.000000, 2, 18.041467, 177872.053423, 177872.053423
Z3, 12, 6, 720, 10336.000000, 0.219921, 46998.694986, 47192.000000, 1.000000, 2, 18.041467, 146767.381531, 146767.381531
Z3, 13, 6, 720, 18344.000000, 0.059655, 307501.466767, 310912.000000, 1.000000, 2, 18.041467, 198867.935887, 198867.935887
Z3, 14, 6, 720, 20456.000000, 0.039182, 522076.463682, 524512.000000, 1.000000, 2, 18.041467, 241782.935270, 241782.935270
Z3, 15, 6, 720, 12480.000000, 0.030637, 407350.589157, 416000.000000, 1.000000, 2, 18.041467, 218837.760365, 218837.760365
Z3, 16, 6, 720, 18912.000000, 0.035354, 534932.398031, 540336.000000, 1.000000, 2, 18.041467, 244354.122140, 244354.122140
Z3, 17, 6, 720, 16112.000000, 0.049250, 327147.208122, 328816.000000, 1.000000, 2, 18.041467, 202797.084158, 202797.084158
Z3, 18, 6, 720, 16088.000000, 0.026826, 599716.692761, 618768.000000, 1.000000, 2, 18.041467, 257310.981086, 257310.981086
Z3, 19, 6, 720, 31984.000000, 0.056221, 568897.742836, 571136.000000, 1.000000, 2, 18.041467, 251147.191101, 251147.191101
Z3, 20, 6, 720, 21472.000000, 0.075331, 285035.377202, 286288.000000, 1.000000, 2, 18.041467, 194374.717974, 194374.717974
Z3, 21, 6, 720, 19320.000000, 0.057275, 337319.947621, 338944.000000, 1.000000, 2, 18.041467, 204831.632058, 204831.632058
Z3, 22, 6, 720, 33040.000000, 0.226076, 146145.543976, 146192.000000, 1.000000, 2, 18.041467, 166596.751329, 166596.751329
Z3, 23, 6, 720, 26472.000000, 0.065347, 405098.933386, 407256.000000, 1.000000, 2, 18.041467, 218387.429211, 218387.429211
Z3, 24, 6, 720, 12984.000000, 0.050931, 254933.144843, 259680.000000, 1.000000, 2, 18.041467, 188354.271502, 188354.271502
Z3, 25, 6, 720, 21128.000000, 0.067947, 310948.239069, 315336.000000, 1.000000, 2, 18.041467, 199557.290347, 199557.290347
Z3, 26, 6, 720, 21576.000000, 0.035085, 614963.659684, 616456.000000, 1.000000, 2, 18.041467, 260360.374470, 260360.374470
Z3, 27, 6, 720, 14376.000000, 0.047219, 304453.715665, 305872.000000, 1.000000, 2, 18.041467, 198258.385667, 198258.385667
Z3, 28, 6, 720, 7048.000000, 0.037010, 190435.017563, 190480.000000, 1.000000, 2, 18.041467, 175454.646046, 175454.646046
Z3, 29, 6, 720, 8656.000000, 0.036139, 239519.632530, 240440.000000, 1.000000, 2, 18.041467, 185271.569040, 185271.569040
Z3, 30, 6, 720, 9488.000000, 0.046382, 204562.114613, 206256.000000, 1.000000, 2, 18.041467, 178280.065456, 178280.065456
Z3, 31, 6, 720, 8424.000000, 0.060984, 138134.592680, 140400.000000, 1.000000, 2, 18.041467, 164994.561070, 164994.561070
Z3, 32, 6, 720, 9328.000000, 0.068784, 135612.933240, 137176.000000, 1.000000, 2, 18.041467, 164490.229182, 164490.229182
Z3, 33, 6, 720, 8680.000000, 0.046286, 187529.706607, 188688.000000, 1.000000, 2, 18.041467, 174873.583855, 174873.583855
Z3, 34, 6, 720, 7160.000000, 0.066290, 108010.257957, 108480.000000, 1.000000, 2, 18.041467, 158969.694125, 158969.694125
Z3, 35, 6, 720, 10360.000000, 0.051298, 201957.191314, 203136.000000, 1.000000, 2, 18.041467, 177759.080796, 177759.080796
Z3, 36, 6, 720, 9048.000000, 0.061630, 146811.617719, 148320.000000, 1.000000, 2, 18.041467, 166729.966077, 166729.966077
Z3, 37, 6, 720, 7176.000000, 0.038258, 187568.613101, 188840.000000, 1.000000, 2, 18.041467, 174881.365154, 174881.365154
Z3, 38, 6, 720, 8768.000000, 0.041101, 213328.142868, 213848.000000, 1.000000, 2, 18.041467, 180033.271107, 180033.271107
Z1, 0, 7, 720, 7408.000000, 0.148677, 49826.133161, 50048.000000, 1.000000, 2, 21.281637, 150664.744663, 150664.744663
Z2, 0, 7, 720, 6624.000000, 0.526435, 12582.750007, 12592.000000, 1.000000, 2, 21.281637, 143216.068032, 143216.068032
Z2, 1, 7, 720, 6792.000000, 0.055211, 123018.963612, 123488.000000, 1.000000, 2, 21.281637, 165303.310753, 165303.310753
Z2, 2, 7, 720, 7464.000000, 0.039380, 189537.836465, 191384.000000, 1.000000, 2, 21.281637, 178607.085324, 178607.085324
Z2, 3, 7, 720, 10144.000000, 0.035543, 285400.782151, 289824.000000, 1.000000, 2, 21.281637, 197779.674461, 197779.674461
Z2, 4, 7, 720, 14352.000000, 0.073750, 194603.389831, 196600.000000, 1.000000, 2, 21.281637, 179620.195997, 179620.195997
Z2, 5, 7, 720, 15008.000000, 0.044727, 335546.761464, 341088.000000, 1.000000, 2, 21.281637, 207808.870323, 207808.870323
Z2, 6, 7, 720, 7168.000000, 0.043513, 164732.378829, 166696.000000, 1.000000, 2, 21.281637, 173645.993796, 173645.993796
Z2, 7, 7, 720, 8160.000000, 0.075676, 107828.109308, 108800.000000, 1.000000, 2, 21.281637, 162265.139892, 162265.139892
Z3, 0, 7, 720, 6656.000000, 1.282447, 5190.078031, 5184.000000, 1.000000, 2, 21.281637, 141737.533637, 141737.533637
Z3, 1, 7, 720, 7664.000000, 0.026221, 292284.809885, 294768.000000, 1.000000, 2, 21.281637, 199156.480008, 199156.480008
Z3, 2, 7, 720, 7664.000000, 0.047721, 160600.155068, 163056.000000, 1.000000, 2, 21.281637, 172819.549044, 172819.549044
Z3, 3, 7, 720, 6920.000000, 0.073124, 94633.772770, 94792.000000, 1.000000, 2, 21.281637, 159626.272585, 159626.272585
Z3, 4, 7, 720, 7504.000000, 0.035720, 210078.387458, 214400.000000, 1.000000, 2, 21.281637, 182715.195522, 182715.195522
Z3, 5, 7, 720, 7480.000000, 0.075059, 99654.938115, 99728.000000, 1.000000, 2, 21.281637, 160630.505654, 160630.505654
Z3, 6, 7, 720, 6728.000000, 0.067009, 100404.423286, 100416.000000, 1.000000, 2, 21.281637, 160780.402688, 160780.402688
Z3, 7, 7, 720, 7632.000000, 0.043447, 175662.301195, 177488.000000, 1.000000, 2, 21.281637, 175831.978270, 175831.978270
Z3, 8, 7, 720, 7392.000000, 0.036247, 203934.118686, 205328.000000, 1.000000, 2, 21.281637, 181486.341768, 181486.341768
Z3, 9, 7, 720, 12800.000000, 0.032495, 393906.754885, 400000.000000, 1.000000, 2, 21.281637, 219480.869008, 219480.869008
Z3, 10, 7, 720, 16760.000000, 0.064150, 261262.665627, 261872.000000, 1.000000, 2, 21.281637, 192952.051156, 192952.051156
Z3, 11, 7, 720, 14104.000000, 0.074462, 189412.049099, 190592.000000, 1.000000, 2, 21.281637, 178581.927850, 178581.927850
Z3, 12, 7, 720, 9704.000000, 0.058625, 165526.652452, 167304.000000, 1.000000, 2, 21.281637, 173804.848521, 173804.848521
Z3, 13, 7, 720, 17248.000000, 0.048894, 352763.120219, 359328.000000, 1.000000, 2, 21.281637, 211252.142074, 211252.142074
Z3, 14, 7, 720, 21552.000000, 0.056155, 383794.853530, 384856.000000, 1.000000, 2, 21.281637, 217458.488737, 217458.488737
Z3, 15, 7, 720, 16688.000000, 0.071623, 232997.780043, 235040.000000, 1.000000, 2, 21.281637, 187299.074039, 187299.074039
Z3, 16, 7, 720, 23312.000000, 0.067204, 346884.114041, 347936.000000, 1.000000, 2, 21.281637, 210076.340839, 210076.340839
Z3, 17, 7, 720, 14952.000000, 0.050046, 298765.136075, 299040.000000, 1.000000, 2, 21.281637, 200452.545246, 200452.545246
Z3, 18, 7, 720, 16856.000000, 0.061226, 275307.875739, 276320.000000, 1.000000, 2, 21.281637, 195761.093178, 195761.093178
Z3, 19, 7, 720, 23928.000000, 0.060833, 393339.141584, 398800.000000, 1.000000, 2, 21.281637, 219367.346347, 219367.346347
Z3, 20, 7, 720, 29544.000000, 0.045283, 652430.271846, 656528.000000, 1.000000, 2, 21.281637, 271185.572400, 271185.572400
Z3, 21, 7, 720, 31920.000000, 0.075163, 424677.035243, 425600.000000, 1.000000, 2, 21.281637, 225634.925079, 225634.925079
Z3, 22, 7, 720, 15096.000000, 0.068548, 220225.243625, 222000.000000, 1.000000, 2, 21.281637, 184744.566756, 184744.566756
Z3, 23, 7, 720, 22296.000000, 0.049994, 445973.516822, 455016.000000, 1.000000, 2, 21.281637, 229894.221395, 229894.221395
Z3, 24, 7, 720, 24272.000000, 0.044030, 551260.504202, 551632.000000, 1.000000, 2, 21.281637, 250951.618871, 250951.618871
Z3, 25, 7, 720, 13368.000000, 0.040587, 329366.545938, 334200.000000, 1.000000, 2, 21.281637, 206572.827218, 206572.827218
Z3, 26, 7, 720, 21768.000000, 0.057615, 377818.276490, 381888.000000, 1.000000, 2, 21.281637, 216263.173329, 216263.173329
Z3, 27, 7, 720, 21680.000000, 0.047045, 460835.370390, 461272.000000, 1.000000, 2, 21.281637, 232866.592109, 232866.592109
Z3, 28, 7, 720, 9672.000000, 0.028314, 341597.796143, 345424.000000, 1.000000, 2, 21.281637, 209019.077259, 209019.077259
Z3, 29, 7, 720, 13368.000000, 0.067266, 198733.386852, 199520.000000, 1.000000, 2, 21.281637, 180446.195401, 180446.195401
Z3, 30, 7, 720, 13424.000000, 0.042309, 317284.738472, 319616.000000, 1.000000, 2, 21.281637, 204156.465725, 204156.465725
Z3, 31, 7, 720, 8064.000000, 0.064118, 125768.115038, 126000.000000, 1.000000, 2, 21.281637, 165853.141038, 165853.141038
Z3, 32, 7, 720, 9424.000000, 0.051174, 184156.016727, 184784.000000, 1.000000, 2, 21.281637, 177530.721376, 177530.721376
Z3, 33, 7, 720, 7368.000000, 0.068053, 108268.555391, 108352.000000, 1.000000, 2, 21.281637, 162353.229109, 162353.229109
Z3, 34, 7, 720, 8792.000000, 0.057673, 152445.685156, 154240.000000, 1.000000, 2, 21.281637, 171188.655062, 171188.655062
Z3, 35, 7, 720, 8568.000000, 0.033507, 255707.762557, 259632.000000, 1.000000, 2, 21.281637, 191841.070542, 191841.070542
Z3, 36, 7, 720, 7064.000000, 0.038443, 183752.568738, 185888.000000, 1.000000, 2, 21.281637, 177450.031778, 177450.031778
Z3, 37, 7, 720, 10104.000000, 0.069313, 145773.520119, 146432.000000, 1.000000, 2, 21.281637, 169854.222054, 169854.222054
Z3, 38, 7, 720, 8640.000000, 0.041051, 210469.903291, 210728.000000, 1.000000, 2, 21.281637, 182793.498689, 182793.498689
Z1, 0, 8, 720, 7744.000000, 0.163143, 47467.559135, 47504.000000, 1.000000, 2, 25.653962, 172291.084191, 172291.084191
Z2, 0, 8, 720, 6624.000000, 0.191329, 34620.993158, 34680.000000, 1.000000, 2, 25.653962, 169721.770996, 169721.770996
Z2, 1, 8, 720, 6968.000000, 0.040092, 173800.259403, 174200.000000, 1.000000, 2, 25.653962, 197557.624245, 197557.624245
Z2, 2, 8, 720, 7968.000000, 0.034889, 228381.438276, 234352.000000, 1.000000, 2, 25.653962, 208473.860019, 208473.860019
Z2, 3, 8, 720, 12752.000000, 0.068524, 186095.382640, 187528.000000, 1.000000, 2, 25.653962, 200016.648892, 200016.648892
Z2, 4, 8, 720, 18720.000000, 0.058452, 320262.779717, 322752.000000, 1.000000, 2, 25.653962, 226850.128307, 226850.128307
Z2, 5, 8, 720, 25648.000000, 0.071826, 357085.178069, 361232.000000, 1.000000, 2, 25.653962, 234214.607978, 234214.607978
Z2, 6, 8, 720, 9784.000000, 0.055873, 175111.413384, 177888.000000, 1.000000, 2, 25.653962, 197819.855041, 197819.855041
Z2, 7, 8, 720, 13192.000000, 0.065489, 201438.409504, 202952.000000, 1.000000, 2, 25.653962, 203085.254265, 203085.254265
Z3, 0, 8, 720, 6768.000000, 0.143267, 47240.467100, 47328.000000, 1.000000, 2, 25.653962, 172245.665784, 172245.665784
Z3, 1, 8, 720, 8032.000000, 0.031515, 254862.763763, 259096.000000, 1.000000, 2, 25.653962, 213770.125117, 213770.125117
Z3, 2, 8, 720, 7872.000000, 0.055794, 141090.439832, 143120.000000, 1.000000, 2, 25.653962, 191015.660331, 191015.660331
Z3, 3, 8, 720, 7024.000000, 0.038323, 183284.189651, 184840.000000, 1.000000, 2, 25.653962, 199454.410294, 199454.410294
Z3, 4, 8, 720, 7816.000000, 0.054886, 142404.256094, 144736.000000, 1.000000, 2, 25.653962, 191278.423583, 191278.423583
Z3, 5, 8, 720, 7936.000000, 0.045925, 172803.483941, 176352.000000, 1.000000, 2, 25.653962, 197358.269152, 197358.269152
Z3, 6, 8, 720, 6928.000000, 0.070003, 98967.187121, 98968.000000, 1.000000, 2, 25.653962, 182591.009788, 182591.009788
Z3, 7, 8, 720, 8048.000000, 0.063053, 127638.653197, 127744.000000, 1.000000, 2, 25.653962, 188325.303003, 188325.303003
Z3, 8, 8, 720, 7664.000000, 0.028039, 273333.571097, 273712.000000, 1.000000, 2, 25.653962, 217464.286584, 217464.286584
Z3, 9, 8, 720, 14248.000000, 0.044661, 319025.548017, 323816.000000, 1.000000, 2, 25.653962, 226602.681968, 226602.681968
Z3, 10, 8, 720, 19448.000000, 0.039495, 492416.761615, 498664.000000, 1.000000, 2, 25.653962, 261280.924687, 261280.924687
Z3, 11, 8, 720, 17344.000000, 0.042239, 410615.781624, 412952.000000, 1.000000, 2, 25.653962, 244920.728689, 244920.728689
Z3, 12, 8, 720, 11952.000000, 0.051320, 232891.660171, 234352.000000, 1.000000, 2, 25.653962, 209375.904398, 209375.904398
Z3, 13, 8, 720, 25224.000000, 0.059329, 425154.646126, 427520.000000, 1.000000, 2, 25.653962, 247828.501589, 247828.501589
Z3, 14, 8, 720, 35992.000000, 0.065654, 548207.268407, 553720.000000, 1.000000, 2, 25.653962, 272439.026046, 272439.026046
Z3, 15, 8, 720, 20016.000000, 0.068672, 291472.506990, 294352.000000, 1.000000, 2, 25.653962, 221092.073762, 221092.073762
Z3, 16, 8, 720, 36432.000000, 0.169958, 214358.841596, 215568.000000, 1.000000, 2, 25.653962, 205669.340683, 205669.340683
Z3, 17, 8, 720, 22472.000000, 0.063195, 355597.752987, 356696.000000, 1.000000, 2, 25.653962, 233917.122962, 233917.122962
Z3, 18, 8, 720, 21736.000000, 0.051344, 423340.604550, 426192.000000, 1.000000, 2, 25.653962, 247465.693274, 247465.693274
Z3, 19, 8, 720, 16848.000000, 0.060571, 278152.911459, 280800.000000, 1.000000, 2, 25.653962, 218428.154656, 218428.154656
Z3, 20, 8, 720, 47160.000000, 0.074080, 636609.071274, 637296.000000, 1.000000, 2, 25.653962, 290119.386619, 290119.386619
Z3, 21, 8, 720, 39472.000000, 0.058621, 673342.317599, 680544.000000, 1.000000, 2, 25.653962, 297466.035884, 297466.035884
Z3, 22, 8, 720, 26968.000000, 0.052254, 516094.461668, 518608.000000, 1.000000, 2, 25.653962, 266016.464698, 266016.464698
Z3, 23, 8, 720, 39776.000000, 0.075546, 526513.647314, 530344.000000, 1.000000, 2, 25.653962, 268100.301827, 268100.301827
Z3, 24, 8, 720, 34992.000000, 0.046442, 753455.923518, 760688.000000, 1.000000, 2, 25.653962, 313488.757068, 313488.757068
Z3, 25, 8, 720, 22464.000000, 0.053780, 417701.747862, 423848.000000, 1.000000, 2, 25.653962, 246337.921936, 246337.921936
Z3, 26, 8, 720, 43144.000000, 0.070186, 614709.486222, 616336.000000, 1.000000, 2, 25.653962, 285739.469609, 285739.469609
Z3, 27, 8, 720, 43672.000000, 0.073097, 597452.699837, 598240.000000, 1.000000, 2, 25.653962, 282288.112332, 282288.112332
Z3, 28, 8, 720, 18320.000000, 0.059771, 306503.153703, 310504.000000, 1.000000, 2, 25.653962, 224098.203105, 224098.203105
Z3, 29, 8, 720, 24560.000000, 0.341400, 71939.074400, 72016.000000, 1.000000, 2, 25.653962, 177185.387244, 177185.387244
Z3, 30, 8, 720, 19040.000000, 0.040854, 466049.836001, 476000.000000, 1.000000, 2, 25.653962, 256007.539564, 256007.539564
Z3, 31, 8, 720, 20160.000000, 0.053008, 380319.951705, 380376.000000, 1.000000, 2, 25.653962, 238861.562705, 238861.562705
Z3, 32, 8, 720, 16496.000000, 0.059937, 275222.316766, 279592.000000, 1.000000, 2, 25.653962, 217842.035717, 217842.035717
Z3, 33, 8, 720, 11624.000000, 0.065834, 176565.300605, 178824.000000, 1.000000, 2, 25.653962, 198110.632485, 198110.632485
Z3, 34, 8, 720, 21024.000000, 0.066562, 315855.893753, 318544.000000, 1.000000, 2, 25.653962, 225968.751115, 225968.751115
Z3, 35, 8, 720, 28496.000000, 0.386656, 73698.584789, 73816.000000, 1.000000, 2, 25.653962, 177537.289322, 177537.289322
Z3, 36, 8, 720, 12416.000000, 0.654438, 18972.003459, 18984.000000, 1.000000, 2, 25.653962, 166591.973056, 166591.973056
Z3, 37, 8, 720, 17312.000000, 0.068139, 254068.888595, 254584.000000, 1.000000, 2, 25.653962, 213611.350083, 213611.350083
Z3, 38, 8, 720, 14664.000000, 0.051261, 286065.429859, 287528.000000, 1.000000, 2, 25.653962, 220010.658336, 220010.658336
Z1, 0, 9, 720, 32816.000000, 0.208462, 157419.577669, 157768.000000, 1.000000, 2, 30.010305, 207567.189569, 207567.189569
Z2, 0, 9, 720, 7496.000000, 0.197123, 38027.018663, 38048.000000, 1.000000, 2, 30.010305, 183688.677768, 183688.677768
Z2, 1, 9, 720, 16056.000000, 0.068723, 233633.572458, 236112.000000, 1.000000, 2, 30.010305, 222809.988527, 222809.988527
Z2, 2, 9, 720, 24464.000000, 0.072415, 337830.559967, 339776.000000, 1.000000, 2, 30.010305, 243649.386029, 243649.386029
Z2, 3, 9, 720, 26344.000000, 0.073077, 360496.462635, 360872.000000, 1.000000, 2, 30.010305, 248182.566562, 248182.566562
Z2, 4, 9, 720, 23952.000000, 0.074123, 323138.566977, 323672.000000, 1.000000, 2, 30.010305, 240710.987431, 240710.987431
Z2, 5, 9, 720, 36648.000000, 0.075537, 485166.209937, 488640.000000, 1.000000, 2, 30.010305, 273116.516023, 273116.516023
Z2, 6, 9, 720, 11344.000000, 0.044475, 255064.643058, 257816.000000, 1.000000, 2, 30.010305, 227096.202647, 227096.202647
Z2, 7, 9, 720, 15808.000000, 0.047000, 336340.425532, 336336.000000, 1.000000, 2, 30.010305, 243351.359142, 243351.359142
Z3, 0, 9, 720, 6624.000000, 0.184685, 35866.475350, 36000.000000, 1.000000, 2, 30.010305, 183256.569105, 183256.569105
Z3, 1, 9, 720, 6752.000000, 0.075591, 89322.802979, 90024.000000, 1.000000, 2, 30.010305, 193947.834631, 193947.834631
Z3, 2, 9, 720, 9824.000000, 0.062359, 157539.408906, 158448.000000, 1.000000, 2, 30.010305, 207591.155817, 207591.155817
Z3, 3, 9, 720, 8640.000000, 0.044505, 194135.490394, 196360.000000, 1.000000, 2, 30.010305, 214910.372114, 214910.372114
Z3, 4, 9, 720, 7248.000000, 0.034863, 207899.492298, 213176.000000, 1.000000, 2, 30.010305, 217663.172495, 217663.172495
Z3, 5, 9, 720, 8336.000000, 0.317570, 26249.330856, 26296.000000, 1.000000, 2, 30.010305, 181333.140206, 181333.140206
Z3, 6, 9, 720, 9640.000000, 0.044939, 214513.006520, 219088.000000, 1.000000, 2, 30.010305, 218985.875339, 218985.875339
Z3, 7, 9, 720, 10312.000000, 0.057809, 178380.528983, 180912.000000, 1.000000, 2, 30.010305, 211759.379832, 211759.379832
Z3, 8, 9, 720, 21208.000000, 0.046550, 455596.133190, 461040.000000, 1.000000, 2, 30.010305, 267202.500673, 267202.500673
Z3, 9, 9, 720, 8000.000000, 0.035426, 225822.841980, 228568.000000, 1.000000, 2, 30.010305, 221247.842431, 221247.842431
Z3, 10, 9, 720, 6776.000000, 0.047816, 141709.887904, 144168.000000, 1.000000, 2, 30.010305, 204425.251616, 204425.251616
Z3, 11, 9, 720, 7696.000000, 0.028317, 271780.202705, 274856.000000, 1.000000, 2, 30.010305, 230439.314576, 230439.314576
Z3, 12, 9, 720, 16880.000000, 0.055867, 302146.168579, 306904.000000, 1.000000, 2, 30.010305, 236512.507751, 236512.507751
Z3, 13, 9, 720, 23240.000000, 0.061778, 376185.697174, 380976.000000, 1.000000, 2, 30.010305, 251320.413470, 251320.413470
Z3, 14, 9, 720, 21680.000000, 0.051147, 423876.278179, 425096.000000, 1.000000, 2, 30.010305, 260858.529671, 260858.529671
Z3, 15, 9, 720, 16096.000000, 0.033161, 485389.463526, 487752.000000, 1.000000, 2, 30.010305, 273161.166741, 273161.166741
Z3, 16, 9, 720, 39872.000000, 0.064612, 617098.990900, 623000.000000, 1.000000, 2, 30.010305, 299503.072215, 299503.072215
Z3, 17, 9, 720, 46392.000000, 0.071170, 651847.688633, 653408.000000, 1.000000, 2, 30.010305, 306452.811762, 306452.811762
Z3, 18, 9, 720, 26168.000000, 0.050605, 517103.053058, 523360.000000, 1.000000, 2, 30.010305, 279503.884647, 279503.884647
Z3, 19, 9, 720, 48816.000000, 0.046575, 1048115.942029, 1061216.000000, 1.000000, 2, 30.010305, 385706.462441, 385706.462441
Z3, 20, 9, 720, 38664.000000, 0.054273, 712398.430159, 716000.000000, 1.000000, 2, 30.010305, 318562.960067, 318562.960067
Z3, 21, 9, 720, 19912.000000, 0.060706, 328007.116265, 331864.000000, 1.000000, 2, 30.010305, 241684.697288, 241684.697288
Z3, 22, 9, 720, 61688.000000, 0.038489, 1602743.641040, 1623368.000000, 1.000000, 2, 30.010305, 496632.002243, 496632.002243
Z3, 23, 9, 720, 59200.000000, 0.075267, 786533.274875, 789328.000000, 1.000000, 2, 30.010305, 333389.929010, 333389.929010
Z3, 24, 9, 720, 41064.000000, 0.073904, 555639.748863, 562520.000000, 1.000000, 2, 30.010305, 287211.223808, 287211.223808
Z3, 25, 9, 720, 55576.000000, 0.204202, 272161.878924, 272424.000000, 1.000000, 2, 30.010305, 230515.649820, 230515.649820
Z3, 26, 9, 720, 50200.000000, 0.081557, 615520.433562, 619752.000000, 1.000000, 2, 30.010305, 299187.360748, 299187.360748
Z3, 27, 9, 720, 30056.000000, 0.061301, 490301.952660, 492720.000000, 1.000000, 2, 30.010305, 274143.664567, 274143.664567
Z3, 28, 9, 720, 59504.000000, 0.109670, 542573.174068, 545904.000000, 1.000000, 2, 30.010305, 284597.908849, 284597.908849
Z3, 29, 9, 720, 65232.000000, 0.093287, 699261.419062, 701416.000000, 1.000000, 2, 30.010305, 315935.557848, 315935.557848
Z3, 30, 9, 720, 8856.000000, 0.041885, 211436.074967, 216000.000000, 1.000000, 2, 30.010305, 218370.489029, 218370.489029
Z3, 31, 9, 720, 14088.000000, 0.046942, 300115.035576, 306256.000000, 1.000000, 2, 30.010305, 236106.281150, 236106.281150
Z3, 32, 9, 720, 15104.000000, 0.039169, 385611.069979, 387280.000000, 1.000000, 2, 30.010305, 253205.488031, 253205.488031
Z3, 33, 9, 720, 11784.000000, 0.043551, 270579.320796, 274040.000000, 1.000000, 2, 30.010305, 230199.138195, 230199.138195
Z3, 34, 9, 720, 18496.000000, 0.059213, 312363.839022, 313488.000000, 1.000000, 2, 30.010305, 238556.041840, 238556.041840
Z3, 35, 9, 720, 22376.000000, 0.036579, 611717.105443, 621552.000000, 1.000000, 2, 30.010305, 298426.695124, 298426.695124
Z3, 36, 9, 720, 8792.000000, 0.059451, 147886.494760, 149016.000000, 1.000000, 2, 30.010305, 205660.572987, 205660.572987
Z3, 37, 9, 720, 19464.000000, 0.053974, 360618.075370, 367240.000000, 1.000000, 2, 30.010305, 248206.889109, 248206.889109
Z3, 38, 9, 720, 20360.000000, 0.363408, 56025.183815, 56088.000000, 1.000000, 2, 30.010305, 187288.310798, 187288.310798
