Zone, Tile_no, Seg_no, Reso, Seg_d_size, Seg_d_time, Bitrate, Bitrate1, Buf_lev, Buf_limit, Elapsed, Ref_vp, Local_avg
Z1, 0, 1, 720, 9960.000000, 0.475499, 20946.416291, 20968.000000, 1.000000, 2, 0.000061, 20946.416291, 20946.416291
Z2, 0, 1, 720, 8952.000000, 0.474553, 18864.067870, 18880.000000, 1.000000, 2, 0.000061, 9432.033935, 9432.033935
Z2, 1, 1, 720, 5424.000000, 0.150915, 35940.761356, 36160.000000, 1.000000, 2, 0.000061, 11980.253785, 11980.253785
Z2, 2, 1, 720, 7080.000000, 0.150979, 46893.938892, 47200.000000, 1.000000, 2, 0.000061, 11723.484723, 11723.484723
Z2, 3, 1, 720, 18976.000000, 0.151135, 125556.621564, 125664.000000, 1.000000, 2, 0.000061, 25111.324313, 25111.324313
Z2, 4, 1, 720, 8720.000000, 0.151116, 57704.015458, 57744.000000, 1.000000, 2, 0.000061, 11540.803092, 11540.803092
Z2, 5, 1, 720, 8336.000000, 0.150922, 55233.829395, 55568.000000, 1.000000, 2, 0.000061, 11046.765879, 11046.765879
Z2, 6, 1, 720, 6376.000000, 0.150918, 42248.108244, 42504.000000, 1.000000, 2, 0.000061, 8449.621649, 8449.621649
Z2, 7, 1, 720, 6872.000000, 0.151019, 45504.208080, 45504.000000, 1.000000, 2, 0.000061, 9100.841616, 9100.841616
Z3, 0, 1, 720, 7080.000000, 0.472731, 14976.804991, 15000.000000, 1.000000, 2, 0.000061, 2995.360998, 2995.360998
Z3, 1, 1, 720, 7080.000000, 0.150932, 46908.541595, 47200.000000, 1.000000, 2, 0.000061, 9381.708319, 9381.708319
Z3, 2, 1, 720, 5664.000000, 0.150914, 37531.309222, 37760.000000, 1.000000, 2, 0.000061, 7506.261844, 7506.261844
Z3, 3, 1, 720, 7080.000000, 0.150929, 46909.473991, 47200.000000, 1.000000, 2, 0.000061, 9381.894798, 9381.894798
Z3, 4, 1, 720, 7080.000000, 0.150954, 46901.705155, 47200.000000, 1.000000, 2, 0.000061, 9380.341031, 9380.341031
Z3, 5, 1, 720, 5664.000000, 0.150997, 37510.679020, 37760.000000, 1.000000, 2, 0.000061, 7502.135804, 7502.135804
Z3, 6, 1, 720, 7080.000000, 0.151005, 46885.864706, 46880.000000, 1.000000, 2, 0.000061, 9377.172941, 9377.172941
Z3, 7, 1, 720, 7080.000000, 0.150987, 46891.454231, 47200.000000, 1.000000, 2, 0.000061, 9378.290846, 9378.290846
Z3, 8, 1, 720, 5664.000000, 0.150922, 37529.319781, 37760.000000, 1.000000, 2, 0.000061, 7505.863956, 7505.863956
Z3, 9, 1, 720, 7080.000000, 0.150996, 46888.659302, 47200.000000, 1.000000, 2, 0.000061, 9377.731860, 9377.731860
Z3, 10, 1, 720, 12904.000000, 0.151048, 85429.797151, 85456.000000, 1.000000, 2, 0.000061, 17085.959430, 17085.959430
Z3, 11, 1, 720, 17344.000000, 0.151044, 114827.467493, 114856.000000, 1.000000, 2, 0.000061, 22965.493499, 22965.493499
Z3, 12, 1, 720, 16912.000000, 0.151013, 111990.358446, 112000.000000, 1.000000, 2, 0.000061, 22398.071689, 22398.071689
Z3, 13, 1, 720, 13240.000000, 0.151049, 87653.675297, 87680.000000, 1.000000, 2, 0.000061, 17530.735059, 17530.735059
Z3, 14, 1, 720, 28328.000000, 0.151124, 187448.717609, 187600.000000, 1.000000, 2, 0.000061, 37489.743522, 37489.743522
Z3, 15, 1, 720, 30528.000000, 0.151077, 202069.143549, 202168.000000, 1.000000, 2, 0.000061, 40413.828710, 40413.828710
Z3, 16, 1, 720, 16360.000000, 0.151080, 108287.000265, 108344.000000, 1.000000, 2, 0.000061, 21657.400053, 21657.400053
Z3, 17, 1, 720, 33216.000000, 0.151100, 219827.928524, 219968.000000, 1.000000, 2, 0.000061, 43965.585705, 43965.585705
Z3, 18, 1, 720, 28000.000000, 0.151156, 185239.090741, 185424.000000, 1.000000, 2, 0.000061, 37047.818148, 37047.818148
Z3, 19, 1, 720, 15744.000000, 0.151064, 104220.727639, 104264.000000, 1.000000, 2, 0.000061, 20844.145528, 20844.145528
Z3, 20, 1, 720, 16024.000000, 0.151043, 106088.994525, 106112.000000, 1.000000, 2, 0.000061, 21217.798905, 21217.798905
Z3, 21, 1, 720, 11576.000000, 0.151017, 76653.621778, 76656.000000, 1.000000, 2, 0.000061, 15330.724356, 15330.724356
Z3, 22, 1, 720, 10816.000000, 0.151040, 71610.169492, 71624.000000, 1.000000, 2, 0.000061, 14322.033898, 14322.033898
Z3, 23, 1, 720, 13224.000000, 0.151022, 87563.401359, 87576.000000, 1.000000, 2, 0.000061, 17512.680272, 17512.680272
Z3, 24, 1, 720, 17528.000000, 0.151043, 116046.423866, 116072.000000, 1.000000, 2, 0.000061, 23209.284773, 23209.284773
Z3, 25, 1, 720, 23824.000000, 0.151118, 157651.636470, 157768.000000, 1.000000, 2, 0.000061, 31530.327294, 31530.327294
Z3, 26, 1, 720, 11024.000000, 0.151058, 72978.591005, 73000.000000, 1.000000, 2, 0.000061, 14595.718201, 14595.718201
Z3, 27, 1, 720, 15112.000000, 0.151122, 99998.676566, 100072.000000, 1.000000, 2, 0.000061, 19999.735313, 19999.735313
Z3, 28, 1, 720, 24552.000000, 0.151060, 162531.444459, 162592.000000, 1.000000, 2, 0.000061, 32506.288892, 32506.288892
Z3, 29, 1, 720, 10824.000000, 0.150968, 71697.313338, 72160.000000, 1.000000, 2, 0.000061, 14339.462668, 14339.462668
Z3, 30, 1, 720, 6872.000000, 0.151057, 45492.761011, 45504.000000, 1.000000, 2, 0.000061, 9098.552202, 9098.552202
Z3, 31, 1, 720, 6872.000000, 0.150981, 45515.660911, 45808.000000, 1.000000, 2, 0.000061, 9103.132182, 9103.132182
Z3, 32, 1, 720, 6376.000000, 0.151006, 42223.487808, 42224.000000, 1.000000, 2, 0.000061, 8444.697562, 8444.697562
Z3, 33, 1, 720, 6872.000000, 0.151002, 45509.331002, 45504.000000, 1.000000, 2, 0.000061, 9101.866200, 9101.866200
Z3, 34, 1, 720, 6872.000000, 0.151017, 45504.810717, 45504.000000, 1.000000, 2, 0.000061, 9100.962143, 9100.962143
Z3, 35, 1, 720, 6376.000000, 0.150983, 42229.919925, 42504.000000, 1.000000, 2, 0.000061, 8445.983985, 8445.983985
Z3, 36, 1, 720, 6872.000000, 0.151001, 45509.632387, 45504.000000, 1.000000, 2, 0.000061, 9101.926477, 9101.926477
Z3, 37, 1, 720, 6872.000000, 0.150987, 45513.852186, 45808.000000, 1.000000, 2, 0.000061, 9102.770437, 9102.770437
Z3, 38, 1, 720, 6376.000000, 0.151029, 42217.057651, 42224.000000, 1.000000, 2, 0.000061, 8443.411530, 8443.411530
Z1, 0, 2, 720, 15344.000000, 0.472468, 32476.273525, 32504.000000, 1.000000, 2, 8.224948, 14938.666235, 14938.666235
Z2, 0, 2, 720, 6624.000000, 0.473814, 13980.169434, 14000.000000, 1.000000, 2, 8.224948, 11239.445417, 11239.445417
Z2, 1, 2, 720, 5664.000000, 0.150844, 37548.725836, 37760.000000, 1.000000, 2, 8.224948, 15953.156697, 15953.156697
Z2, 2, 2, 720, 7080.000000, 0.150949, 46903.258717, 47200.000000, 1.000000, 2, 8.224948, 17824.063274, 17824.063274
Z2, 3, 2, 720, 7080.000000, 0.150878, 46925.330399, 47200.000000, 1.000000, 2, 8.224948, 17828.477610, 17828.477610
Z2, 4, 2, 720, 12128.000000, 0.150918, 80361.520826, 80848.000000, 1.000000, 2, 8.224948, 24515.715695, 24515.715695
Z2, 5, 2, 720, 18392.000000, 0.151032, 121775.517771, 121800.000000, 1.000000, 2, 8.224948, 32798.515084, 32798.515084
Z2, 6, 2, 720, 10632.000000, 0.150984, 70418.057543, 70880.000000, 1.000000, 2, 8.224948, 22527.023039, 22527.023039
Z2, 7, 2, 720, 8048.000000, 0.150851, 53350.657271, 53648.000000, 1.000000, 2, 8.224948, 19113.542984, 19113.542984
Z3, 0, 2, 720, 5424.000000, 0.471598, 11501.321040, 11512.000000, 1.000000, 2, 8.224948, 10743.675738, 10743.675738
Z3, 1, 2, 720, 7080.000000, 0.150900, 46918.489066, 47200.000000, 1.000000, 2, 8.224948, 17827.109343, 17827.109343
Z3, 2, 2, 720, 7080.000000, 0.150901, 46918.178143, 47200.000000, 1.000000, 2, 8.224948, 17827.047159, 17827.047159
Z3, 3, 2, 720, 5664.000000, 0.150974, 37516.393551, 37760.000000, 1.000000, 2, 8.224948, 15946.690240, 15946.690240
Z3, 4, 2, 720, 7080.000000, 0.150923, 46911.338895, 47200.000000, 1.000000, 2, 8.224948, 17825.679309, 17825.679309
Z3, 5, 2, 720, 7080.000000, 0.150965, 46898.287683, 47200.000000, 1.000000, 2, 8.224948, 17823.069067, 17823.069067
Z3, 6, 2, 720, 5664.000000, 0.150946, 37523.352722, 37760.000000, 1.000000, 2, 8.224948, 15948.082075, 15948.082075
Z3, 7, 2, 720, 7080.000000, 0.150912, 46914.758270, 47200.000000, 1.000000, 2, 8.224948, 17826.363184, 17826.363184
Z3, 8, 2, 720, 7080.000000, 0.150902, 46917.867225, 47200.000000, 1.000000, 2, 8.224948, 17826.984975, 17826.984975
Z3, 9, 2, 720, 12648.000000, 0.150937, 83796.550879, 84320.000000, 1.000000, 2, 8.224948, 25202.721706, 25202.721706
Z3, 10, 2, 720, 17112.000000, 0.151070, 113271.993116, 113320.000000, 1.000000, 2, 8.224948, 31097.810153, 31097.810153
Z3, 11, 2, 720, 15320.000000, 0.150974, 101474.426060, 102128.000000, 1.000000, 2, 8.224948, 28738.296742, 28738.296742
Z3, 12, 2, 720, 10704.000000, 0.150954, 70909.018641, 71360.000000, 1.000000, 2, 8.224948, 22625.215259, 22625.215259
Z3, 13, 2, 720, 18776.000000, 0.150897, 124429.246440, 125168.000000, 1.000000, 2, 8.224948, 33329.260818, 33329.260818
Z3, 14, 2, 720, 21848.000000, 0.150998, 144690.658154, 145648.000000, 1.000000, 2, 8.224948, 37381.543161, 37381.543161
Z3, 15, 2, 720, 12752.000000, 0.150871, 84522.539123, 85008.000000, 1.000000, 2, 8.224948, 25347.919355, 25347.919355
Z3, 16, 2, 720, 21856.000000, 0.150998, 144743.638989, 145704.000000, 1.000000, 2, 8.224948, 37392.139328, 37392.139328
Z3, 17, 2, 720, 16880.000000, 0.151009, 111781.417002, 111784.000000, 1.000000, 2, 8.224948, 30799.694931, 30799.694931
Z3, 18, 2, 720, 9160.000000, 0.150928, 60691.190501, 61064.000000, 1.000000, 2, 8.224948, 20581.649631, 20581.649631
Z3, 19, 2, 720, 11592.000000, 0.150922, 76807.887518, 77280.000000, 1.000000, 2, 8.224948, 23804.989034, 23804.989034
Z3, 20, 2, 720, 9952.000000, 0.150979, 65916.451957, 66344.000000, 1.000000, 2, 8.224948, 21626.701922, 21626.701922
Z3, 21, 2, 720, 11064.000000, 0.150930, 73305.505864, 73760.000000, 1.000000, 2, 8.224948, 23104.512703, 23104.512703
Z3, 22, 2, 720, 14728.000000, 0.151023, 97521.569562, 97536.000000, 1.000000, 2, 8.224948, 27947.725443, 27947.725443
Z3, 23, 2, 720, 16264.000000, 0.151076, 107654.425587, 107704.000000, 1.000000, 2, 8.224948, 29974.296648, 29974.296648
Z3, 24, 2, 720, 9504.000000, 0.150943, 62964.165281, 63360.000000, 1.000000, 2, 8.224948, 21036.244586, 21036.244586
Z3, 25, 2, 720, 12688.000000, 0.151114, 83963.100705, 84024.000000, 1.000000, 2, 8.224948, 25236.031671, 25236.031671
Z3, 26, 2, 720, 17320.000000, 0.151121, 114610.146836, 114696.000000, 1.000000, 2, 8.224948, 31365.440897, 31365.440897
Z3, 27, 2, 720, 9320.000000, 0.150854, 61781.590147, 62128.000000, 1.000000, 2, 8.224948, 20799.729560, 20799.729560
Z3, 28, 2, 720, 6376.000000, 0.150992, 42227.402776, 42504.000000, 1.000000, 2, 8.224948, 16888.892085, 16888.892085
Z3, 29, 2, 720, 6872.000000, 0.150971, 45518.675772, 45808.000000, 1.000000, 2, 8.224948, 17547.146685, 17547.146685
Z3, 30, 2, 720, 6872.000000, 0.150956, 45523.198813, 45808.000000, 1.000000, 2, 8.224948, 17548.051293, 17548.051293
Z3, 31, 2, 720, 6376.000000, 0.150982, 42230.199626, 42504.000000, 1.000000, 2, 8.224948, 16889.451456, 16889.451456
Z3, 32, 2, 720, 6872.000000, 0.150902, 45539.489205, 45808.000000, 1.000000, 2, 8.224948, 17551.309371, 17551.309371
Z3, 33, 2, 720, 6872.000000, 0.151014, 45505.714702, 45504.000000, 1.000000, 2, 8.224948, 17544.554471, 17544.554471
Z3, 34, 2, 720, 6376.000000, 0.150993, 42227.123112, 42504.000000, 1.000000, 2, 8.224948, 16888.836153, 16888.836153
Z3, 35, 2, 720, 6872.000000, 0.150999, 45510.235167, 45808.000000, 1.000000, 2, 8.224948, 17545.458564, 17545.458564
Z3, 36, 2, 720, 6872.000000, 0.150940, 45528.024381, 45808.000000, 1.000000, 2, 8.224948, 17549.016406, 17549.016406
Z3, 37, 2, 720, 6376.000000, 0.150979, 42231.038754, 42504.000000, 1.000000, 2, 8.224948, 16889.619281, 16889.619281
Z3, 38, 2, 720, 6872.000000, 0.150997, 45510.837964, 45808.000000, 1.000000, 2, 8.224948, 17545.579123, 17545.579123
Z1, 0, 3, 720, 7080.000000, 0.471513, 15015.492680, 15024.000000, 1.000000, 2, 16.443310, 20548.677659, 20548.677659
Z2, 0, 3, 720, 6624.000000, 0.474870, 13949.080801, 13968.000000, 1.000000, 2, 16.443310, 20335.395283, 20335.395283
Z2, 1, 3, 720, 5664.000000, 0.150854, 37546.236759, 37760.000000, 1.000000, 2, 16.443310, 25054.826475, 25054.826475
Z2, 2, 3, 720, 7080.000000, 0.150977, 46894.560099, 47200.000000, 1.000000, 2, 16.443310, 26924.491143, 26924.491143
Z2, 3, 3, 720, 12544.000000, 0.151064, 83037.652915, 83072.000000, 1.000000, 2, 16.443310, 34153.109706, 34153.109706
Z2, 4, 3, 720, 15304.000000, 0.151038, 101325.494246, 101344.000000, 1.000000, 2, 16.443310, 37810.677972, 37810.677972
Z2, 5, 3, 720, 9896.000000, 0.150998, 65537.291885, 65968.000000, 1.000000, 2, 16.443310, 30653.037500, 30653.037500
Z2, 6, 3, 720, 6376.000000, 0.150923, 42246.708586, 42504.000000, 1.000000, 2, 16.443310, 25994.920840, 25994.920840
Z2, 7, 3, 720, 6872.000000, 0.151030, 45500.893862, 45504.000000, 1.000000, 2, 16.443310, 26645.757895, 26645.757895
Z3, 0, 3, 720, 5424.000000, 0.473638, 11451.783852, 11464.000000, 1.000000, 2, 16.443310, 19835.935893, 19835.935893
Z3, 1, 3, 720, 7080.000000, 0.150917, 46913.203947, 47200.000000, 1.000000, 2, 16.443310, 26928.219912, 26928.219912
Z3, 2, 3, 720, 7080.000000, 0.151000, 46887.417219, 46880.000000, 1.000000, 2, 16.443310, 26923.062567, 26923.062567
Z3, 3, 3, 720, 5664.000000, 0.150976, 37515.896566, 37760.000000, 1.000000, 2, 16.443310, 25048.758436, 25048.758436
Z3, 4, 3, 720, 7080.000000, 0.151001, 46887.106708, 46880.000000, 1.000000, 2, 16.443310, 26923.000465, 26923.000465
Z3, 5, 3, 720, 7080.000000, 0.150998, 46888.038252, 47200.000000, 1.000000, 2, 16.443310, 26923.186773, 26923.186773
Z3, 6, 3, 720, 5664.000000, 0.150992, 37511.921161, 37760.000000, 1.000000, 2, 16.443310, 25047.963355, 25047.963355
Z3, 7, 3, 720, 7080.000000, 0.151021, 46880.897359, 46880.000000, 1.000000, 2, 16.443310, 26921.758595, 26921.758595
Z3, 8, 3, 720, 7080.000000, 0.150905, 46916.934495, 47200.000000, 1.000000, 2, 16.443310, 26928.966022, 26928.966022
Z3, 9, 3, 720, 14120.000000, 0.150970, 93528.515599, 94128.000000, 1.000000, 2, 16.443310, 36251.282243, 36251.282243
Z3, 10, 3, 720, 17536.000000, 0.151019, 116117.839477, 116128.000000, 1.000000, 2, 16.443310, 40769.147018, 40769.147018
Z3, 11, 3, 720, 16008.000000, 0.151028, 105993.590592, 106008.000000, 1.000000, 2, 16.443310, 38744.297241, 38744.297241
Z3, 12, 3, 720, 10896.000000, 0.150984, 72166.587188, 72640.000000, 1.000000, 2, 16.443310, 31978.896561, 31978.896561
Z3, 13, 3, 720, 19720.000000, 0.150911, 130673.045702, 131464.000000, 1.000000, 2, 16.443310, 43680.188263, 43680.188263
Z3, 14, 3, 720, 20104.000000, 0.151031, 133111.745271, 133136.000000, 1.000000, 2, 16.443310, 44167.928177, 44167.928177
Z3, 15, 3, 720, 12504.000000, 0.151010, 82802.463413, 82800.000000, 1.000000, 2, 16.443310, 34106.071806, 34106.071806
Z3, 16, 3, 720, 23072.000000, 0.151054, 152740.079707, 152792.000000, 1.000000, 2, 16.443310, 48093.595064, 48093.595064
Z3, 17, 3, 720, 18112.000000, 0.151024, 119927.958470, 119944.000000, 1.000000, 2, 16.443310, 41531.170817, 41531.170817
Z3, 18, 3, 720, 18632.000000, 0.151027, 123368.669178, 123384.000000, 1.000000, 2, 16.443310, 42219.312959, 42219.312959
Z3, 19, 3, 720, 9664.000000, 0.151008, 63996.609451, 64000.000000, 1.000000, 2, 16.443310, 30344.901013, 30344.901013
Z3, 20, 3, 720, 12280.000000, 0.151036, 81305.119309, 81320.000000, 1.000000, 2, 16.443310, 33806.602985, 33806.602985
Z3, 21, 3, 720, 10368.000000, 0.151054, 68637.705721, 68656.000000, 1.000000, 2, 16.443310, 31273.120267, 31273.120267
Z3, 22, 3, 720, 10520.000000, 0.151044, 69648.579222, 69664.000000, 1.000000, 2, 16.443310, 31475.294967, 31475.294967
Z3, 23, 3, 720, 15288.000000, 0.150960, 101271.860095, 101920.000000, 1.000000, 2, 16.443310, 37799.951142, 37799.951142
Z3, 24, 3, 720, 16344.000000, 0.151011, 108230.526253, 108232.000000, 1.000000, 2, 16.443310, 39191.684374, 39191.684374
Z3, 25, 3, 720, 9016.000000, 0.151038, 59693.587044, 59704.000000, 1.000000, 2, 16.443310, 29484.296532, 29484.296532
Z3, 26, 3, 720, 13800.000000, 0.151066, 91350.800312, 91384.000000, 1.000000, 2, 16.443310, 35815.739185, 35815.739185
Z3, 27, 3, 720, 17664.000000, 0.152503, 115827.229628, 116208.000000, 1.000000, 2, 16.443310, 40711.025049, 40711.025049
Z3, 28, 3, 720, 10240.000000, 0.151055, 67789.877859, 67808.000000, 1.000000, 2, 16.443310, 31103.554695, 31103.554695
Z3, 29, 3, 720, 8424.000000, 0.150910, 55821.350474, 56160.000000, 1.000000, 2, 16.443310, 28709.849218, 28709.849218
Z3, 30, 3, 720, 6376.000000, 0.151034, 42215.660050, 42224.000000, 1.000000, 2, 16.443310, 25988.711133, 25988.711133
Z3, 31, 3, 720, 6872.000000, 0.150987, 45513.852186, 45808.000000, 1.000000, 2, 16.443310, 26648.349560, 26648.349560
Z3, 32, 3, 720, 6872.000000, 0.151027, 45501.797692, 45504.000000, 1.000000, 2, 16.443310, 26645.938661, 26645.938661
Z3, 33, 3, 720, 6376.000000, 0.151003, 42224.326669, 42224.000000, 1.000000, 2, 16.443310, 25990.444457, 25990.444457
Z3, 34, 3, 720, 6872.000000, 0.151013, 45506.016038, 45504.000000, 1.000000, 2, 16.443310, 26646.782331, 26646.782331
Z3, 35, 3, 720, 6872.000000, 0.151021, 45503.605459, 45504.000000, 1.000000, 2, 16.443310, 26646.300215, 26646.300215
Z3, 36, 3, 720, 6376.000000, 0.150982, 42230.199626, 42504.000000, 1.000000, 2, 16.443310, 25991.619048, 25991.619048
Z3, 37, 3, 720, 6872.000000, 0.150996, 45511.139368, 45808.000000, 1.000000, 2, 16.443310, 26647.806997, 26647.806997
Z3, 38, 3, 720, 6872.000000, 0.150978, 45516.565327, 45808.000000, 1.000000, 2, 16.443310, 26648.892188, 26648.892188
Z1, 0, 4, 720, 7200.000000, 0.472987, 15222.405690, 15248.000000, 1.000000, 2, 24.667577, 29693.373326, 29693.373326
Z2, 0, 4, 720, 6624.000000, 0.472715, 14012.671483, 14032.000000, 1.000000, 2, 24.667577, 29451.426485, 29451.426485
Z2, 1, 4, 720, 6648.000000, 0.150875, 44062.966031, 44320.000000, 1.000000, 2, 24.667577, 35461.485395, 35461.485395
Z2, 2, 4, 720, 7296.000000, 0.150944, 48335.806657, 48640.000000, 1.000000, 2, 24.667577, 36316.053520, 36316.053520
Z2, 3, 4, 720, 17272.000000, 0.150923, 114442.464038, 115144.000000, 1.000000, 2, 24.667577, 49537.384996, 49537.384996
Z2, 4, 4, 720, 22592.000000, 0.150950, 149665.452136, 150608.000000, 1.000000, 2, 24.667577, 56581.982616, 56581.982616
Z2, 5, 4, 720, 17472.000000, 0.151022, 115691.753519, 115704.000000, 1.000000, 2, 24.667577, 49787.242892, 49787.242892
Z2, 6, 4, 720, 6424.000000, 0.150838, 42588.737586, 42824.000000, 1.000000, 2, 24.667577, 35166.639706, 35166.639706
Z2, 7, 4, 720, 6872.000000, 0.150940, 45528.024381, 45808.000000, 1.000000, 2, 24.667577, 35754.497065, 35754.497065
Z3, 0, 4, 720, 6448.000000, 0.472967, 13633.086452, 13656.000000, 1.000000, 2, 24.667577, 29375.509479, 29375.509479
Z3, 1, 4, 720, 7448.000000, 0.150881, 49363.405598, 49648.000000, 1.000000, 2, 24.667577, 36521.573308, 36521.573308
Z3, 2, 4, 720, 7424.000000, 0.150960, 49178.590355, 49488.000000, 1.000000, 2, 24.667577, 36484.610259, 36484.610259
Z3, 3, 4, 720, 6648.000000, 0.150947, 44041.948498, 44320.000000, 1.000000, 2, 24.667577, 35457.281888, 35457.281888
Z3, 4, 4, 720, 7224.000000, 0.150958, 47854.370090, 48160.000000, 1.000000, 2, 24.667577, 36219.766206, 36219.766206
Z3, 5, 4, 720, 7240.000000, 0.150957, 47960.677544, 48264.000000, 1.000000, 2, 24.667577, 36241.027697, 36241.027697
Z3, 6, 4, 720, 6648.000000, 0.150856, 44068.515671, 44320.000000, 1.000000, 2, 24.667577, 35462.595323, 35462.595323
Z3, 7, 4, 720, 7232.000000, 0.150972, 47902.922396, 48208.000000, 1.000000, 2, 24.667577, 36229.476668, 36229.476668
Z3, 8, 4, 720, 7296.000000, 0.150944, 48335.806657, 48640.000000, 1.000000, 2, 24.667577, 36316.053520, 36316.053520
Z3, 9, 4, 720, 16456.000000, 0.151055, 108940.452153, 108976.000000, 1.000000, 2, 24.667577, 48436.982619, 48436.982619
Z3, 10, 4, 720, 25392.000000, 0.151028, 168127.764388, 168152.000000, 1.000000, 2, 24.667577, 60274.445066, 60274.445066
Z3, 11, 4, 720, 21592.000000, 0.151042, 142953.615551, 142992.000000, 1.000000, 2, 24.667577, 55239.615299, 55239.615299
Z3, 12, 4, 720, 13528.000000, 0.150994, 89592.963959, 90184.000000, 1.000000, 2, 24.667577, 44567.484980, 44567.484980
Z3, 13, 4, 720, 29512.000000, 0.150987, 195460.536338, 196744.000000, 1.000000, 2, 24.667577, 65740.999456, 65740.999456
Z3, 14, 4, 720, 29688.000000, 0.151066, 196523.373890, 196608.000000, 1.000000, 2, 24.667577, 65953.566966, 65953.566966
Z3, 15, 4, 720, 16760.000000, 0.150914, 111056.628278, 111728.000000, 1.000000, 2, 24.667577, 48860.217844, 48860.217844
Z3, 16, 4, 720, 33128.000000, 0.151085, 219267.299864, 219384.000000, 1.000000, 2, 24.667577, 70502.352161, 70502.352161
Z3, 17, 4, 720, 26248.000000, 0.151014, 173811.699578, 173824.000000, 1.000000, 2, 24.667577, 61411.232104, 61411.232104
Z3, 18, 4, 720, 26240.000000, 0.151093, 173667.873429, 173768.000000, 1.000000, 2, 24.667577, 61382.466874, 61382.466874
Z3, 19, 4, 720, 14624.000000, 0.150990, 96854.096298, 97488.000000, 1.000000, 2, 24.667577, 46019.711448, 46019.711448
Z3, 20, 4, 720, 26816.000000, 0.151012, 177575.292030, 177584.000000, 1.000000, 2, 24.667577, 62163.950594, 62163.950594
Z3, 21, 4, 720, 23128.000000, 0.151047, 153117.903699, 153160.000000, 1.000000, 2, 24.667577, 57272.472928, 57272.472928
Z3, 22, 4, 720, 19440.000000, 0.151028, 128717.853643, 128736.000000, 1.000000, 2, 24.667577, 52392.462917, 52392.462917
Z3, 23, 4, 720, 29088.000000, 0.151128, 192472.606003, 192632.000000, 1.000000, 2, 24.667577, 65143.413389, 65143.413389
Z3, 24, 4, 720, 29840.000000, 0.151021, 197588.414856, 197608.000000, 1.000000, 2, 24.667577, 66166.575160, 66166.575160
Z3, 25, 4, 720, 17200.000000, 0.151017, 113894.462213, 113904.000000, 1.000000, 2, 24.667577, 49427.784631, 49427.784631
Z3, 26, 4, 720, 25664.000000, 0.151073, 169878.138383, 169960.000000, 1.000000, 2, 24.667577, 60624.519865, 60624.519865
Z3, 27, 4, 720, 26808.000000, 0.150974, 177566.998291, 178720.000000, 1.000000, 2, 24.667577, 62162.291847, 62162.291847
Z3, 28, 4, 720, 12720.000000, 0.150947, 84267.988102, 84800.000000, 1.000000, 2, 24.667577, 43502.489809, 43502.489809
Z3, 29, 4, 720, 11496.000000, 0.150984, 76140.518201, 76640.000000, 1.000000, 2, 24.667577, 41876.995829, 41876.995829
Z3, 30, 4, 720, 6448.000000, 0.150928, 42722.357680, 42984.000000, 1.000000, 2, 24.667577, 35193.363725, 35193.363725
Z3, 31, 4, 720, 7200.000000, 0.150952, 47697.281255, 48000.000000, 1.000000, 2, 24.667577, 36188.348439, 36188.348439
Z3, 32, 4, 720, 7520.000000, 0.150962, 49813.860442, 50128.000000, 1.000000, 2, 24.667577, 36611.664277, 36611.664277
Z3, 33, 4, 720, 6728.000000, 0.150950, 44571.050017, 44848.000000, 1.000000, 2, 24.667577, 35563.102192, 35563.102192
Z3, 34, 4, 720, 7224.000000, 0.150918, 47867.053632, 48160.000000, 1.000000, 2, 24.667577, 36222.302915, 36222.302915
Z3, 35, 4, 720, 7256.000000, 0.150920, 48078.452160, 48368.000000, 1.000000, 2, 24.667577, 36264.582620, 36264.582620
Z3, 36, 4, 720, 6544.000000, 0.150920, 43360.720912, 43624.000000, 1.000000, 2, 24.667577, 35321.036371, 35321.036371
Z3, 37, 4, 720, 12272.000000, 0.151019, 81261.298247, 81264.000000, 1.000000, 2, 24.667577, 42901.151838, 42901.151838
Z3, 38, 4, 720, 8544.000000, 0.150857, 56636.417269, 56960.000000, 1.000000, 2, 24.667577, 37976.175642, 37976.175642
Z1, 0, 5, 720, 20272.000000, 0.472830, 42873.760125, 42944.000000, 1.000000, 2, 32.888020, 46550.927667, 46550.927667
Z2, 0, 5, 720, 6624.000000, 0.473871, 13978.487816, 14000.000000, 1.000000, 2, 32.888020, 40771.873206, 40771.873206
Z2, 1, 5, 720, 7616.000000, 0.150933, 50459.475396, 50768.000000, 1.000000, 2, 32.888020, 48068.070722, 48068.070722
Z2, 2, 5, 720, 8792.000000, 0.150971, 58236.350027, 58608.000000, 1.000000, 2, 32.888020, 49623.445648, 49623.445648
Z2, 3, 5, 720, 8816.000000, 0.151021, 58375.987445, 58384.000000, 1.000000, 2, 32.888020, 49651.373131, 49651.373131
Z2, 4, 5, 720, 14976.000000, 0.151083, 99124.322392, 99176.000000, 1.000000, 2, 32.888020, 57801.040121, 57801.040121
Z2, 5, 5, 720, 25312.000000, 0.151096, 167522.634616, 167624.000000, 1.000000, 2, 32.888020, 71480.702566, 71480.702566
Z2, 6, 5, 720, 13208.000000, 0.151004, 87467.881646, 87464.000000, 1.000000, 2, 32.888020, 55469.751971, 55469.751971
Z2, 7, 5, 720, 16320.000000, 0.151097, 108010.086236, 108072.000000, 1.000000, 2, 32.888020, 59578.192890, 59578.192890
Z3, 0, 5, 720, 7712.000000, 0.473378, 16291.420387, 16304.000000, 1.000000, 2, 32.888020, 41234.459720, 41234.459720
Z3, 1, 5, 720, 9624.000000, 0.150874, 63788.326683, 64160.000000, 1.000000, 2, 32.888020, 50733.840979, 50733.840979
Z3, 2, 5, 720, 9096.000000, 0.150968, 60251.179058, 60640.000000, 1.000000, 2, 32.888020, 50026.411454, 50026.411454
Z3, 3, 5, 720, 7632.000000, 0.150963, 50555.434113, 50880.000000, 1.000000, 2, 32.888020, 48087.262465, 48087.262465
Z3, 4, 5, 720, 8304.000000, 0.150955, 55009.771124, 55360.000000, 1.000000, 2, 32.888020, 48978.129867, 48978.129867
Z3, 5, 5, 720, 8504.000000, 0.150964, 56331.310776, 56688.000000, 1.000000, 2, 32.888020, 49242.437798, 49242.437798
Z3, 6, 5, 720, 7384.000000, 0.150944, 48918.804325, 49224.000000, 1.000000, 2, 32.888020, 47759.936507, 47759.936507
Z3, 7, 5, 720, 8968.000000, 0.150949, 59410.794374, 59784.000000, 1.000000, 2, 32.888020, 49858.334517, 49858.334517
Z3, 8, 5, 720, 8912.000000, 0.150958, 59036.288239, 59408.000000, 1.000000, 2, 32.888020, 49783.433290, 49783.433290
Z3, 9, 5, 720, 16688.000000, 0.151092, 110449.262701, 110512.000000, 1.000000, 2, 32.888020, 60066.028182, 60066.028182
Z3, 10, 5, 720, 23832.000000, 0.151125, 157697.270471, 157824.000000, 1.000000, 2, 32.888020, 69515.629737, 69515.629737
Z3, 11, 5, 720, 21144.000000, 0.151032, 139996.821866, 140024.000000, 1.000000, 2, 32.888020, 65975.540015, 65975.540015
Z3, 12, 5, 720, 14272.000000, 0.150919, 94567.284437, 95144.000000, 1.000000, 2, 32.888020, 56889.632530, 56889.632530
Z3, 13, 5, 720, 27640.000000, 0.151097, 182928.847032, 183040.000000, 1.000000, 2, 32.888020, 74561.945049, 74561.945049
Z3, 14, 5, 720, 33288.000000, 0.151056, 220368.605021, 220448.000000, 1.000000, 2, 32.888020, 82049.896646, 82049.896646
Z3, 15, 5, 720, 17576.000000, 0.150949, 116436.677288, 117168.000000, 1.000000, 2, 32.888020, 61263.511100, 61263.511100
Z3, 16, 5, 720, 34872.000000, 0.151122, 230753.960376, 230936.000000, 1.000000, 2, 32.888020, 84126.967718, 84126.967718
Z3, 17, 5, 720, 27336.000000, 0.151044, 180980.376579, 181032.000000, 1.000000, 2, 32.888020, 74172.250958, 74172.250958
Z3, 18, 5, 720, 18312.000000, 0.150914, 121340.631088, 122080.000000, 1.000000, 2, 32.888020, 62244.301860, 62244.301860
Z3, 19, 5, 720, 41432.000000, 0.151018, 274351.401820, 274384.000000, 1.000000, 2, 32.888020, 92846.456006, 92846.456006
Z3, 20, 5, 720, 36760.000000, 0.151092, 243295.475604, 243440.000000, 1.000000, 2, 32.888020, 86635.270763, 86635.270763
Z3, 21, 5, 720, 21272.000000, 0.151017, 140858.313965, 140872.000000, 1.000000, 2, 32.888020, 66147.838435, 66147.838435
Z3, 22, 5, 720, 43464.000000, 0.151109, 287633.430173, 287840.000000, 1.000000, 2, 32.888020, 95502.861677, 95502.861677
Z3, 23, 5, 720, 42000.000000, 0.151174, 277825.552013, 278144.000000, 1.000000, 2, 32.888020, 93541.286045, 93541.286045
Z3, 24, 5, 720, 20304.000000, 0.150979, 134482.278992, 135360.000000, 1.000000, 2, 32.888020, 64872.631441, 64872.631441
Z3, 25, 5, 720, 32736.000000, 0.151127, 216612.517948, 216792.000000, 1.000000, 2, 32.888020, 81298.679232, 81298.679232
Z3, 26, 5, 720, 34608.000000, 0.151114, 229019.151104, 229192.000000, 1.000000, 2, 32.888020, 83780.005863, 83780.005863
Z3, 27, 5, 720, 21272.000000, 0.150999, 140875.105133, 141808.000000, 1.000000, 2, 32.888020, 66151.196669, 66151.196669
Z3, 28, 5, 720, 8752.000000, 0.150990, 57964.103583, 58344.000000, 1.000000, 2, 32.888020, 49568.996359, 49568.996359
Z3, 29, 5, 720, 12760.000000, 0.151044, 84478.694950, 84496.000000, 1.000000, 2, 32.888020, 54871.914632, 54871.914632
Z3, 30, 5, 720, 15440.000000, 0.151086, 102193.452736, 102248.000000, 1.000000, 2, 32.888020, 58414.866189, 58414.866189
Z3, 31, 5, 720, 10000.000000, 0.151049, 66203.682249, 66224.000000, 1.000000, 2, 32.888020, 51216.912092, 51216.912092
Z3, 32, 5, 720, 15200.000000, 0.151017, 100650.920095, 100656.000000, 1.000000, 2, 32.888020, 58106.359661, 58106.359661
Z3, 33, 5, 720, 18352.000000, 0.151084, 121468.851765, 121536.000000, 1.000000, 2, 32.888020, 62269.945995, 62269.945995
Z3, 34, 5, 720, 11224.000000, 0.151052, 74305.537166, 74328.000000, 1.000000, 2, 32.888020, 52837.283076, 52837.283076
Z3, 35, 5, 720, 23240.000000, 0.151087, 153818.660772, 153904.000000, 1.000000, 2, 32.888020, 68739.907797, 68739.907797
Z3, 36, 5, 720, 16824.000000, 0.150952, 111452.647199, 112160.000000, 1.000000, 2, 32.888020, 60266.705082, 60266.705082
Z3, 37, 5, 720, 9680.000000, 0.151044, 64087.285824, 64104.000000, 1.000000, 2, 32.888020, 50793.632807, 50793.632807
Z3, 38, 5, 720, 12888.000000, 0.151044, 85326.130134, 85344.000000, 1.000000, 2, 32.888020, 55041.401669, 55041.401669
