Zone, Tile_no, Seg_no, Reso, Seg_d_size, Seg_d_time, Bitrate, Bitrate1, Buf_lev, Buf_limit, Elapsed, Ref_vp, Local_avg
Z1, 0, 1, 720, 9960.000000, 0.017361, 573699.671678, 585880.000000, 1.000000, 2, 0.000067, 573699.671678, 573699.671678
Z2, 0, 1, 720, 8952.000000, 0.023002, 389183.549257, 389216.000000, 1.000000, 2, 0.000067, 194591.774628, 194591.774628
Z2, 1, 1, 720, 5424.000000, 0.000854, 6351288.056206, 5424000.000000, 1.000000, 2, 0.000067, 2117096.018735, 2117096.018735
Z2, 2, 1, 720, 7080.000000, 0.001078, 6567717.996289, 7080000.000000, 1.000000, 2, 0.000067, 1641929.499072, 1641929.499072
Z2, 3, 1, 720, 18976.000000, 0.001017, 18658800.393314, 18976000.000000, 1.000000, 2, 0.000067, 3731760.078663, 3731760.078663
Z2, 4, 1, 720, 8720.000000, 0.000874, 9977116.704805, 8720000.000000, 1.000000, 2, 0.000067, 1995423.340961, 1995423.340961
Z2, 5, 1, 720, 8336.000000, 0.000893, 9334826.427772, 8336000.000000, 1.000000, 2, 0.000067, 1866965.285554, 1866965.285554
Z2, 6, 1, 720, 6376.000000, 0.000929, 6863293.864370, 6376000.000000, 1.000000, 2, 0.000067, 1372658.772874, 1372658.772874
Z2, 7, 1, 720, 6872.000000, 0.000978, 7026584.867076, 6872000.000000, 1.000000, 2, 0.000067, 1405316.973415, 1405316.973415
Z3, 0, 1, 720, 7080.000000, 0.028444, 248910.139221, 252856.000000, 1.000000, 2, 0.000067, 49782.027844, 49782.027844
Z3, 1, 1, 720, 7080.000000, 0.000938, 7547974.413646, 7080000.000000, 1.000000, 2, 0.000067, 1509594.882729, 1509594.882729
Z3, 2, 1, 720, 5664.000000, 0.000810, 6992592.592593, 5664000.000000, 1.000000, 2, 0.000067, 1398518.518519, 1398518.518519
Z3, 3, 1, 720, 7080.000000, 0.000880, 8045454.545455, 7080000.000000, 1.000000, 2, 0.000067, 1609090.909091, 1609090.909091
Z3, 4, 1, 720, 7080.000000, 0.000864, 8194444.444444, 7080000.000000, 1.000000, 2, 0.000067, 1638888.888889, 1638888.888889
Z3, 5, 1, 720, 5664.000000, 0.000930, 6090322.580645, 5664000.000000, 1.000000, 2, 0.000067, 1218064.516129, 1218064.516129
Z3, 6, 1, 720, 7080.000000, 0.000901, 7857935.627081, 7080000.000000, 1.000000, 2, 0.000067, 1571587.125416, 1571587.125416
Z3, 7, 1, 720, 7080.000000, 0.000864, 8194444.444444, 7080000.000000, 1.000000, 2, 0.000067, 1638888.888889, 1638888.888889
Z3, 8, 1, 720, 5664.000000, 0.000854, 6632318.501171, 5664000.000000, 1.000000, 2, 0.000067, 1326463.700234, 1326463.700234
Z3, 9, 1, 720, 7080.000000, 0.000861, 8222996.515679, 7080000.000000, 1.000000, 2, 0.000067, 1644599.303136, 1644599.303136
Z3, 10, 1, 720, 12904.000000, 0.000950, 13583157.894737, 12904000.000000, 1.000000, 2, 0.000067, 2716631.578947, 2716631.578947
Z3, 11, 1, 720, 17344.000000, 0.000947, 18314677.930306, 17344000.000000, 1.000000, 2, 0.000067, 3662935.586061, 3662935.586061
Z3, 12, 1, 720, 16912.000000, 0.000922, 18342733.188720, 16912000.000000, 1.000000, 2, 0.000067, 3668546.637744, 3668546.637744
Z3, 13, 1, 720, 13240.000000, 0.000908, 14581497.797357, 13240000.000000, 1.000000, 2, 0.000067, 2916299.559471, 2916299.559471
Z3, 14, 1, 720, 28328.000000, 0.001078, 26278293.135436, 28328000.000000, 1.000000, 2, 0.000067, 5255658.627087, 5255658.627087
Z3, 15, 1, 720, 30528.000000, 0.000959, 31833159.541189, 30528000.000000, 1.000000, 2, 0.000067, 6366631.908238, 6366631.908238
Z3, 16, 1, 720, 16360.000000, 0.000903, 18117386.489480, 16360000.000000, 1.000000, 2, 0.000067, 3623477.297896, 3623477.297896
Z3, 17, 1, 720, 33216.000000, 0.000955, 34781151.832461, 33216000.000000, 1.000000, 2, 0.000067, 6956230.366492, 6956230.366492
Z3, 18, 1, 720, 28000.000000, 0.001036, 27027027.027027, 28000000.000000, 1.000000, 2, 0.000067, 5405405.405405, 5405405.405405
Z3, 19, 1, 720, 15744.000000, 0.008429, 1867837.228615, 1968000.000000, 1.000000, 2, 0.000067, 373567.445723, 373567.445723
Z3, 20, 1, 720, 16024.000000, 0.000816, 19637254.901961, 16024000.000000, 1.000000, 2, 0.000067, 3927450.980392, 3927450.980392
Z3, 21, 1, 720, 11576.000000, 0.001345, 8606691.449814, 11576000.000000, 1.000000, 2, 0.000067, 1721338.289963, 1721338.289963
Z3, 22, 1, 720, 10816.000000, 0.000876, 12347031.963470, 10816000.000000, 1.000000, 2, 0.000067, 2469406.392694, 2469406.392694
Z3, 23, 1, 720, 13224.000000, 0.001382, 9568740.955137, 13224000.000000, 1.000000, 2, 0.000067, 1913748.191027, 1913748.191027
Z3, 24, 1, 720, 17528.000000, 0.001005, 17440796.019900, 17528000.000000, 1.000000, 2, 0.000067, 3488159.203980, 3488159.203980
Z3, 25, 1, 720, 23824.000000, 0.001070, 22265420.560748, 23824000.000000, 1.000000, 2, 0.000067, 4453084.112150, 4453084.112150
Z3, 26, 1, 720, 11024.000000, 0.001042, 10579654.510557, 11024000.000000, 1.000000, 2, 0.000067, 2115930.902111, 2115930.902111
Z3, 27, 1, 720, 15112.000000, 0.000948, 15940928.270042, 15112000.000000, 1.000000, 2, 0.000067, 3188185.654008, 3188185.654008
Z3, 28, 1, 720, 24552.000000, 0.000907, 27069459.757442, 24552000.000000, 1.000000, 2, 0.000067, 5413891.951488, 5413891.951488
Z3, 29, 1, 720, 10824.000000, 0.001068, 10134831.460674, 10824000.000000, 1.000000, 2, 0.000067, 2026966.292135, 2026966.292135
Z3, 30, 1, 720, 6872.000000, 0.000807, 8515489.467162, 6872000.000000, 1.000000, 2, 0.000067, 1703097.893432, 1703097.893432
Z3, 31, 1, 720, 6872.000000, 0.000826, 8319612.590799, 6872000.000000, 1.000000, 2, 0.000067, 1663922.518160, 1663922.518160
Z3, 32, 1, 720, 6376.000000, 0.000977, 6526100.307062, 6376000.000000, 1.000000, 2, 0.000067, 1305220.061412, 1305220.061412
Z3, 33, 1, 720, 6872.000000, 0.000810, 8483950.617284, 6872000.000000, 1.000000, 2, 0.000067, 1696790.123457, 1696790.123457
Z3, 34, 1, 720, 6872.000000, 0.000784, 8765306.122449, 6872000.000000, 1.000000, 2, 0.000067, 1753061.224490, 1753061.224490
Z3, 35, 1, 720, 6376.000000, 0.000858, 7431235.431235, 6376000.000000, 1.000000, 2, 0.000067, 1486247.086247, 1486247.086247
Z3, 36, 1, 720, 6872.000000, 0.000815, 8431901.840491, 6872000.000000, 1.000000, 2, 0.000067, 1686380.368098, 1686380.368098
Z3, 37, 1, 720, 6872.000000, 0.000802, 8568578.553616, 6872000.000000, 1.000000, 2, 0.000067, 1713715.710723, 1713715.710723
Z3, 38, 1, 720, 6376.000000, 0.000805, 7920496.894410, 6376000.000000, 1.000000, 2, 0.000067, 1584099.378882, 1584099.378882
Z1, 0, 2, 4K, 33112.000000, 0.022620, 1463837.312113, 1505088.000000, 1.876282, 2, 0.123785, 1876866.841305, 1876866.841305
Z2, 0, 2, 4K, 6624.000000, 0.024817, 266913.809082, 276000.000000, 1.876282, 2, 0.123785, 1637482.140698, 1637482.140698
Z2, 1, 2, 4K, 9736.000000, 0.001306, 7454823.889740, 9736000.000000, 1.876282, 2, 0.123785, 3075064.156830, 3075064.156830
Z2, 2, 2, 4K, 9976.000000, 0.001014, 9838264.299803, 9976000.000000, 1.876282, 2, 0.123785, 3551752.238843, 3551752.238843
Z2, 3, 2, 4K, 38152.000000, 0.001016, 37551181.102362, 38152000.000000, 1.876282, 2, 0.123785, 9094335.599354, 9094335.599354
Z2, 4, 2, 4K, 53912.000000, 0.001049, 51393708.293613, 53912000.000000, 1.876282, 2, 0.123785, 11862841.037605, 11862841.037605
Z2, 5, 2, 4K, 24608.000000, 0.001453, 16935994.494150, 24608000.000000, 1.876282, 2, 0.123785, 4971298.277712, 4971298.277712
Z2, 6, 2, 4K, 10280.000000, 0.001042, 9865642.994242, 10280000.000000, 1.876282, 2, 0.123785, 3557227.977730, 3557227.977730
Z2, 7, 2, 4K, 10280.000000, 0.001308, 7859327.217125, 10280000.000000, 1.876282, 2, 0.123785, 3155964.822307, 3155964.822307
Z3, 0, 2, 4K, 9976.000000, 0.021662, 460529.960299, 475040.000000, 1.876282, 2, 0.123785, 1676205.370942, 1676205.370942
Z3, 1, 2, 4K, 9976.000000, 0.000911, 10950603.732162, 9976000.000000, 1.876282, 2, 0.123785, 3774220.125314, 3774220.125314
Z3, 2, 2, 4K, 9976.000000, 0.000839, 11890345.649583, 9976000.000000, 1.876282, 2, 0.123785, 3962168.508799, 3962168.508799
Z3, 3, 2, 4K, 9976.000000, 0.001029, 9694849.368319, 9976000.000000, 1.876282, 2, 0.123785, 3523069.252546, 3523069.252546
Z3, 4, 2, 4K, 9976.000000, 0.000854, 11681498.829040, 9976000.000000, 1.876282, 2, 0.123785, 3920399.144690, 3920399.144690
Z3, 5, 2, 4K, 9976.000000, 0.000848, 11764150.943396, 9976000.000000, 1.876282, 2, 0.123785, 3936929.567561, 3936929.567561
Z3, 6, 2, 4K, 9976.000000, 0.000803, 12423412.204234, 9976000.000000, 1.876282, 2, 0.123785, 4068781.819729, 4068781.819729
Z3, 7, 2, 4K, 9976.000000, 0.000841, 11862068.965517, 9976000.000000, 1.876282, 2, 0.123785, 3956513.171985, 3956513.171985
Z3, 8, 2, 4K, 9976.000000, 0.000942, 10590233.545648, 9976000.000000, 1.876282, 2, 0.123785, 3702146.088011, 3702146.088011
Z3, 9, 2, 4K, 9976.000000, 0.000898, 11109131.403118, 9976000.000000, 1.876282, 2, 0.123785, 3805925.659506, 3805925.659506
Z3, 10, 2, 4K, 40320.000000, 0.000902, 44700665.188470, 40320000.000000, 1.876282, 2, 0.123785, 10524232.416576, 10524232.416576
Z3, 11, 2, 4K, 25056.000000, 0.001080, 23200000.000000, 25056000.000000, 1.876282, 2, 0.123785, 6224099.378882, 6224099.378882
Z3, 12, 2, 4K, 28696.000000, 0.001019, 28160942.100098, 28696000.000000, 1.876282, 2, 0.123785, 7216287.798902, 7216287.798902
Z3, 13, 2, 4K, 25792.000000, 0.001004, 25689243.027888, 25792000.000000, 1.876282, 2, 0.123785, 6721947.984460, 6721947.984460
Z3, 14, 2, 4K, 40168.000000, 0.001000, 40168000.000000, 40168000.000000, 1.876282, 2, 0.123785, 9617699.378882, 9617699.378882
Z3, 15, 2, 4K, 41448.000000, 0.001069, 38772684.752105, 41448000.000000, 1.876282, 2, 0.123785, 9338636.329303, 9338636.329303
Z3, 16, 2, 4K, 44560.000000, 0.001021, 43643486.777669, 44560000.000000, 1.876282, 2, 0.123785, 10312796.734416, 10312796.734416
Z3, 17, 2, 4K, 39312.000000, 0.000970, 40527835.051546, 39312000.000000, 1.876282, 2, 0.123785, 9689666.389191, 9689666.389191
Z3, 18, 2, 4K, 31560.000000, 0.001176, 26836734.693878, 31560000.000000, 1.876282, 2, 0.123785, 6951446.317657, 6951446.317657
Z3, 19, 2, 4K, 29312.000000, 0.001066, 27497185.741088, 29312000.000000, 1.876282, 2, 0.123785, 7083536.527100, 7083536.527100
Z3, 20, 2, 4K, 35968.000000, 0.001065, 33772769.953052, 35968000.000000, 1.876282, 2, 0.123785, 8338653.369492, 8338653.369492
Z3, 21, 2, 4K, 35592.000000, 0.000922, 38603036.876356, 35592000.000000, 1.876282, 2, 0.123785, 9304706.754153, 9304706.754153
Z3, 22, 2, 4K, 42440.000000, 0.001109, 38268710.550045, 42440000.000000, 1.876282, 2, 0.123785, 9237841.488891, 9237841.488891
Z3, 23, 2, 4K, 61624.000000, 0.001207, 51055509.527755, 61624000.000000, 1.876282, 2, 0.123785, 11795201.284433, 11795201.284433
Z3, 24, 2, 4K, 64952.000000, 0.001196, 54307692.307692, 64952000.000000, 1.876282, 2, 0.123785, 12445637.840420, 12445637.840420
Z3, 25, 2, 4K, 73400.000000, 0.001447, 50725639.253628, 73400000.000000, 1.876282, 2, 0.123785, 11729227.229608, 11729227.229608
Z3, 26, 2, 4K, 52792.000000, 0.001154, 45746967.071057, 52792000.000000, 1.876282, 2, 0.123785, 10733492.793093, 10733492.793093
Z3, 27, 2, 4K, 67272.000000, 0.001166, 57694682.675815, 67272000.000000, 1.876282, 2, 0.123785, 13123035.914045, 13123035.914045
Z3, 28, 2, 4K, 64968.000000, 0.001242, 52309178.743961, 64968000.000000, 1.876282, 2, 0.123785, 12045935.127674, 12045935.127674
Z3, 29, 2, 4K, 52408.000000, 0.001185, 44226160.337553, 52408000.000000, 1.876282, 2, 0.123785, 10429331.446393, 10429331.446393
Z3, 30, 2, 4K, 10280.000000, 0.001219, 8433141.919606, 10280000.000000, 1.876282, 2, 0.123785, 3270727.762803, 3270727.762803
Z3, 31, 2, 4K, 10280.000000, 0.000926, 11101511.879050, 10280000.000000, 1.876282, 2, 0.123785, 3804401.754692, 3804401.754692
Z3, 32, 2, 4K, 10280.000000, 0.000965, 10652849.740933, 10280000.000000, 1.876282, 2, 0.123785, 3714669.327069, 3714669.327069
Z3, 33, 2, 4K, 10280.000000, 0.000966, 10641821.946170, 10280000.000000, 1.876282, 2, 0.123785, 3712463.768116, 3712463.768116
Z3, 34, 2, 4K, 10280.000000, 0.000824, 12475728.155340, 10280000.000000, 1.876282, 2, 0.123785, 4079245.009950, 4079245.009950
Z3, 35, 2, 4K, 10280.000000, 0.000782, 13145780.051151, 10280000.000000, 1.876282, 2, 0.123785, 4213255.389112, 4213255.389112
Z3, 36, 2, 4K, 10280.000000, 0.000787, 13062261.753494, 10280000.000000, 1.876282, 2, 0.123785, 4196551.729581, 4196551.729581
Z3, 37, 2, 4K, 10280.000000, 0.000901, 11409544.950055, 10280000.000000, 1.876282, 2, 0.123785, 3866008.368893, 3866008.368893
Z3, 38, 2, 4K, 10280.000000, 0.001007, 10208540.218471, 10280000.000000, 1.876282, 2, 0.123785, 3625807.422576, 3625807.422576
Z1, 0, 3, 4K, 37368.000000, 0.020249, 1845424.465406, 1868400.000000, 1.754069, 2, 0.245998, 3994892.315657, 3994892.315657
Z2, 0, 3, 4K, 6624.000000, 0.021542, 307492.340544, 315424.000000, 1.754069, 2, 0.245998, 3687305.890685, 3687305.890685
Z2, 1, 3, 4K, 9736.000000, 0.000893, 10902575.587906, 9736000.000000, 1.754069, 2, 0.245998, 5806322.540157, 5806322.540157
Z2, 2, 3, 4K, 9976.000000, 0.001060, 9411320.754717, 9976000.000000, 1.754069, 2, 0.245998, 5508071.573520, 5508071.573520
Z2, 3, 3, 4K, 41472.000000, 0.001247, 33257417.802727, 41472000.000000, 1.754069, 2, 0.245998, 10277290.983121, 10277290.983121
Z2, 4, 3, 4K, 64608.000000, 0.001217, 53087921.117502, 64608000.000000, 1.754069, 2, 0.245998, 14243391.646077, 14243391.646077
Z2, 5, 3, 4K, 26312.000000, 0.000948, 27755274.261603, 26312000.000000, 1.754069, 2, 0.245998, 9176862.274897, 9176862.274897
Z2, 6, 3, 4K, 10280.000000, 0.000857, 11995332.555426, 10280000.000000, 1.754069, 2, 0.245998, 6024873.933661, 6024873.933661
Z2, 7, 3, 4K, 10280.000000, 0.004607, 2231387.019753, 2570000.000000, 1.754069, 2, 0.245998, 4072084.826527, 4072084.826527
Z3, 0, 3, 4K, 9976.000000, 0.022941, 434854.627087, 453448.000000, 1.754069, 2, 0.245998, 3712778.347994, 3712778.347994
Z3, 1, 3, 4K, 9976.000000, 0.001027, 9713729.308666, 9976000.000000, 1.754069, 2, 0.245998, 5568553.284309, 5568553.284309
Z3, 2, 3, 4K, 9976.000000, 0.000931, 10715359.828142, 9976000.000000, 1.754069, 2, 0.245998, 5768879.388204, 5768879.388204
Z3, 3, 3, 4K, 9976.000000, 0.004483, 2225295.561008, 2494000.000000, 1.754069, 2, 0.245998, 4070866.534778, 4070866.534778
Z3, 4, 3, 4K, 9976.000000, 0.000888, 11234234.234234, 9976000.000000, 1.754069, 2, 0.245998, 5872654.269423, 5872654.269423
Z3, 5, 3, 4K, 9976.000000, 0.000920, 10843478.260870, 9976000.000000, 1.754069, 2, 0.245998, 5794503.074750, 5794503.074750
Z3, 6, 3, 4K, 9976.000000, 0.001058, 9429111.531191, 9976000.000000, 1.754069, 2, 0.245998, 5511629.728814, 5511629.728814
Z3, 7, 3, 4K, 9976.000000, 0.000826, 12077481.840194, 9976000.000000, 1.754069, 2, 0.245998, 6041303.790615, 6041303.790615
Z3, 8, 3, 4K, 9976.000000, 0.000781, 12773367.477593, 9976000.000000, 1.754069, 2, 0.245998, 6180480.918095, 6180480.918095
Z3, 9, 3, 4K, 9976.000000, 0.000715, 13952447.552448, 9976000.000000, 1.754069, 2, 0.245998, 6416296.933066, 6416296.933066
Z3, 10, 3, 4K, 46944.000000, 0.001066, 44037523.452158, 46944000.000000, 1.754069, 2, 0.245998, 12433312.113008, 12433312.113008
Z3, 11, 3, 4K, 25776.000000, 0.000923, 27926327.193933, 25776000.000000, 1.754069, 2, 0.245998, 9211072.861363, 9211072.861363
Z3, 12, 3, 4K, 29160.000000, 0.000789, 36958174.904943, 29160000.000000, 1.754069, 2, 0.245998, 11017442.403565, 11017442.403565
Z3, 13, 3, 4K, 27488.000000, 0.000940, 29242553.191489, 27488000.000000, 1.754069, 2, 0.245998, 9474318.060874, 9474318.060874
Z3, 14, 3, 4K, 44488.000000, 0.000865, 51431213.872832, 44488000.000000, 1.754069, 2, 0.245998, 13912050.197143, 13912050.197143
Z3, 15, 3, 4K, 39320.000000, 0.000891, 44130190.796857, 39320000.000000, 1.754069, 2, 0.245998, 12451845.581948, 12451845.581948
Z3, 16, 3, 4K, 43888.000000, 0.001051, 41758325.404377, 43888000.000000, 1.754069, 2, 0.245998, 11977472.503451, 11977472.503451
Z3, 17, 3, 4K, 44080.000000, 0.000906, 48653421.633554, 44080000.000000, 1.754069, 2, 0.245998, 13356491.749287, 13356491.749287
Z3, 18, 3, 4K, 34432.000000, 0.000890, 38687640.449438, 34432000.000000, 1.754069, 2, 0.245998, 11363335.512464, 11363335.512464
Z3, 19, 3, 4K, 31336.000000, 0.000849, 36909305.064782, 31336000.000000, 1.754069, 2, 0.245998, 11007668.435533, 11007668.435533
Z3, 20, 3, 4K, 37168.000000, 0.000960, 38716666.666667, 37168000.000000, 1.754069, 2, 0.245998, 11369140.755909, 11369140.755909
Z3, 21, 3, 4K, 36888.000000, 0.000900, 40986666.666667, 36888000.000000, 1.754069, 2, 0.245998, 11823140.755909, 11823140.755909
Z3, 22, 3, 4K, 45448.000000, 0.001062, 42794726.930320, 45448000.000000, 1.754069, 2, 0.245998, 12184752.808640, 12184752.808640
Z3, 23, 3, 4K, 60880.000000, 0.001183, 51462383.770076, 60880000.000000, 1.754069, 2, 0.245998, 13918284.176591, 13918284.176591
Z3, 24, 3, 4K, 64936.000000, 0.001216, 53401315.789474, 64936000.000000, 1.754069, 2, 0.245998, 14306070.580471, 14306070.580471
Z3, 25, 3, 4K, 68152.000000, 0.001149, 59314186.248912, 68152000.000000, 1.754069, 2, 0.245998, 15488644.672359, 15488644.672359
Z3, 26, 3, 4K, 51256.000000, 0.000897, 57141583.054627, 51256000.000000, 1.754069, 2, 0.245998, 15054124.033501, 15054124.033501
Z3, 27, 3, 4K, 77296.000000, 0.001105, 69951131.221719, 77296000.000000, 1.754069, 2, 0.245998, 17616033.666920, 17616033.666920
Z3, 28, 3, 4K, 69656.000000, 0.001203, 57901911.886949, 69656000.000000, 1.754069, 2, 0.245998, 15206189.799966, 15206189.799966
Z3, 29, 3, 4K, 53752.000000, 0.001083, 49632502.308403, 53752000.000000, 1.754069, 2, 0.245998, 13552307.884257, 13552307.884257
Z3, 30, 3, 4K, 10280.000000, 0.000729, 14101508.916324, 10280000.000000, 1.754069, 2, 0.245998, 6446109.205841, 6446109.205841
Z3, 31, 3, 4K, 10280.000000, 0.001292, 7956656.346749, 10280000.000000, 1.754069, 2, 0.245998, 5217138.691926, 5217138.691926
Z3, 32, 3, 4K, 10280.000000, 0.000895, 11486033.519553, 10280000.000000, 1.754069, 2, 0.245998, 5923014.126487, 5923014.126487
Z3, 33, 3, 4K, 10280.000000, 0.000848, 12122641.509434, 10280000.000000, 1.754069, 2, 0.245998, 6050335.724463, 6050335.724463
Z3, 34, 3, 4K, 10280.000000, 0.000699, 14706723.891273, 10280000.000000, 1.754069, 2, 0.245998, 6567152.200831, 6567152.200831
Z3, 35, 3, 4K, 10280.000000, 0.000931, 11041890.440387, 10280000.000000, 1.754069, 2, 0.245998, 5834185.510653, 5834185.510653
Z3, 36, 3, 4K, 10288.000000, 0.000821, 12531059.683313, 10288000.000000, 1.754069, 2, 0.245998, 6132019.359239, 6132019.359239
Z3, 37, 3, 4K, 10280.000000, 0.000884, 11628959.276018, 10280000.000000, 1.754069, 2, 0.245998, 5951599.277780, 5951599.277780
Z3, 38, 3, 4K, 10280.000000, 0.001270, 8094488.188976, 10280000.000000, 1.754069, 2, 0.245998, 5244705.060371, 5244705.060371
Z1, 0, 4, 4K, 78920.000000, 0.023302, 3386833.748176, 3431304.000000, 1.632272, 2, 1.367795, 5922071.810007, 5922071.810007
Z2, 0, 4, 4K, 6624.000000, 0.025134, 263547.386011, 264960.000000, 1.632272, 2, 1.367795, 5297414.537574, 5297414.537574
Z2, 1, 4, 4K, 9856.000000, 0.000896, 11000000.000000, 9856000.000000, 1.632272, 2, 1.367795, 7444705.060371, 7444705.060371
Z2, 2, 4, 4K, 10000.000000, 0.001027, 9737098.344693, 10000000.000000, 1.632272, 2, 1.367795, 7192124.729310, 7192124.729310
Z2, 3, 4, 4K, 61192.000000, 0.001282, 47731669.266771, 61192000.000000, 1.632272, 2, 1.367795, 14791038.913726, 14791038.913726
Z2, 4, 4, 4K, 105968.000000, 0.001136, 93281690.140845, 105968000.000000, 1.632272, 2, 1.367795, 23901043.088540, 23901043.088540
Z2, 5, 4, 4K, 53008.000000, 0.003885, 13644272.844273, 17669328.000000, 1.632272, 2, 1.367795, 7973559.629226, 7973559.629226
Z2, 6, 4, 4K, 17976.000000, 0.001683, 10680926.916221, 17976000.000000, 1.632272, 2, 1.367795, 7380890.443616, 7380890.443616
Z2, 7, 4, 4K, 11688.000000, 0.000951, 12290220.820189, 11688000.000000, 1.632272, 2, 1.367795, 7702749.224409, 7702749.224409
Z3, 0, 4, 4K, 10160.000000, 0.024336, 417488.494412, 423328.000000, 1.632272, 2, 1.367795, 5328202.759254, 5328202.759254
Z3, 1, 4, 4K, 10112.000000, 0.001068, 9468164.794007, 10112000.000000, 1.632272, 2, 1.367795, 7138338.019173, 7138338.019173
Z3, 2, 4, 4K, 10000.000000, 0.001231, 8123476.848091, 10000000.000000, 1.632272, 2, 1.367795, 6869400.429990, 6869400.429990
Z3, 3, 4, 4K, 10000.000000, 0.000744, 13440860.215054, 10000000.000000, 1.632272, 2, 1.367795, 7932877.103382, 7932877.103382
Z3, 4, 4, 4K, 10000.000000, 0.000925, 10810810.810811, 10000000.000000, 1.632272, 2, 1.367795, 7406867.222534, 7406867.222534
Z3, 5, 4, 4K, 10000.000000, 0.001170, 8547008.547009, 10000000.000000, 1.632272, 2, 1.367795, 6954106.769773, 6954106.769773
Z3, 6, 4, 4K, 10400.000000, 0.000717, 14504881.450488, 10400000.000000, 1.632272, 2, 1.367795, 8145681.350469, 8145681.350469
Z3, 7, 4, 4K, 10000.000000, 0.000904, 11061946.902655, 10000000.000000, 1.632272, 2, 1.367795, 7457094.440902, 7457094.440902
Z3, 8, 4, 4K, 10000.000000, 0.001036, 9652509.652510, 10000000.000000, 1.632272, 2, 1.367795, 7175206.990873, 7175206.990873
Z3, 9, 4, 4K, 10016.000000, 0.001211, 8270850.536746, 10016000.000000, 1.632272, 2, 1.367795, 6898875.167721, 6898875.167721
Z3, 10, 4, 4K, 69528.000000, 0.001364, 50973607.038123, 69528000.000000, 1.632272, 2, 1.367795, 15439426.467996, 15439426.467996
Z3, 11, 4, 4K, 50216.000000, 0.001440, 34872222.222222, 50216000.000000, 1.632272, 2, 1.367795, 12219149.504816, 12219149.504816
Z3, 12, 4, 4K, 53360.000000, 0.001288, 41428571.428571, 53360000.000000, 1.632272, 2, 1.367795, 13530419.346086, 13530419.346086
Z3, 13, 4, 4K, 45608.000000, 0.001375, 33169454.545455, 45608000.000000, 1.632272, 2, 1.367795, 11878595.969462, 11878595.969462
Z3, 14, 4, 4K, 88024.000000, 0.001345, 65445353.159851, 88024000.000000, 1.632272, 2, 1.367795, 18333775.692342, 18333775.692342
Z3, 15, 4, 4K, 65880.000000, 0.001460, 45123287.671233, 65880000.000000, 1.632272, 2, 1.367795, 14269362.594618, 14269362.594618
Z3, 16, 4, 4K, 81544.000000, 0.001464, 55699453.551913, 81544000.000000, 1.632272, 2, 1.367795, 16384595.770754, 16384595.770754
Z3, 17, 4, 4K, 79088.000000, 0.001341, 58976882.923192, 79088000.000000, 1.632272, 2, 1.367795, 17040081.645010, 17040081.645010
Z3, 18, 4, 4K, 60616.000000, 0.001255, 48299601.593625, 60616000.000000, 1.632272, 2, 1.367795, 14904625.379097, 14904625.379097
Z3, 19, 4, 4K, 55928.000000, 0.001310, 42693129.770992, 55928000.000000, 1.632272, 2, 1.367795, 13783331.014570, 13783331.014570
Z3, 20, 4, 4K, 60512.000000, 0.001402, 43161198.288160, 60512000.000000, 1.632272, 2, 1.367795, 13876944.718003, 13876944.718003
Z3, 21, 4, 4K, 116408.000000, 0.001615, 72079256.965944, 116408000.000000, 1.632272, 2, 1.367795, 19660556.453560, 19660556.453560
Z3, 22, 4, 4K, 104248.000000, 0.001550, 67256774.193548, 104248000.000000, 1.632272, 2, 1.367795, 18696059.899081, 18696059.899081
Z3, 23, 4, 4K, 138368.000000, 0.001790, 77300558.659218, 138368000.000000, 1.632272, 2, 1.367795, 20704816.792215, 20704816.792215
Z3, 24, 4, 4K, 139408.000000, 0.001641, 84953077.391834, 139408000.000000, 1.632272, 2, 1.367795, 22235320.538738, 22235320.538738
Z3, 25, 4, 4K, 141032.000000, 0.001733, 81380265.435661, 141032000.000000, 1.632272, 2, 1.367795, 21520758.147504, 21520758.147504
Z3, 26, 4, 4K, 125672.000000, 0.001792, 70129464.285714, 125672000.000000, 1.632272, 2, 1.367795, 19270597.917514, 19270597.917514
Z3, 27, 4, 4K, 147320.000000, 0.001774, 83043968.432920, 147320000.000000, 1.632272, 2, 1.367795, 21853498.746955, 21853498.746955
Z3, 28, 4, 4K, 120984.000000, 0.001399, 86478913.509650, 120984000.000000, 1.632272, 2, 1.367795, 22540487.762301, 22540487.762301
Z3, 29, 4, 4K, 87456.000000, 0.001304, 67067484.662577, 87456000.000000, 1.632272, 2, 1.367795, 18658201.992887, 18658201.992887
Z3, 30, 4, 4K, 19872.000000, 0.001000, 19872000.000000, 19872000.000000, 1.632272, 2, 1.367795, 9219105.060371, 9219105.060371
Z3, 31, 4, 4K, 17320.000000, 0.001036, 16718146.718147, 17320000.000000, 1.632272, 2, 1.367795, 8588334.404001, 8588334.404001
Z3, 32, 4, 4K, 20880.000000, 0.001089, 19173553.719008, 20880000.000000, 1.632272, 2, 1.367795, 9079415.804173, 9079415.804173
Z3, 33, 4, 4K, 18648.000000, 0.000889, 20976377.952756, 18648000.000000, 1.632272, 2, 1.367795, 9439980.650923, 9439980.650923
Z3, 34, 4, 4K, 15368.000000, 0.000929, 16542518.837460, 15368000.000000, 1.632272, 2, 1.367795, 8553208.827863, 8553208.827863
Z3, 35, 4, 4K, 17240.000000, 0.000938, 18379530.916844, 17240000.000000, 1.632272, 2, 1.367795, 8920611.243740, 8920611.243740
Z3, 36, 4, 4K, 34944.000000, 0.000884, 39529411.764706, 34944000.000000, 1.632272, 2, 1.367795, 13150587.413313, 13150587.413313
Z3, 37, 4, 4K, 16344.000000, 0.000942, 17350318.471338, 16344000.000000, 1.632272, 2, 1.367795, 8714768.754639, 8714768.754639
Z3, 38, 4, 4K, 11896.000000, 0.000878, 13548974.943052, 11896000.000000, 1.632272, 2, 1.367795, 7954500.048982, 7954500.048982
Z1, 0, 5, 4K, 86352.000000, 0.018552, 4654592.496766, 4797328.000000, 1.495314, 2, 1.504753, 8885418.548335, 8885418.548335
Z2, 0, 5, 4K, 6624.000000, 0.024201, 273707.698029, 276000.000000, 1.495314, 2, 1.504753, 8009241.588588, 8009241.588588
Z2, 1, 5, 4K, 15440.000000, 0.001075, 14362790.697674, 15440000.000000, 1.495314, 2, 1.504753, 10827058.188517, 10827058.188517
Z2, 2, 5, 4K, 14656.000000, 0.001011, 14496538.081108, 14656000.000000, 1.495314, 2, 1.504753, 10853807.665203, 10853807.665203
Z2, 3, 5, 4K, 59096.000000, 0.001041, 56768491.834774, 59096000.000000, 1.495314, 2, 1.504753, 19308198.415937, 19308198.415937
Z2, 4, 5, 4K, 117640.000000, 0.001464, 80355191.256831, 117640000.000000, 1.495314, 2, 1.504753, 24025538.300348, 24025538.300348
Z2, 5, 5, 4K, 68288.000000, 0.001519, 44955892.034233, 68288000.000000, 1.495314, 2, 1.504753, 16945678.455828, 16945678.455828
Z2, 6, 5, 4K, 47432.000000, 0.000922, 51444685.466377, 47432000.000000, 1.495314, 2, 1.504753, 18243437.142257, 18243437.142257
Z2, 7, 5, 4K, 40216.000000, 0.000965, 41674611.398964, 40216000.000000, 1.495314, 2, 1.504753, 16289422.328775, 16289422.328775
Z3, 0, 5, 4K, 16504.000000, 0.025073, 658237.945200, 660160.000000, 1.495314, 2, 1.504753, 8086147.638022, 8086147.638022
Z3, 1, 5, 4K, 16120.000000, 0.000843, 19122182.680902, 16120000.000000, 1.495314, 2, 1.504753, 11778936.585162, 11778936.585162
Z3, 2, 5, 4K, 15008.000000, 0.000949, 15814541.622761, 15008000.000000, 1.495314, 2, 1.504753, 11117408.373534, 11117408.373534
Z3, 3, 5, 4K, 15032.000000, 0.000727, 20676753.782669, 15032000.000000, 1.495314, 2, 1.504753, 12089850.805516, 12089850.805516
Z3, 4, 5, 4K, 12928.000000, 0.001125, 11491555.555556, 12928000.000000, 1.495314, 2, 1.504753, 10252811.160093, 10252811.160093
Z3, 5, 5, 4K, 13640.000000, 0.000966, 14120082.815735, 13640000.000000, 1.495314, 2, 1.504753, 10778516.612129, 10778516.612129
Z3, 6, 5, 4K, 14648.000000, 0.001097, 13352780.309936, 14648000.000000, 1.495314, 2, 1.504753, 10625056.110969, 10625056.110969
Z3, 7, 5, 4K, 15008.000000, 0.000843, 17803084.223013, 15008000.000000, 1.495314, 2, 1.504753, 11515116.893584, 11515116.893584
Z3, 8, 5, 4K, 14312.000000, 0.000962, 14877338.877339, 14312000.000000, 1.495314, 2, 1.504753, 10929967.824450, 10929967.824450
Z3, 9, 5, 4K, 14200.000000, 0.000811, 17509247.842170, 14200000.000000, 1.495314, 2, 1.504753, 11456349.617416, 11456349.617416
Z3, 10, 5, 4K, 67288.000000, 0.001272, 52899371.069182, 67288000.000000, 1.495314, 2, 1.504753, 18534374.262818, 18534374.262818
Z3, 11, 5, 4K, 52536.000000, 0.001073, 48961789.375582, 52536000.000000, 1.495314, 2, 1.504753, 17746857.924098, 17746857.924098
Z3, 12, 5, 4K, 52032.000000, 0.000874, 59533180.778032, 52032000.000000, 1.495314, 2, 1.504753, 19861136.204588, 19861136.204588
Z3, 13, 5, 4K, 44632.000000, 0.001002, 44542914.171657, 44632000.000000, 1.495314, 2, 1.504753, 16863082.883313, 16863082.883313
Z3, 14, 5, 4K, 76304.000000, 0.001517, 50299274.884641, 76304000.000000, 1.495314, 2, 1.504753, 18014355.025910, 18014355.025910
Z3, 15, 5, 4K, 71856.000000, 0.001595, 45050783.699060, 71856000.000000, 1.495314, 2, 1.504753, 16964656.788794, 16964656.788794
Z3, 16, 5, 4K, 82648.000000, 0.001493, 55356999.330208, 82648000.000000, 1.495314, 2, 1.504753, 19025899.915023, 19025899.915023
Z3, 17, 5, 4K, 76072.000000, 0.001965, 38713486.005089, 76072000.000000, 1.495314, 2, 1.504753, 15697197.250000, 15697197.250000
Z3, 18, 5, 4K, 59304.000000, 0.001069, 55476145.930776, 59304000.000000, 1.495314, 2, 1.504753, 19049729.235137, 19049729.235137
Z3, 19, 5, 4K, 43064.000000, 0.001520, 28331578.947368, 43064000.000000, 1.495314, 2, 1.504753, 13620815.838456, 13620815.838456
Z3, 20, 5, 4K, 54872.000000, 0.000926, 59257019.438445, 54872000.000000, 1.495314, 2, 1.504753, 19805903.936671, 19805903.936671
Z3, 21, 5, 4K, 135784.000000, 0.001583, 85776373.973468, 135784000.000000, 1.495314, 2, 1.504753, 25109774.843676, 25109774.843676
Z3, 22, 5, 4K, 118304.000000, 0.001698, 69672555.948174, 118304000.000000, 1.495314, 2, 1.504753, 21889011.238617, 21889011.238617
Z3, 23, 5, 4K, 147040.000000, 0.001444, 101828254.847645, 147040000.000000, 1.495314, 2, 1.504753, 28320151.018511, 28320151.018511
Z3, 24, 5, 4K, 179520.000000, 0.001642, 109330085.261876, 179520000.000000, 1.495314, 2, 1.504753, 29820517.101357, 29820517.101357
Z3, 25, 5, 4K, 172688.000000, 0.001655, 104343202.416918, 172688000.000000, 1.495314, 2, 1.504753, 28823140.532366, 28823140.532366
Z3, 26, 5, 4K, 145128.000000, 0.001676, 86591885.441527, 145128000.000000, 1.495314, 2, 1.504753, 25272877.137287, 25272877.137287
Z3, 27, 5, 4K, 179592.000000, 0.001500, 119728000.000000, 179592000.000000, 1.495314, 2, 1.504753, 31900100.048982, 31900100.048982
Z3, 28, 5, 4K, 140720.000000, 0.001578, 89176172.370089, 140720000.000000, 1.495314, 2, 1.504753, 25789734.523000, 25789734.523000
Z3, 29, 5, 4K, 83928.000000, 0.001443, 58162162.162162, 83928000.000000, 1.495314, 2, 1.504753, 19586932.481414, 19586932.481414
Z3, 30, 5, 4K, 82192.000000, 0.001580, 52020253.164557, 82192000.000000, 1.495314, 2, 1.504753, 18358550.681893, 18358550.681893
Z3, 31, 5, 4K, 68504.000000, 0.001607, 42628500.311139, 68504000.000000, 1.495314, 2, 1.504753, 16480200.111210, 16480200.111210
Z3, 32, 5, 4K, 53776.000000, 0.001735, 30994812.680115, 53776000.000000, 1.495314, 2, 1.504753, 14153462.585005, 14153462.585005
Z3, 33, 5, 4K, 72968.000000, 0.001103, 66154125.113327, 72968000.000000, 1.495314, 2, 1.504753, 21185325.071647, 21185325.071647
Z3, 34, 5, 4K, 78200.000000, 0.001304, 59969325.153374, 78200000.000000, 1.495314, 2, 1.504753, 19948365.079657, 19948365.079657
Z3, 35, 5, 4K, 63936.000000, 0.000885, 72244067.796610, 63936000.000000, 1.495314, 2, 1.504753, 22403313.608304, 22403313.608304
Z3, 36, 5, 4K, 86888.000000, 0.001401, 62018558.172734, 86888000.000000, 1.495314, 2, 1.504753, 20358211.683529, 20358211.683529
Z3, 37, 5, 4K, 53856.000000, 0.001943, 27717961.914565, 53856000.000000, 1.495314, 2, 1.504753, 13498092.431895, 13498092.431895
Z3, 38, 5, 4K, 42888.000000, 0.000963, 44535825.545171, 42888000.000000, 1.495314, 2, 1.504753, 16861665.158016, 16861665.158016
Z1, 0, 6, 4K, 32384.000000, 0.020598, 1572191.474900, 1619200.000000, 1.363832, 2, 2.636235, 15592004.074114, 15592004.074114
Z2, 0, 6, 4K, 11672.000000, 0.024582, 474818.973232, 486328.000000, 1.363832, 2, 2.636235, 15372529.573781, 15372529.573781
Z2, 1, 6, 4K, 36784.000000, 0.004862, 7565610.859729, 9196000.000000, 1.363832, 2, 2.636235, 16790687.951080, 16790687.951080
Z2, 2, 6, 4K, 30448.000000, 0.005779, 5268731.614466, 6089600.000000, 1.363832, 2, 2.636235, 16331312.102027, 16331312.102027
Z2, 3, 6, 4K, 89424.000000, 0.001867, 47897161.221211, 89424000.000000, 1.363832, 2, 2.636235, 24856998.023376, 24856998.023376
Z2, 4, 6, 4K, 37976.000000, 0.001212, 31333333.333333, 37976000.000000, 1.363832, 2, 2.636235, 21544232.445801, 21544232.445801
Z2, 5, 6, 4K, 44392.000000, 0.001482, 29954116.059379, 44392000.000000, 1.363832, 2, 2.636235, 21268388.991010, 21268388.991010
Z2, 6, 6, 4K, 23176.000000, 0.000983, 23576805.696846, 23176000.000000, 1.363832, 2, 2.636235, 19992926.918503, 19992926.918503
Z2, 7, 6, 4K, 20712.000000, 0.001573, 13167196.439924, 20712000.000000, 1.363832, 2, 2.636235, 17911005.067119, 17911005.067119
Z3, 0, 6, 4K, 6624.000000, 0.020481, 323421.707924, 331200.000000, 1.363832, 2, 2.636235, 15342250.120719, 15342250.120719
Z3, 1, 6, 4K, 12000.000000, 0.000857, 14002333.722287, 12000000.000000, 1.363832, 2, 2.636235, 18078032.523592, 18078032.523592
Z3, 2, 6, 4K, 12312.000000, 0.000741, 16615384.615385, 12312000.000000, 1.363832, 2, 2.636235, 18600642.702211, 18600642.702211
Z3, 3, 6, 4K, 11800.000000, 0.000948, 12447257.383966, 11800000.000000, 1.363832, 2, 2.636235, 17767017.255927, 17767017.255927
Z3, 4, 6, 4K, 11672.000000, 0.000826, 14130750.605327, 11672000.000000, 1.363832, 2, 2.636235, 18103715.900200, 18103715.900200
Z3, 5, 6, 4K, 11856.000000, 0.000822, 14423357.664234, 11856000.000000, 1.363832, 2, 2.636235, 18162237.311981, 18162237.311981
Z3, 6, 6, 4K, 11392.000000, 0.000975, 11684102.564103, 11392000.000000, 1.363832, 2, 2.636235, 17614386.291955, 17614386.291955
Z3, 7, 6, 4K, 11608.000000, 0.000762, 15233595.800525, 11608000.000000, 1.363832, 2, 2.636235, 18324284.939239, 18324284.939239
Z3, 8, 6, 4K, 11808.000000, 0.000839, 14073897.497020, 11808000.000000, 1.363832, 2, 2.636235, 18092345.278538, 18092345.278538
Z3, 9, 6, 4K, 11616.000000, 0.001233, 9420924.574209, 11616000.000000, 1.363832, 2, 2.636235, 17161750.693976, 17161750.693976
Z3, 10, 6, 4K, 11320.000000, 0.001064, 10639097.744361, 11320000.000000, 1.363832, 2, 2.636235, 17405385.328006, 17405385.328006
Z3, 11, 6, 4K, 11456.000000, 0.001038, 11036608.863198, 11456000.000000, 1.363832, 2, 2.636235, 17484887.551774, 17484887.551774
Z3, 12, 6, 4K, 30472.000000, 0.000992, 30717741.935484, 30472000.000000, 1.363832, 2, 2.636235, 21421114.166231, 21421114.166231
Z3, 13, 6, 4K, 27608.000000, 0.001007, 27416087.388282, 27608000.000000, 1.363832, 2, 2.636235, 20760783.256791, 20760783.256791
Z3, 14, 6, 4K, 24088.000000, 0.001130, 21316814.159292, 24088000.000000, 1.363832, 2, 2.636235, 19540928.610993, 19540928.610993
Z3, 15, 6, 4K, 38328.000000, 0.001077, 35587743.732591, 38328000.000000, 1.363832, 2, 2.636235, 22395114.525652, 22395114.525652
Z3, 16, 6, 4K, 32072.000000, 0.001272, 25213836.477987, 32072000.000000, 1.363832, 2, 2.636235, 20320333.074732, 20320333.074732
Z3, 17, 6, 4K, 42136.000000, 0.001015, 41513300.492611, 42136000.000000, 1.363832, 2, 2.636235, 23580225.877656, 23580225.877656
Z3, 18, 6, 4K, 36072.000000, 0.001162, 31043029.259897, 36072000.000000, 1.363832, 2, 2.636235, 21486171.631114, 21486171.631114
Z3, 19, 6, 4K, 27192.000000, 0.000958, 28384133.611691, 27192000.000000, 1.363832, 2, 2.636235, 20954392.501472, 20954392.501472
Z3, 20, 6, 4K, 23688.000000, 0.001116, 21225806.451613, 23688000.000000, 1.363832, 2, 2.636235, 19522727.069457, 19522727.069457
Z3, 21, 6, 4K, 86000.000000, 0.001359, 63281824.871229, 86000000.000000, 1.363832, 2, 2.636235, 27933930.753380, 27933930.753380
Z3, 22, 6, 4K, 62728.000000, 0.001203, 52142975.893599, 62728000.000000, 1.363832, 2, 2.636235, 25706160.957854, 25706160.957854
Z3, 23, 6, 4K, 65864.000000, 0.001448, 45486187.845304, 65864000.000000, 1.363832, 2, 2.636235, 24374803.348195, 24374803.348195
Z3, 24, 6, 4K, 82512.000000, 0.001216, 67855263.157895, 82512000.000000, 1.363832, 2, 2.636235, 28848618.410713, 28848618.410713
Z3, 25, 6, 4K, 102240.000000, 0.001376, 74302325.581395, 102240000.000000, 1.363832, 2, 2.636235, 30138030.895413, 30138030.895413
Z3, 26, 6, 4K, 69304.000000, 0.001316, 52662613.981763, 69304000.000000, 1.363832, 2, 2.636235, 25810088.575487, 25810088.575487
Z3, 27, 6, 4K, 73800.000000, 0.001425, 51789473.684211, 73800000.000000, 1.363832, 2, 2.636235, 25635460.515976, 25635460.515976
Z3, 28, 6, 4K, 59424.000000, 0.001318, 45086494.688923, 59424000.000000, 1.363832, 2, 2.636235, 24294864.716919, 24294864.716919
Z3, 29, 6, 4K, 38896.000000, 0.000893, 43556550.951848, 38896000.000000, 1.363832, 2, 2.636235, 23988875.969504, 23988875.969504
Z3, 30, 6, 4K, 30224.000000, 0.001033, 29258470.474347, 30224000.000000, 1.363832, 2, 2.636235, 21129259.874003, 21129259.874003
Z3, 31, 6, 4K, 34568.000000, 0.001029, 33593780.369291, 34568000.000000, 1.363832, 2, 2.636235, 21996321.852992, 21996321.852992
Z3, 32, 6, 4K, 62896.000000, 0.001041, 60418828.049952, 62896000.000000, 1.363832, 2, 2.636235, 27361331.389125, 27361331.389125
Z3, 33, 6, 4K, 50288.000000, 0.000921, 54601520.086862, 50288000.000000, 1.363832, 2, 2.636235, 26197869.796507, 26197869.796507
Z3, 34, 6, 4K, 37280.000000, 0.001141, 32673093.777388, 37280000.000000, 1.363832, 2, 2.636235, 21812184.534612, 21812184.534612
Z3, 35, 6, 4K, 26840.000000, 0.001066, 25178236.397749, 26840000.000000, 1.363832, 2, 2.636235, 20313213.058684, 20313213.058684
Z3, 36, 6, 4K, 30408.000000, 0.001020, 29811764.705882, 30408000.000000, 1.363832, 2, 2.636235, 21239918.720311, 21239918.720311
Z3, 37, 6, 4K, 24136.000000, 0.001089, 22163452.708907, 24136000.000000, 1.363832, 2, 2.636235, 19710256.320916, 19710256.320916
Z3, 38, 6, 4K, 21376.000000, 0.001201, 17798501.248959, 21376000.000000, 1.363832, 2, 2.636235, 18837266.028926, 18837266.028926
Z1, 0, 7, 4K, 33008.000000, 0.018276, 1806084.482381, 1833776.000000, 1.233539, 2, 2.766528, 17156774.881708, 17156774.881708
Z2, 0, 7, 4K, 11888.000000, 0.020105, 591295.697588, 594400.000000, 1.233539, 2, 2.766528, 16913817.124749, 16913817.124749
Z2, 1, 7, 4K, 40440.000000, 0.000891, 45387205.387205, 40440000.000000, 1.233539, 2, 2.766528, 25872999.062673, 25872999.062673
Z2, 2, 7, 4K, 30824.000000, 0.001083, 28461680.517082, 30824000.000000, 1.233539, 2, 2.766528, 22487894.088648, 22487894.088648
Z2, 3, 7, 4K, 76304.000000, 0.001309, 58291825.821238, 76304000.000000, 1.233539, 2, 2.766528, 28453923.149479, 28453923.149479
Z2, 4, 7, 4K, 40368.000000, 0.000940, 42944680.851064, 40368000.000000, 1.233539, 2, 2.766528, 25384494.155445, 25384494.155445
Z2, 5, 7, 4K, 46048.000000, 0.001069, 43075771.749298, 46048000.000000, 1.233539, 2, 2.766528, 25410712.335092, 25410712.335092
Z2, 6, 7, 4K, 66864.000000, 0.001133, 59015004.413063, 66864000.000000, 1.233539, 2, 2.766528, 28598558.867844, 28598558.867844
Z2, 7, 7, 4K, 21440.000000, 0.000816, 26274509.803922, 21440000.000000, 1.233539, 2, 2.766528, 22050459.946016, 22050459.946016
Z3, 0, 7, 4K, 6624.000000, 0.023748, 278928.751895, 288000.000000, 1.233539, 2, 2.766528, 16851343.735611, 16851343.735611
Z3, 1, 7, 4K, 12288.000000, 0.000819, 15003663.003663, 12288000.000000, 1.233539, 2, 2.766528, 19796290.585964, 19796290.585964
Z3, 2, 7, 4K, 12288.000000, 0.000895, 13729608.938547, 12288000.000000, 1.233539, 2, 2.766528, 19541479.772941, 19541479.772941
Z3, 3, 7, 4K, 12304.000000, 0.000726, 16947658.402204, 12304000.000000, 1.233539, 2, 2.766528, 20185089.665673, 20185089.665673
Z3, 4, 7, 4K, 11832.000000, 0.000848, 13952830.188679, 11832000.000000, 1.233539, 2, 2.766528, 19586124.022968, 19586124.022968
Z3, 5, 7, 4K, 12664.000000, 0.001106, 11450271.247740, 12664000.000000, 1.233539, 2, 2.766528, 19085612.234780, 19085612.234780
Z3, 6, 7, 4K, 11360.000000, 0.000959, 11845672.575600, 11360000.000000, 1.233539, 2, 2.766528, 19164692.500352, 19164692.500352
Z3, 7, 7, 4K, 11624.000000, 0.000848, 13707547.169811, 11624000.000000, 1.233539, 2, 2.766528, 19537067.419194, 19537067.419194
Z3, 8, 7, 4K, 12008.000000, 0.000730, 16449315.068493, 12008000.000000, 1.233539, 2, 2.766528, 20085420.998930, 20085420.998930
Z3, 9, 7, 4K, 11744.000000, 0.000848, 13849056.603774, 11744000.000000, 1.233539, 2, 2.766528, 19565369.305987, 19565369.305987
Z3, 10, 7, 4K, 11584.000000, 0.001118, 10361359.570662, 11584000.000000, 1.233539, 2, 2.766528, 18867829.899364, 18867829.899364
Z3, 11, 7, 4K, 11528.000000, 0.000919, 12544069.640914, 11528000.000000, 1.233539, 2, 2.766528, 19304371.913415, 19304371.913415
Z3, 12, 7, 4K, 32448.000000, 0.001117, 29049239.033124, 32448000.000000, 1.233539, 2, 2.766528, 22605405.791857, 22605405.791857
Z3, 13, 7, 4K, 29808.000000, 0.000986, 30231237.322515, 29808000.000000, 1.233539, 2, 2.766528, 22841805.449735, 22841805.449735
Z3, 14, 7, 4K, 26008.000000, 0.001050, 24769523.809524, 26008000.000000, 1.233539, 2, 2.766528, 21749462.747137, 21749462.747137
Z3, 15, 7, 4K, 43712.000000, 0.001262, 34637083.993661, 43712000.000000, 1.233539, 2, 2.766528, 23722974.783964, 23722974.783964
Z3, 16, 7, 4K, 42976.000000, 0.001026, 41886939.571150, 42976000.000000, 1.233539, 2, 2.766528, 25172945.899462, 25172945.899462
Z3, 17, 7, 4K, 80888.000000, 0.004760, 16993277.310924, 20222000.000000, 1.233539, 2, 2.766528, 20194213.447417, 20194213.447417
Z3, 18, 7, 4K, 51248.000000, 0.001639, 31267846.247712, 51248000.000000, 1.233539, 2, 2.766528, 23049127.234774, 23049127.234774
Z3, 19, 7, 4K, 29472.000000, 0.001033, 28530493.707648, 29472000.000000, 1.233539, 2, 2.766528, 22501656.726761, 22501656.726761
Z3, 20, 7, 4K, 23856.000000, 0.001198, 19913188.647746, 23856000.000000, 1.233539, 2, 2.766528, 20778195.714781, 20778195.714781
Z3, 21, 7, 4K, 78816.000000, 0.001395, 56498924.731183, 78816000.000000, 1.233539, 2, 2.766528, 28095342.931468, 28095342.931468
Z3, 22, 7, 4K, 66288.000000, 0.001165, 56899570.815451, 66288000.000000, 1.233539, 2, 2.766528, 28175472.148322, 28175472.148322
Z3, 23, 7, 4K, 69920.000000, 0.001174, 59557069.846678, 69920000.000000, 1.233539, 2, 2.766528, 28706971.954567, 28706971.954567
Z3, 24, 7, 4K, 81944.000000, 0.001165, 70338197.424893, 81944000.000000, 1.233539, 2, 2.766528, 30863197.470210, 30863197.470210
Z3, 25, 7, 4K, 102376.000000, 0.001381, 74131788.559015, 102376000.000000, 1.233539, 2, 2.766528, 31621915.697035, 31621915.697035
Z3, 26, 7, 4K, 76792.000000, 0.001414, 54308345.120226, 76792000.000000, 1.233539, 2, 2.766528, 27657227.009277, 27657227.009277
Z3, 27, 7, 4K, 81072.000000, 0.000995, 81479396.984925, 81072000.000000, 1.233539, 2, 2.766528, 33091437.382217, 33091437.382217
Z3, 28, 7, 4K, 62656.000000, 0.001093, 57324794.144556, 62656000.000000, 1.233539, 2, 2.766528, 28260516.814143, 28260516.814143
Z3, 29, 7, 4K, 41248.000000, 0.000917, 44981461.286805, 41248000.000000, 1.233539, 2, 2.766528, 25791850.242593, 25791850.242593
Z3, 30, 7, 4K, 51888.000000, 0.001183, 43861369.399831, 51888000.000000, 1.233539, 2, 2.766528, 25567831.865198, 25567831.865198
Z3, 31, 7, 4K, 60864.000000, 0.001311, 46425629.290618, 60864000.000000, 1.233539, 2, 2.766528, 26080683.843355, 26080683.843355
Z3, 32, 7, 4K, 30224.000000, 0.000874, 34581235.697941, 30224000.000000, 1.233539, 2, 2.766528, 23711805.124820, 23711805.124820
Z3, 33, 7, 4K, 29312.000000, 0.001070, 27394392.523364, 29312000.000000, 1.233539, 2, 2.766528, 22274436.489905, 22274436.489905
Z3, 34, 7, 4K, 25728.000000, 0.000957, 26884012.539185, 25728000.000000, 1.233539, 2, 2.766528, 22172360.493069, 22172360.493069
Z3, 35, 7, 4K, 27640.000000, 0.001070, 25831775.700935, 27640000.000000, 1.233539, 2, 2.766528, 21961913.125419, 21961913.125419
Z3, 36, 7, 4K, 32608.000000, 0.001541, 21160285.528877, 32608000.000000, 1.233539, 2, 2.766528, 21027615.091007, 21027615.091007
Z3, 37, 7, 4K, 25080.000000, 0.000965, 25989637.305699, 25080000.000000, 1.233539, 2, 2.766528, 21993485.446372, 21993485.446372
Z3, 38, 7, 4K, 21912.000000, 0.000904, 24238938.053097, 21912000.000000, 1.233539, 2, 2.766528, 21643345.595851, 21643345.595851
Z1, 0, 8, 4K, 12368.000000, 0.020613, 600009.702615, 618400.000000, 1.113113, 2, 3.886954, 20144449.898579, 20144449.898579
Z2, 0, 8, 4K, 6624.000000, 0.020784, 318706.697460, 331200.000000, 1.113113, 2, 3.886954, 20088189.297548, 20088189.297548
Z2, 1, 8, 4K, 12736.000000, 0.000701, 18168330.955777, 12736000.000000, 1.113113, 2, 3.886954, 23658114.149212, 23658114.149212
Z2, 2, 8, 4K, 12272.000000, 0.000862, 14236658.932715, 12272000.000000, 1.113113, 2, 3.886954, 22871779.744599, 22871779.744599
Z2, 3, 8, 4K, 47728.000000, 0.001062, 44941619.585687, 47728000.000000, 1.113113, 2, 3.886954, 29012771.875194, 29012771.875194
Z2, 4, 8, 4K, 47048.000000, 0.001017, 46261553.588987, 47048000.000000, 1.113113, 2, 3.886954, 29276758.675854, 29276758.675854
Z2, 5, 8, 4K, 46672.000000, 0.000829, 56299155.609168, 46672000.000000, 1.113113, 2, 3.886954, 31284279.079890, 31284279.079890
Z2, 6, 8, 4K, 116120.000000, 0.001637, 70934636.530238, 116120000.000000, 1.113113, 2, 3.886954, 34211375.264104, 34211375.264104
Z2, 7, 8, 4K, 109880.000000, 0.001195, 91949790.794979, 109880000.000000, 1.113113, 2, 3.886954, 38414406.117052, 38414406.117052
Z3, 0, 8, 4K, 13168.000000, 0.022232, 592299.388269, 598544.000000, 1.113113, 2, 3.886954, 20142907.835710, 20142907.835710
Z3, 1, 8, 4K, 12440.000000, 0.000846, 14704491.725768, 12440000.000000, 1.113113, 2, 3.886954, 22965346.303210, 22965346.303210
Z3, 2, 8, 4K, 12288.000000, 0.000810, 15170370.370370, 12288000.000000, 1.113113, 2, 3.886954, 23058522.032130, 23058522.032130
Z3, 3, 8, 4K, 13040.000000, 0.000801, 16279650.436954, 13040000.000000, 1.113113, 2, 3.886954, 23280378.045447, 23280378.045447
Z3, 4, 8, 4K, 11984.000000, 0.000844, 14199052.132701, 11984000.000000, 1.113113, 2, 3.886954, 22864258.384596, 22864258.384596
Z3, 5, 8, 4K, 12736.000000, 0.000809, 15742892.459827, 12736000.000000, 1.113113, 2, 3.886954, 23173026.450021, 23173026.450021
Z3, 6, 8, 4K, 12728.000000, 0.000745, 17084563.758389, 12728000.000000, 1.113113, 2, 3.886954, 23441360.709734, 23441360.709734
Z3, 7, 8, 4K, 13416.000000, 0.000741, 18105263.157895, 13416000.000000, 1.113113, 2, 3.886954, 23645500.589635, 23645500.589635
Z3, 8, 8, 4K, 12296.000000, 0.000774, 15886304.909561, 12296000.000000, 1.113113, 2, 3.886954, 23201708.939968, 23201708.939968
Z3, 9, 8, 4K, 36848.000000, 0.000878, 41968109.339408, 36848000.000000, 1.113113, 2, 3.886954, 28418069.825938, 28418069.825938
Z3, 10, 8, 4K, 37200.000000, 0.000741, 50202429.149798, 37200000.000000, 1.113113, 2, 3.886954, 30064933.788016, 30064933.788016
Z3, 11, 8, 4K, 36304.000000, 0.000975, 37234871.794872, 36304000.000000, 1.113113, 2, 3.886954, 27471422.317030, 27471422.317030
Z3, 12, 8, 4K, 72440.000000, 0.001189, 60925147.182506, 72440000.000000, 1.113113, 2, 3.886954, 32209477.394557, 32209477.394557
Z3, 13, 8, 4K, 94656.000000, 0.001288, 73490683.229814, 94656000.000000, 1.113113, 2, 3.886954, 34722584.604019, 34722584.604019
Z3, 14, 8, 4K, 126944.000000, 0.001404, 90415954.415954, 126944000.000000, 1.113113, 2, 3.886954, 38107638.841247, 38107638.841247
Z3, 15, 8, 4K, 91896.000000, 0.001236, 74349514.563107, 91896000.000000, 1.113113, 2, 3.886954, 34894350.870677, 34894350.870677
Z3, 16, 8, 4K, 51968.000000, 0.001101, 47200726.612171, 51968000.000000, 1.113113, 2, 3.886954, 29464593.280490, 29464593.280490
Z3, 17, 8, 4K, 33024.000000, 0.000949, 34798735.511064, 33024000.000000, 1.113113, 2, 3.886954, 26984195.060269, 26984195.060269
Z3, 18, 8, 4K, 183840.000000, 0.005573, 32987618.876727, 36768000.000000, 1.113113, 2, 3.886954, 26621971.733401, 26621971.733401
Z3, 19, 8, 4K, 154184.000000, 0.001541, 100054510.058404, 154184000.000000, 1.113113, 2, 3.886954, 40035349.969737, 40035349.969737
Z3, 20, 8, 4K, 155104.000000, 0.001489, 104166554.734721, 155104000.000000, 1.113113, 2, 3.886954, 40857758.905000, 40857758.905000
Z3, 21, 8, 4K, 164936.000000, 0.001679, 98234663.490173, 164936000.000000, 1.113113, 2, 3.886954, 39671380.656091, 39671380.656091
Z3, 22, 8, 4K, 148008.000000, 0.001498, 98803738.317757, 148008000.000000, 1.113113, 2, 3.886954, 39785195.621607, 39785195.621607
Z3, 23, 8, 4K, 158128.000000, 0.004186, 37775441.949355, 39532000.000000, 1.113113, 2, 3.886954, 27579536.347927, 27579536.347927
Z3, 24, 8, 4K, 212408.000000, 0.002208, 96199275.362319, 106204000.000000, 1.113113, 2, 3.886954, 39264303.030520, 39264303.030520
Z3, 25, 8, 4K, 148464.000000, 0.001492, 99506702.412869, 148464000.000000, 1.113113, 2, 3.886954, 39925788.440630, 39925788.440630
Z3, 26, 8, 4K, 105600.000000, 0.001248, 84615384.615385, 105600000.000000, 1.113113, 2, 3.886954, 36947524.881133, 36947524.881133
Z3, 27, 8, 4K, 99296.000000, 0.001280, 77575000.000000, 99296000.000000, 1.113113, 2, 3.886954, 35539447.958056, 35539447.958056
Z3, 28, 8, 4K, 81552.000000, 0.001326, 61502262.443439, 81552000.000000, 1.113113, 2, 3.886954, 32324900.446744, 32324900.446744
Z3, 29, 8, 4K, 74800.000000, 0.001193, 62699077.954736, 74800000.000000, 1.113113, 2, 3.886954, 32564263.549003, 32564263.549003
Z3, 30, 8, 4K, 60904.000000, 0.001312, 46420731.707317, 60904000.000000, 1.113113, 2, 3.886954, 29308594.299519, 29308594.299519
Z3, 31, 8, 4K, 56704.000000, 0.001123, 50493321.460374, 56704000.000000, 1.113113, 2, 3.886954, 30123112.250131, 30123112.250131
Z3, 32, 8, 4K, 77872.000000, 0.001291, 60319132.455461, 77872000.000000, 1.113113, 2, 3.886954, 32088274.449148, 32088274.449148
Z3, 33, 8, 4K, 87632.000000, 0.001520, 57652631.578947, 87632000.000000, 1.113113, 2, 3.886954, 31554974.273846, 31554974.273846
Z3, 34, 8, 4K, 57472.000000, 0.001226, 46877650.897227, 57472000.000000, 1.113113, 2, 3.886954, 29399978.137501, 29399978.137501
Z3, 35, 8, 4K, 71616.000000, 0.001088, 65823529.411765, 71616000.000000, 1.113113, 2, 3.886954, 33189153.840409, 33189153.840409
Z3, 36, 8, 4K, 59800.000000, 0.001318, 45371775.417299, 59800000.000000, 1.113113, 2, 3.886954, 29098803.041516, 29098803.041516
Z3, 37, 8, 4K, 54240.000000, 0.001093, 49624885.635865, 54240000.000000, 1.113113, 2, 3.886954, 29949425.085229, 29949425.085229
Z3, 38, 8, 4K, 48376.000000, 0.001308, 36984709.480122, 48376000.000000, 1.113113, 2, 3.886954, 27421389.854081, 27421389.854081
Z1, 0, 9, 4K, 143136.000000, 0.024810, 5769286.577993, 5964000.000000, 1.984646, 2, 4.015421, 25865452.181069, 25865452.181069
Z2, 0, 9, 4K, 6624.000000, 0.021955, 301708.039171, 315424.000000, 1.984646, 2, 4.015421, 24771936.473304, 24771936.473304
Z2, 1, 9, 4K, 13352.000000, 0.000677, 19722304.283604, 13352000.000000, 1.984646, 2, 4.015421, 28656055.722191, 28656055.722191
Z2, 2, 9, 4K, 12808.000000, 0.000813, 15753997.539975, 12808000.000000, 1.984646, 2, 4.015421, 27862394.373465, 27862394.373465
Z2, 3, 9, 4K, 62864.000000, 0.000988, 63627530.364372, 62864000.000000, 1.984646, 2, 4.015421, 37437100.938345, 37437100.938345
Z2, 4, 9, 4K, 158280.000000, 0.001487, 106442501.681237, 158280000.000000, 1.984646, 2, 4.015421, 46000095.201718, 46000095.201718
Z2, 5, 9, 4K, 143784.000000, 0.001567, 91757498.404595, 143784000.000000, 1.984646, 2, 4.015421, 43063094.546389, 43063094.546389
Z2, 6, 9, 4K, 59784.000000, 0.001110, 53859459.459459, 59784000.000000, 1.984646, 2, 4.015421, 35483486.757362, 35483486.757362
Z2, 7, 9, 4K, 59624.000000, 0.000973, 61278520.041110, 59624000.000000, 1.984646, 2, 4.015421, 36967298.873692, 36967298.873692
Z3, 0, 9, 4K, 19152.000000, 0.020322, 942426.926484, 957600.000000, 1.984646, 2, 4.015421, 24900080.250767, 24900080.250767
Z3, 1, 9, 4K, 15048.000000, 0.000960, 15675000.000000, 15048000.000000, 1.984646, 2, 4.015421, 27846594.865470, 27846594.865470
Z3, 2, 9, 4K, 13656.000000, 0.000686, 19906705.539359, 13656000.000000, 1.984646, 2, 4.015421, 28692935.973342, 28692935.973342
Z3, 3, 9, 4K, 15568.000000, 0.000758, 20538258.575198, 15568000.000000, 1.984646, 2, 4.015421, 28819246.580510, 28819246.580510
Z3, 4, 9, 4K, 19992.000000, 0.000718, 27844011.142061, 19992000.000000, 1.984646, 2, 4.015421, 30280397.093882, 30280397.093882
Z3, 5, 9, 4K, 43816.000000, 0.001051, 41689819.219791, 43816000.000000, 1.984646, 2, 4.015421, 33049558.709428, 33049558.709428
Z3, 6, 9, 4K, 32640.000000, 0.004324, 7548566.142461, 8160000.000000, 1.984646, 2, 4.015421, 26221308.093962, 26221308.093962
Z3, 7, 9, 4K, 13112.000000, 0.000973, 13475847.893114, 13112000.000000, 1.984646, 2, 4.015421, 27406764.444093, 27406764.444093
Z3, 8, 9, 4K, 12720.000000, 0.000897, 14180602.006689, 12720000.000000, 1.984646, 2, 4.015421, 27547715.266808, 27547715.266808
Z3, 9, 9, 4K, 11704.000000, 0.000780, 15005128.205128, 11704000.000000, 1.984646, 2, 4.015421, 27712620.506496, 27712620.506496
Z3, 10, 9, 4K, 56456.000000, 0.001158, 48753022.452504, 56456000.000000, 1.984646, 2, 4.015421, 34462199.355971, 34462199.355971
Z3, 11, 9, 4K, 42936.000000, 0.000981, 43767584.097859, 42936000.000000, 1.984646, 2, 4.015421, 33465111.685042, 33465111.685042
Z3, 12, 9, 4K, 49664.000000, 0.000963, 51572170.301142, 49664000.000000, 1.984646, 2, 4.015421, 35026028.925699, 35026028.925699
Z3, 13, 9, 4K, 55832.000000, 0.000945, 59081481.481481, 55832000.000000, 1.984646, 2, 4.015421, 36527891.161766, 36527891.161766
Z3, 14, 9, 4K, 101440.000000, 0.001468, 69100817.438692, 101440000.000000, 1.984646, 2, 4.015421, 38531758.353208, 38531758.353208
Z3, 15, 9, 4K, 127064.000000, 0.001488, 85392473.118280, 127064000.000000, 1.984646, 2, 4.015421, 41790089.489126, 41790089.489126
Z3, 16, 9, 4K, 186256.000000, 0.001757, 106007968.127490, 186256000.000000, 1.984646, 2, 4.015421, 45913188.490968, 45913188.490968
Z3, 17, 9, 4K, 117264.000000, 0.001491, 78647887.323944, 117264000.000000, 1.984646, 2, 4.015421, 40441172.330259, 40441172.330259
Z3, 18, 9, 4K, 90064.000000, 0.001235, 72926315.789474, 90064000.000000, 1.984646, 2, 4.015421, 39296858.023365, 39296858.023365
Z3, 19, 9, 4K, 46808.000000, 0.001158, 40421416.234888, 46808000.000000, 1.984646, 2, 4.015421, 32795878.112448, 32795878.112448
Z3, 20, 9, 4K, 65080.000000, 0.001157, 56248919.619706, 65080000.000000, 1.984646, 2, 4.015421, 35961378.789411, 35961378.789411
Z3, 21, 9, 4K, 210712.000000, 0.001991, 105832245.102963, 210712000.000000, 1.984646, 2, 4.015421, 45878043.886063, 45878043.886063
Z3, 22, 9, 4K, 212696.000000, 0.001954, 108851586.489253, 212696000.000000, 1.984646, 2, 4.015421, 46481912.163321, 46481912.163321
Z3, 23, 9, 4K, 204264.000000, 0.001612, 126714640.198511, 204264000.000000, 1.984646, 2, 4.015421, 50054522.905172, 50054522.905172
Z3, 24, 9, 4K, 225960.000000, 0.001777, 127158131.682611, 225960000.000000, 1.984646, 2, 4.015421, 50143221.201992, 50143221.201992
Z3, 25, 9, 4K, 199056.000000, 0.001836, 108418300.653595, 199056000.000000, 1.984646, 2, 4.015421, 46395254.996189, 46395254.996189
Z3, 26, 9, 4K, 204104.000000, 0.001612, 126615384.615385, 204104000.000000, 1.984646, 2, 4.015421, 50034671.788547, 50034671.788547
Z3, 27, 9, 4K, 264656.000000, 0.001964, 134753564.154786, 264656000.000000, 1.984646, 2, 4.015421, 51662307.696427, 51662307.696427
Z3, 28, 9, 4K, 229440.000000, 0.001846, 124290357.529794, 229440000.000000, 1.984646, 2, 4.015421, 49569666.371429, 49569666.371429
Z3, 29, 9, 4K, 144400.000000, 0.001632, 88480392.156863, 144400000.000000, 1.984646, 2, 4.015421, 42407673.296843, 42407673.296843
Z3, 30, 9, 4K, 71424.000000, 0.001101, 64871934.604905, 71424000.000000, 1.984646, 2, 4.015421, 37685981.786451, 37685981.786451
Z3, 31, 9, 4K, 71768.000000, 0.001390, 51631654.676259, 71768000.000000, 1.984646, 2, 4.015421, 35037925.800722, 35037925.800722
Z3, 32, 9, 4K, 78016.000000, 0.001062, 73461393.596987, 78016000.000000, 1.984646, 2, 4.015421, 39403873.584867, 39403873.584867
Z3, 33, 9, 4K, 85112.000000, 0.001041, 81759846.301633, 85112000.000000, 1.984646, 2, 4.015421, 41063564.125797, 41063564.125797
Z3, 34, 9, 4K, 105792.000000, 0.001391, 76054636.951833, 105792000.000000, 1.984646, 2, 4.015421, 39922522.255837, 39922522.255837
Z3, 35, 9, 4K, 59104.000000, 0.001085, 54473732.718894, 59104000.000000, 1.984646, 2, 4.015421, 35606341.409249, 35606341.409249
Z3, 36, 9, 4K, 89744.000000, 0.001216, 73802631.578947, 89744000.000000, 1.984646, 2, 4.015421, 39472121.181260, 39472121.181260
Z3, 37, 9, 4K, 82576.000000, 0.001118, 73860465.116279, 82576000.000000, 1.984646, 2, 4.015421, 39483687.888726, 39483687.888726
Z3, 38, 9, 4K, 72616.000000, 0.001358, 53472754.050074, 72616000.000000, 1.984646, 2, 4.015421, 35406145.675485, 35406145.675485
Z1, 0, 10, 4K, 171632.000000, 0.031694, 5415283.649902, 5536512.000000, 1.851282, 2, 4.148785, 27582037.296431, 27582037.296431
Z2, 0, 10, 4K, 6624.000000, 0.024028, 275678.375229, 276000.000000, 1.851282, 2, 4.148785, 26554116.241496, 26554116.241496
Z2, 1, 10, 4K, 21424.000000, 0.001042, 20560460.652591, 21424000.000000, 1.851282, 2, 4.148785, 30611072.696969, 30611072.696969
Z2, 2, 10, 4K, 11408.000000, 0.000829, 13761158.021713, 11408000.000000, 1.851282, 2, 4.148785, 29251212.170793, 29251212.170793
Z2, 3, 10, 4K, 91896.000000, 0.001235, 74409716.599190, 91896000.000000, 1.851282, 2, 4.148785, 41380923.886289, 41380923.886289
Z2, 4, 10, 4K, 176696.000000, 0.001976, 89421052.631579, 176696000.000000, 1.851282, 2, 4.148785, 44383191.092766, 44383191.092766
Z2, 5, 10, 4K, 150256.000000, 0.001496, 100438502.673797, 150256000.000000, 1.851282, 2, 4.148785, 46586681.101210, 46586681.101210
Z2, 6, 10, 4K, 75936.000000, 0.001091, 69602199.816682, 75936000.000000, 1.851282, 2, 4.148785, 40419420.529787, 40419420.529787
Z2, 7, 10, 4K, 96152.000000, 0.001171, 82111016.225448, 96152000.000000, 1.851282, 2, 4.148785, 42921183.811540, 42921183.811540
Z3, 0, 10, 4K, 61888.000000, 0.027886, 2219321.523345, 2292144.000000, 1.851282, 2, 4.148785, 26942844.871120, 26942844.871120
Z3, 1, 10, 4K, 32688.000000, 0.004597, 7110724.385469, 8172000.000000, 1.851282, 2, 4.148785, 27921125.443544, 27921125.443544
Z3, 2, 10, 4K, 21168.000000, 0.000873, 24247422.680412, 21168000.000000, 1.851282, 2, 4.148785, 31348465.102533, 31348465.102533
Z3, 3, 10, 4K, 28472.000000, 0.000886, 32135440.180587, 28472000.000000, 1.851282, 2, 4.148785, 32926068.602568, 32926068.602568
Z3, 4, 10, 4K, 45352.000000, 0.001119, 40529043.789097, 45352000.000000, 1.851282, 2, 4.148785, 34604789.324270, 34604789.324270
Z3, 5, 10, 4K, 72936.000000, 0.001400, 52097142.857143, 72936000.000000, 1.851282, 2, 4.148785, 36918409.137879, 36918409.137879
Z3, 6, 10, 4K, 27848.000000, 0.001131, 24622458.001768, 27848000.000000, 1.851282, 2, 4.148785, 31423472.166804, 31423472.166804
Z3, 7, 10, 4K, 13192.000000, 0.000930, 14184946.236559, 13192000.000000, 1.851282, 2, 4.148785, 29335969.813762, 29335969.813762
Z3, 8, 10, 4K, 11896.000000, 0.000689, 17265602.322206, 11896000.000000, 1.851282, 2, 4.148785, 29952101.030892, 29952101.030892
Z3, 9, 10, 4K, 11528.000000, 0.000950, 12134736.842105, 11528000.000000, 1.851282, 2, 4.148785, 28925927.934872, 28925927.934872
Z3, 10, 10, 4K, 75360.000000, 0.001041, 72391930.835735, 75360000.000000, 1.851282, 2, 4.148785, 40977366.733597, 40977366.733597
Z3, 11, 10, 4K, 100176.000000, 0.001191, 84110831.234257, 100176000.000000, 1.851282, 2, 4.148785, 43321146.813302, 43321146.813302
Z3, 12, 10, 4K, 71264.000000, 0.001214, 58701812.191104, 71264000.000000, 1.851282, 2, 4.148785, 38239343.004671, 38239343.004671
Z3, 13, 10, 4K, 87864.000000, 0.001609, 54607830.950901, 87864000.000000, 1.851282, 2, 4.148785, 37420546.756631, 37420546.756631
Z3, 14, 10, 4K, 125616.000000, 0.001589, 79053492.762744, 125616000.000000, 1.851282, 2, 4.148785, 42309679.118999, 42309679.118999
Z3, 15, 10, 4K, 148008.000000, 0.001662, 89054151.624549, 148008000.000000, 1.851282, 2, 4.148785, 44309810.891360, 44309810.891360
Z3, 16, 10, 4K, 196960.000000, 0.001785, 110341736.694678, 196960000.000000, 1.851282, 2, 4.148785, 48567327.905386, 48567327.905386
Z3, 17, 10, 4K, 128568.000000, 0.001532, 83921671.018277, 128568000.000000, 1.851282, 2, 4.148785, 43283314.770106, 43283314.770106
Z3, 18, 10, 4K, 101392.000000, 0.001242, 81636070.853462, 101392000.000000, 1.851282, 2, 4.148785, 42826194.737143, 42826194.737143
Z3, 19, 10, 4K, 96624.000000, 0.001649, 58595512.431777, 96624000.000000, 1.851282, 2, 4.148785, 38218083.052806, 38218083.052806
Z3, 20, 10, 4K, 99416.000000, 0.001349, 73696071.163825, 99416000.000000, 1.851282, 2, 4.148785, 41238194.799216, 41238194.799216
Z3, 21, 10, 4K, 235888.000000, 0.002184, 108007326.007326, 117944000.000000, 1.851282, 2, 4.148785, 48100445.767916, 48100445.767916
Z3, 22, 10, 4K, 238056.000000, 0.002182, 109099908.340972, 119028000.000000, 1.851282, 2, 4.148785, 48318962.234645, 48318962.234645
Z3, 23, 10, 4K, 231240.000000, 0.001706, 135545134.818288, 231240000.000000, 1.851282, 2, 4.148785, 53608007.530108, 53608007.530108
Z3, 24, 10, 4K, 299680.000000, 0.001938, 154633642.930857, 299680000.000000, 1.851282, 2, 4.148785, 57425709.152622, 57425709.152622
Z3, 25, 10, 4K, 228120.000000, 0.001878, 121469648.562300, 228120000.000000, 1.851282, 2, 4.148785, 50792910.278911, 50792910.278911
Z3, 26, 10, 4K, 227320.000000, 0.001902, 119516298.633018, 227320000.000000, 1.851282, 2, 4.148785, 50402240.293054, 50402240.293054
Z3, 27, 10, 4K, 304072.000000, 0.002325, 130783655.913979, 152036000.000000, 1.851282, 2, 4.148785, 52655711.749246, 52655711.749246
Z3, 28, 10, 4K, 353400.000000, 0.002669, 132409142.000749, 176700000.000000, 1.851282, 2, 4.148785, 52980808.966600, 52980808.966600
Z3, 29, 10, 4K, 172656.000000, 0.001974, 87465045.592705, 172656000.000000, 1.851282, 2, 4.148785, 43991989.684992, 43991989.684992
Z3, 30, 10, 4K, 98848.000000, 0.001240, 79716129.032258, 98848000.000000, 1.851282, 2, 4.148785, 42442206.372902, 42442206.372902
Z3, 31, 10, 4K, 91496.000000, 0.001706, 53631887.456038, 91496000.000000, 1.851282, 2, 4.148785, 37225358.057658, 37225358.057658
Z3, 32, 10, 4K, 97576.000000, 0.001167, 83612682.090831, 97576000.000000, 1.851282, 2, 4.148785, 43221516.984617, 43221516.984617
Z3, 33, 10, 4K, 97704.000000, 0.001546, 63197930.142303, 97704000.000000, 1.851282, 2, 4.148785, 39138566.594911, 39138566.594911
Z3, 34, 10, 4K, 88320.000000, 0.003905, 22617157.490397, 29440000.000000, 1.851282, 2, 4.148785, 31022412.064530, 31022412.064530
Z3, 35, 10, 4K, 87440.000000, 0.001738, 50310701.956272, 87440000.000000, 1.851282, 2, 4.148785, 36561120.957705, 36561120.957705
Z3, 36, 10, 4K, 104440.000000, 0.001467, 71192910.702113, 104440000.000000, 1.851282, 2, 4.148785, 40737562.706873, 40737562.706873
Z3, 37, 10, 4K, 121960.000000, 0.001525, 79973770.491803, 121960000.000000, 1.851282, 2, 4.148785, 42493734.664811, 42493734.664811
Z3, 38, 10, 4K, 101328.000000, 0.001353, 74891352.549889, 101328000.000000, 1.851282, 2, 4.148785, 41477251.076428, 41477251.076428
Z1, 0, 11, 4K, 187144.000000, 0.022129, 8456956.934340, 8506544.000000, 1.689102, 2, 5.310965, 39608942.213504, 39608942.213504
Z2, 0, 11, 4K, 6624.000000, 0.024155, 274228.938108, 276000.000000, 1.689102, 2, 5.310965, 37972396.614258, 37972396.614258
Z2, 1, 11, 4K, 30984.000000, 0.000976, 31745901.639344, 30984000.000000, 1.689102, 2, 5.310965, 44266731.154505, 44266731.154505
Z2, 2, 11, 4K, 15416.000000, 0.001139, 13534679.543459, 15416000.000000, 1.689102, 2, 5.310965, 40624486.735328, 40624486.735328
Z2, 3, 11, 4K, 106528.000000, 0.001192, 89369127.516779, 106528000.000000, 1.689102, 2, 5.310965, 55791376.329992, 55791376.329992
Z2, 4, 11, 4K, 207096.000000, 0.001954, 105985670.419652, 207096000.000000, 1.689102, 2, 5.310965, 59114684.910567, 59114684.910567
Z2, 5, 11, 4K, 144872.000000, 0.001635, 88606727.828746, 144872000.000000, 1.689102, 2, 5.310965, 55638896.392386, 55638896.392386
Z2, 6, 11, 4K, 96736.000000, 0.001427, 67789768.745620, 96736000.000000, 1.689102, 2, 5.310965, 51475504.575761, 51475504.575761
Z2, 7, 11, 4K, 148752.000000, 0.001545, 96279611.650485, 148752000.000000, 1.689102, 2, 5.310965, 57173473.156734, 57173473.156734
Z3, 0, 11, 4K, 34936.000000, 0.028315, 1233833.657072, 1247712.000000, 1.689102, 2, 5.310965, 38164317.558051, 38164317.558051
Z3, 1, 11, 4K, 27632.000000, 0.001067, 25896907.216495, 27632000.000000, 1.689102, 2, 5.310965, 43096932.269935, 43096932.269935
Z3, 2, 11, 4K, 23520.000000, 0.001088, 21617647.058824, 23520000.000000, 1.689102, 2, 5.310965, 42241080.238401, 42241080.238401
Z3, 3, 11, 4K, 31368.000000, 0.000852, 36816901.408451, 31368000.000000, 1.689102, 2, 5.310965, 45280931.108327, 45280931.108327
Z3, 4, 11, 4K, 54312.000000, 0.001073, 50616961.789376, 54312000.000000, 1.689102, 2, 5.310965, 48040943.184512, 48040943.184512
Z3, 5, 11, 4K, 40752.000000, 0.000872, 46733944.954128, 40752000.000000, 1.689102, 2, 5.310965, 47264339.817462, 47264339.817462
Z3, 6, 11, 4K, 38360.000000, 0.001014, 37830374.753452, 38360000.000000, 1.689102, 2, 5.310965, 45483625.777327, 45483625.777327
Z3, 7, 11, 4K, 36560.000000, 0.000898, 40712694.877506, 36560000.000000, 1.689102, 2, 5.310965, 46060089.802138, 46060089.802138
Z3, 8, 11, 4K, 21080.000000, 0.000783, 26922094.508301, 21080000.000000, 1.689102, 2, 5.310965, 43301969.728297, 43301969.728297
Z3, 9, 11, 4K, 20560.000000, 0.001012, 20316205.533597, 20560000.000000, 1.689102, 2, 5.310965, 41980791.933356, 41980791.933356
Z3, 10, 11, 4K, 91920.000000, 0.001080, 85111111.111111, 91920000.000000, 1.689102, 2, 5.310965, 54939773.048859, 54939773.048859
Z3, 11, 11, 4K, 138720.000000, 0.001528, 90785340.314136, 138720000.000000, 1.689102, 2, 5.310965, 56074618.889464, 56074618.889464
Z3, 12, 11, 4K, 120856.000000, 0.001476, 81880758.807588, 120856000.000000, 1.689102, 2, 5.310965, 54293702.588154, 54293702.588154
Z3, 13, 11, 4K, 114584.000000, 0.001387, 82612833.453497, 114584000.000000, 1.689102, 2, 5.310965, 54440117.517336, 54440117.517336
Z3, 14, 11, 4K, 144272.000000, 0.001562, 92363636.363636, 144272000.000000, 1.689102, 2, 5.310965, 56390278.099364, 56390278.099364
Z3, 15, 11, 4K, 138616.000000, 0.001659, 83553948.161543, 138616000.000000, 1.689102, 2, 5.310965, 54628340.458945, 54628340.458945
Z3, 16, 11, 4K, 211528.000000, 0.001888, 112038135.593220, 211528000.000000, 1.689102, 2, 5.310965, 60325177.945281, 60325177.945281
Z3, 17, 11, 4K, 135616.000000, 0.005708, 23758934.828311, 27123200.000000, 1.689102, 2, 5.310965, 42669337.792299, 42669337.792299
Z3, 18, 11, 4K, 99488.000000, 0.001473, 67541072.640869, 99488000.000000, 1.689102, 2, 5.310965, 51425765.354810, 51425765.354810
Z3, 19, 11, 4K, 90224.000000, 0.001325, 68093584.905660, 90224000.000000, 1.689102, 2, 5.310965, 51536267.807769, 51536267.807769
Z3, 20, 11, 4K, 89648.000000, 0.001227, 73062754.686227, 89648000.000000, 1.689102, 2, 5.310965, 52530101.763882, 52530101.763882
Z3, 21, 11, 4K, 254456.000000, 0.001890, 134632804.232804, 254456000.000000, 1.689102, 2, 5.310965, 64844111.673197, 64844111.673197
Z3, 22, 11, 4K, 295200.000000, 0.001774, 166403607.666291, 295200000.000000, 1.689102, 2, 5.310965, 71198272.359895, 71198272.359895
Z3, 23, 11, 4K, 337696.000000, 0.002238, 150891867.739053, 168848000.000000, 1.689102, 2, 5.310965, 68095924.374447, 68095924.374447
Z3, 24, 11, 4K, 372720.000000, 0.002069, 180144997.583374, 186360000.000000, 1.689102, 2, 5.310965, 73946550.343311, 73946550.343311
Z3, 25, 11, 4K, 225672.000000, 0.001474, 153101763.907734, 225672000.000000, 1.689102, 2, 5.310965, 68537903.608183, 68537903.608183
Z3, 26, 11, 4K, 265312.000000, 0.002106, 125979107.312441, 132656000.000000, 1.689102, 2, 5.310965, 63113372.289125, 63113372.289125
Z3, 27, 11, 4K, 373248.000000, 0.002262, 165007957.559682, 186624000.000000, 1.689102, 2, 5.310965, 70919142.338573, 70919142.338573
Z3, 28, 11, 4K, 513952.000000, 0.002558, 200919468.334636, 256976000.000000, 1.689102, 2, 5.310965, 78101444.493564, 78101444.493564
Z3, 29, 11, 4K, 265808.000000, 0.001779, 149414277.684092, 265808000.000000, 1.689102, 2, 5.310965, 67800406.363455, 67800406.363455
Z3, 30, 11, 4K, 102392.000000, 0.001266, 80878357.030016, 102392000.000000, 1.689102, 2, 5.310965, 54093222.232640, 54093222.232640
Z3, 31, 11, 4K, 91552.000000, 0.001710, 53539181.286550, 91552000.000000, 1.689102, 2, 5.310965, 48625387.083946, 48625387.083946
Z3, 32, 11, 4K, 101968.000000, 0.001749, 58300743.281875, 101968000.000000, 1.689102, 2, 5.310965, 49577699.483012, 49577699.483012
Z3, 33, 11, 4K, 107392.000000, 0.001550, 69285161.290323, 107392000.000000, 1.689102, 2, 5.310965, 51774583.084701, 51774583.084701
Z3, 34, 11, 4K, 80560.000000, 0.001286, 62643856.920684, 80560000.000000, 1.689102, 2, 5.310965, 50446322.210773, 50446322.210773
Z3, 35, 11, 4K, 93112.000000, 0.001307, 71241009.946442, 93112000.000000, 1.689102, 2, 5.310965, 52165752.815925, 52165752.815925
Z3, 36, 11, 4K, 90024.000000, 0.001199, 75082568.807339, 90024000.000000, 1.689102, 2, 5.310965, 52934064.588104, 52934064.588104
Z3, 37, 11, 4K, 76112.000000, 0.001117, 68139659.803044, 76112000.000000, 1.689102, 2, 5.310965, 51545482.787245, 51545482.787245
Z3, 38, 11, 4K, 104384.000000, 0.001268, 82321766.561514, 104384000.000000, 1.689102, 2, 5.310965, 54381904.138939, 54381904.138939
Z1, 0, 12, 4K, 177168.000000, 0.025777, 6873103.929860, 7086720.000000, 1.538360, 2, 5.461707, 50908737.314292, 50908737.314292
Z2, 0, 12, 4K, 6624.000000, 0.021111, 313770.072474, 315424.000000, 1.538360, 2, 5.461707, 49596870.542815, 49596870.542815
Z2, 1, 12, 4K, 20480.000000, 0.001008, 20317460.317460, 20480000.000000, 1.538360, 2, 5.461707, 53597608.591812, 53597608.591812
Z2, 2, 12, 4K, 11144.000000, 0.001022, 10904109.589041, 11144000.000000, 1.538360, 2, 5.461707, 51714938.446128, 51714938.446128
Z2, 3, 12, 4K, 104480.000000, 0.001169, 89375534.644996, 104480000.000000, 1.538360, 2, 5.461707, 67409223.457319, 67409223.457319
Z2, 4, 12, 4K, 214760.000000, 0.001919, 111912454.403335, 214760000.000000, 1.538360, 2, 5.461707, 71916607.408987, 71916607.408987
Z2, 5, 12, 4K, 256424.000000, 0.002035, 126006879.606880, 128212000.000000, 1.538360, 2, 5.461707, 74735492.449696, 74735492.449696
Z2, 6, 12, 4K, 80536.000000, 0.001449, 55580400.276052, 80536000.000000, 1.538360, 2, 5.461707, 60650196.583530, 60650196.583530
Z2, 7, 12, 4K, 97728.000000, 0.001330, 73479699.248120, 97728000.000000, 1.538360, 2, 5.461707, 64230056.377944, 64230056.377944
Z3, 0, 12, 4K, 19496.000000, 0.018904, 1031316.123572, 1083104.000000, 1.538360, 2, 5.461707, 49740379.753034, 49740379.753034
Z3, 1, 12, 4K, 41600.000000, 0.000861, 48315911.730546, 41600000.000000, 1.538360, 2, 5.461707, 59197298.874429, 59197298.874429
Z3, 2, 12, 4K, 26232.000000, 0.000793, 33079445.145019, 26232000.000000, 1.538360, 2, 5.461707, 56150005.557324, 56150005.557324
Z3, 3, 12, 4K, 35912.000000, 0.000989, 36311425.682508, 35912000.000000, 1.538360, 2, 5.461707, 56796401.664821, 56796401.664821
Z3, 4, 12, 4K, 31912.000000, 0.001010, 31596039.603960, 31912000.000000, 1.538360, 2, 5.461707, 55853324.449112, 55853324.449112
Z3, 5, 12, 4K, 19240.000000, 0.000757, 25416116.248349, 19240000.000000, 1.538360, 2, 5.461707, 54617339.777990, 54617339.777990
Z3, 6, 12, 4K, 15136.000000, 0.000983, 15397761.953204, 15136000.000000, 1.538360, 2, 5.461707, 52613668.918961, 52613668.918961
Z3, 7, 12, 4K, 11880.000000, 0.000948, 12531645.569620, 11880000.000000, 1.538360, 2, 5.461707, 52040445.642244, 52040445.642244
Z3, 8, 12, 4K, 11424.000000, 0.000634, 18018927.444795, 11424000.000000, 1.538360, 2, 5.461707, 53137902.017279, 53137902.017279
Z3, 9, 12, 4K, 12184.000000, 0.000676, 18023668.639053, 12184000.000000, 1.538360, 2, 5.461707, 53138850.256131, 53138850.256131
Z3, 10, 12, 4K, 110704.000000, 0.001424, 77741573.033708, 110704000.000000, 1.538360, 2, 5.461707, 65082431.135061, 65082431.135061
Z3, 11, 12, 4K, 129784.000000, 0.001434, 90504881.450488, 129784000.000000, 1.538360, 2, 5.461707, 67635092.818417, 67635092.818417
Z3, 12, 12, 4K, 166568.000000, 0.001509, 110383035.122598, 166568000.000000, 1.538360, 2, 5.461707, 71610723.552839, 71610723.552839
Z3, 13, 12, 4K, 122960.000000, 0.001226, 100293637.846656, 122960000.000000, 1.538360, 2, 5.461707, 69592844.097651, 69592844.097651
Z3, 14, 12, 4K, 171640.000000, 0.001533, 111963470.319635, 171640000.000000, 1.538360, 2, 5.461707, 71926810.592247, 71926810.592247
Z3, 15, 12, 4K, 164560.000000, 0.001433, 114836008.374040, 164560000.000000, 1.538360, 2, 5.461707, 72501318.203128, 72501318.203128
Z3, 16, 12, 4K, 200832.000000, 0.001585, 126707886.435331, 200832000.000000, 1.538360, 2, 5.461707, 74875693.815386, 74875693.815386
Z3, 17, 12, 4K, 163440.000000, 0.001458, 112098765.432099, 163440000.000000, 1.538360, 2, 5.461707, 71953869.614740, 71953869.614740
Z3, 18, 12, 4K, 195408.000000, 0.001537, 127135979.180221, 195408000.000000, 1.538360, 2, 5.461707, 74961312.364364, 74961312.364364
Z3, 19, 12, 4K, 141952.000000, 0.001667, 85154169.166167, 141952000.000000, 1.538360, 2, 5.461707, 66564950.361553, 66564950.361553
Z3, 20, 12, 4K, 115864.000000, 0.001236, 93741100.323625, 115864000.000000, 1.538360, 2, 5.461707, 68282336.593045, 68282336.593045
Z3, 21, 12, 4K, 248576.000000, 0.001878, 132362087.326944, 248576000.000000, 1.538360, 2, 5.461707, 76006533.993709, 76006533.993709
Z3, 22, 12, 4K, 345040.000000, 0.002252, 153214920.071048, 172520000.000000, 1.538360, 2, 5.461707, 80177100.542529, 80177100.542529
Z3, 23, 12, 4K, 295296.000000, 0.001815, 162697520.661157, 295296000.000000, 1.538360, 2, 5.461707, 82073620.660551, 82073620.660551
Z3, 24, 12, 4K, 385520.000000, 0.002329, 165530270.502362, 192760000.000000, 1.538360, 2, 5.461707, 82640170.628792, 82640170.628792
Z3, 25, 12, 4K, 219952.000000, 0.001629, 135022713.321056, 219952000.000000, 1.538360, 2, 5.461707, 76538659.192531, 76538659.192531
Z3, 26, 12, 4K, 323240.000000, 0.001942, 166446961.894954, 323240000.000000, 1.538360, 2, 5.461707, 82823508.907311, 82823508.907311
Z3, 27, 12, 4K, 481656.000000, 0.002546, 189181461.115475, 240828000.000000, 1.538360, 2, 5.461707, 87370408.751415, 87370408.751415
Z3, 28, 12, 4K, 552784.000000, 0.002771, 199488993.143270, 276392000.000000, 1.538360, 2, 5.461707, 89431915.156974, 89431915.156974
Z3, 29, 12, 4K, 439328.000000, 0.002244, 195778966.131907, 219664000.000000, 1.538360, 2, 5.461707, 88689909.754701, 88689909.754701
Z3, 30, 12, 4K, 78928.000000, 0.001401, 56336902.212705, 78928000.000000, 1.538360, 2, 5.461707, 60801496.970861, 60801496.970861
Z3, 31, 12, 4K, 90936.000000, 0.001372, 66279883.381924, 90936000.000000, 1.538360, 2, 5.461707, 62790093.204705, 62790093.204705
Z3, 32, 12, 4K, 108688.000000, 0.001404, 77413105.413105, 108688000.000000, 1.538360, 2, 5.461707, 65016737.610941, 65016737.610941
Z3, 33, 12, 4K, 106656.000000, 0.001189, 89702270.815812, 106656000.000000, 1.538360, 2, 5.461707, 67474570.691482, 67474570.691482
Z3, 34, 12, 4K, 105120.000000, 0.001367, 76898317.483541, 105120000.000000, 1.538360, 2, 5.461707, 64913780.025028, 64913780.025028
Z3, 35, 12, 4K, 114168.000000, 0.001257, 90825775.656325, 114168000.000000, 1.538360, 2, 5.461707, 67699271.659585, 67699271.659585
Z3, 36, 12, 4K, 172408.000000, 0.001608, 107218905.472637, 172408000.000000, 1.538360, 2, 5.461707, 70977897.622847, 70977897.622847
Z3, 37, 12, 4K, 121920.000000, 0.001509, 80795228.628231, 121920000.000000, 1.538360, 2, 5.461707, 65693162.253966, 65693162.253966
Z3, 38, 12, 4K, 90808.000000, 0.001328, 68379518.072289, 90808000.000000, 1.538360, 2, 5.461707, 63210020.142778, 63210020.142778
Z1, 0, 13, 4K, 12072.000000, 0.024210, 498636.926890, 503000.000000, 1.401004, 2, 6.599063, 55912805.632131, 55912805.632131
Z2, 0, 13, 4K, 6624.000000, 0.023622, 280416.560833, 288000.000000, 1.401004, 2, 6.599063, 55869161.558920, 55869161.558920
Z2, 1, 13, 4K, 14096.000000, 0.000998, 14124248.496994, 14096000.000000, 1.401004, 2, 6.599063, 58637927.946152, 58637927.946152
Z2, 2, 13, 4K, 11568.000000, 0.001065, 10861971.830986, 11568000.000000, 1.401004, 2, 6.599063, 57985472.612950, 57985472.612950
Z2, 3, 13, 4K, 265632.000000, 0.002046, 129829912.023460, 132816000.000000, 1.401004, 2, 6.599063, 81779060.651445, 81779060.651445
Z2, 4, 13, 4K, 231376.000000, 0.002087, 110865356.971730, 115688000.000000, 1.401004, 2, 6.599063, 77986149.641099, 77986149.641099
Z2, 5, 13, 4K, 217208.000000, 0.002238, 97054512.957998, 108604000.000000, 1.401004, 2, 6.599063, 75223980.838353, 75223980.838353
Z2, 6, 13, 4K, 162672.000000, 0.001804, 90172949.002217, 162672000.000000, 1.401004, 2, 6.599063, 73847668.047197, 73847668.047197
Z2, 7, 13, 4K, 176832.000000, 0.001711, 103350087.668030, 176832000.000000, 1.401004, 2, 6.599063, 76483095.780359, 76483095.780359
Z3, 0, 13, 4K, 18240.000000, 0.023241, 784819.930296, 793040.000000, 1.401004, 2, 6.599063, 55970042.232812, 55970042.232812
Z3, 1, 13, 4K, 19120.000000, 0.007788, 2455059.065229, 2731424.000000, 1.401004, 2, 6.599063, 56304090.059799, 56304090.059799
Z3, 2, 13, 4K, 17576.000000, 0.004409, 3986391.471989, 4394000.000000, 1.401004, 2, 6.599063, 56610356.541151, 56610356.541151
Z3, 3, 13, 4K, 13752.000000, 0.000760, 18094736.842105, 13752000.000000, 1.401004, 2, 6.599063, 59432025.615174, 59432025.615174
Z3, 4, 13, 4K, 20424.000000, 0.001118, 18268336.314848, 20424000.000000, 1.401004, 2, 6.599063, 59466745.509723, 59466745.509723
Z3, 5, 13, 4K, 31888.000000, 0.001137, 28045734.388742, 31888000.000000, 1.401004, 2, 6.599063, 61422225.124502, 61422225.124502
Z3, 6, 13, 4K, 34824.000000, 0.001025, 33974634.146341, 34824000.000000, 1.401004, 2, 6.599063, 62608005.076022, 62608005.076022
Z3, 7, 13, 4K, 27304.000000, 0.001110, 24598198.198198, 27304000.000000, 1.401004, 2, 6.599063, 60732717.886393, 60732717.886393
Z3, 8, 13, 4K, 24832.000000, 0.001014, 24489151.873767, 24832000.000000, 1.401004, 2, 6.599063, 60710908.621507, 60710908.621507
Z3, 9, 13, 4K, 102416.000000, 0.001428, 71719887.955182, 102416000.000000, 1.401004, 2, 6.599063, 70157055.837790, 70157055.837790
Z3, 10, 13, 4K, 123344.000000, 0.001597, 77234815.278647, 123344000.000000, 1.401004, 2, 6.599063, 71260041.302483, 71260041.302483
Z3, 11, 13, 4K, 125056.000000, 0.001275, 98083137.254902, 125056000.000000, 1.401004, 2, 6.599063, 75429705.697734, 75429705.697734
Z3, 12, 13, 4K, 117608.000000, 0.001280, 91881250.000000, 117608000.000000, 1.401004, 2, 6.599063, 74189328.246753, 74189328.246753
Z3, 13, 13, 4K, 166128.000000, 0.001604, 103571072.319202, 166128000.000000, 1.401004, 2, 6.599063, 76527292.710594, 76527292.710594
Z3, 14, 13, 4K, 184040.000000, 0.001530, 120287581.699346, 184040000.000000, 1.401004, 2, 6.599063, 79870594.586623, 79870594.586623
Z3, 15, 13, 4K, 326472.000000, 0.002505, 130328143.712575, 163236000.000000, 1.401004, 2, 6.599063, 81878706.989268, 81878706.989268
Z3, 16, 13, 4K, 315832.000000, 0.002189, 144281407.035176, 157916000.000000, 1.401004, 2, 6.599063, 84669359.653788, 84669359.653788
Z3, 17, 13, 4K, 278216.000000, 0.002281, 121971065.322227, 139108000.000000, 1.401004, 2, 6.599063, 80207291.311199, 80207291.311199
Z3, 18, 13, 4K, 183344.000000, 0.001662, 110315282.791817, 183344000.000000, 1.401004, 2, 6.599063, 77876134.805117, 77876134.805117
Z3, 19, 13, 4K, 213632.000000, 0.001518, 140732542.819499, 213632000.000000, 1.401004, 2, 6.599063, 83959586.810653, 83959586.810653
Z3, 20, 13, 4K, 248704.000000, 0.001999, 124414207.103552, 248704000.000000, 1.401004, 2, 6.599063, 80695919.667464, 80695919.667464
Z3, 21, 13, 4K, 291920.000000, 0.006868, 42504368.083867, 48653328.000000, 1.401004, 2, 6.599063, 64313951.863527, 64313951.863527
Z3, 22, 13, 4K, 272896.000000, 0.002193, 124439580.483356, 136448000.000000, 1.401004, 2, 6.599063, 80700994.343424, 80700994.343424
Z3, 23, 13, 4K, 353984.000000, 0.002270, 155940088.105727, 176992000.000000, 1.401004, 2, 6.599063, 87001095.867899, 87001095.867899
Z3, 24, 13, 4K, 187896.000000, 0.001361, 138057310.800882, 187896000.000000, 1.401004, 2, 6.599063, 83424540.406930, 83424540.406930
Z3, 25, 13, 4K, 267712.000000, 0.001809, 147988944.168049, 267712000.000000, 1.401004, 2, 6.599063, 85410867.080363, 85410867.080363
Z3, 26, 13, 4K, 360608.000000, 0.002527, 142702018.203403, 180304000.000000, 1.401004, 2, 6.599063, 84353481.887434, 84353481.887434
Z3, 27, 13, 4K, 316984.000000, 0.001972, 160742393.509128, 316984000.000000, 1.401004, 2, 6.599063, 87961556.948579, 87961556.948579
Z3, 28, 13, 4K, 344104.000000, 0.002141, 160721158.337226, 172052000.000000, 1.401004, 2, 6.599063, 87957309.914198, 87957309.914198
Z3, 29, 13, 4K, 316392.000000, 0.001630, 194105521.472393, 316392000.000000, 1.401004, 2, 6.599063, 94634182.541232, 94634182.541232
Z3, 30, 13, 4K, 94808.000000, 0.001405, 67479003.558719, 94808000.000000, 1.401004, 2, 6.599063, 69308878.958497, 69308878.958497
Z3, 31, 13, 4K, 89856.000000, 0.001574, 57087674.714104, 89856000.000000, 1.401004, 2, 6.599063, 67230613.189574, 67230613.189574
Z3, 32, 13, 4K, 76680.000000, 0.001166, 65763293.310463, 76680000.000000, 1.401004, 2, 6.599063, 68965736.908846, 68965736.908846
Z3, 33, 13, 4K, 75464.000000, 0.001419, 53181113.460183, 75464000.000000, 1.401004, 2, 6.599063, 66449300.938790, 66449300.938790
Z3, 34, 13, 4K, 75568.000000, 0.001252, 60357827.476038, 75568000.000000, 1.401004, 2, 6.599063, 67884643.741961, 67884643.741961
Z3, 35, 13, 4K, 53048.000000, 0.001126, 47111900.532860, 53048000.000000, 1.401004, 2, 6.599063, 65235458.353325, 65235458.353325
Z3, 36, 13, 4K, 71632.000000, 0.001104, 64884057.971014, 71632000.000000, 1.401004, 2, 6.599063, 68789889.840956, 68789889.840956
Z3, 37, 13, 4K, 124120.000000, 0.001600, 77575000.000000, 124120000.000000, 1.401004, 2, 6.599063, 71328078.246753, 71328078.246753
Z3, 38, 13, 4K, 159576.000000, 0.001642, 97183922.046285, 159576000.000000, 1.401004, 2, 6.599063, 75249862.656010, 75249862.656010
Z1, 0, 14, 4K, 36464.000000, 0.020118, 1812506.213341, 1823200.000000, 1.237568, 2, 6.762499, 64917813.088664, 64917813.088664
Z2, 0, 14, 4K, 6624.000000, 0.021016, 315188.427864, 315424.000000, 1.237568, 2, 6.762499, 64618349.531568, 64618349.531568
Z2, 1, 14, 4K, 65528.000000, 0.001165, 56247210.300429, 65528000.000000, 1.237568, 2, 6.762499, 75804753.906081, 75804753.906081
Z2, 2, 14, 4K, 26120.000000, 0.000997, 26198595.787362, 26120000.000000, 1.237568, 2, 6.762499, 69795031.003468, 69795031.003468
Z2, 3, 14, 4K, 276584.000000, 0.001929, 143382063.245205, 276584000.000000, 1.237568, 2, 6.762499, 93231724.495036, 93231724.495036
Z2, 4, 14, 4K, 310648.000000, 0.002189, 141913202.375514, 155324000.000000, 1.237568, 2, 6.762499, 92937952.321098, 92937952.321098
Z2, 5, 14, 4K, 211048.000000, 0.001803, 117053799.223516, 211048000.000000, 1.237568, 2, 6.762499, 87966071.690699, 87966071.690699
Z2, 6, 14, 4K, 102528.000000, 0.001302, 78746543.778802, 102528000.000000, 1.237568, 2, 6.762499, 80304620.601756, 80304620.601756
Z2, 7, 14, 4K, 101856.000000, 0.001200, 84880000.000000, 101856000.000000, 1.237568, 2, 6.762499, 81531311.845996, 81531311.845996
Z3, 0, 14, 4K, 19944.000000, 0.020318, 981592.676445, 997200.000000, 1.237568, 2, 6.762499, 64751630.381284, 64751630.381284
Z3, 1, 14, 4K, 27688.000000, 0.000955, 28992670.157068, 27688000.000000, 1.237568, 2, 6.762499, 70353845.877409, 70353845.877409
Z3, 2, 14, 4K, 29160.000000, 0.000985, 29604060.913706, 29160000.000000, 1.237568, 2, 6.762499, 70476124.028737, 70476124.028737
Z3, 3, 14, 4K, 17040.000000, 0.000882, 19319727.891156, 17040000.000000, 1.237568, 2, 6.762499, 68419257.424227, 68419257.424227
Z3, 4, 14, 4K, 29288.000000, 0.000928, 31560344.827586, 29288000.000000, 1.237568, 2, 6.762499, 70867380.811513, 70867380.811513
Z3, 5, 14, 4K, 29392.000000, 0.000876, 33552511.415525, 29392000.000000, 1.237568, 2, 6.762499, 71265814.129101, 71265814.129101
Z3, 6, 14, 4K, 19864.000000, 0.000903, 21997785.160576, 19864000.000000, 1.237568, 2, 6.762499, 68954868.878111, 68954868.878111
Z3, 7, 14, 4K, 46568.000000, 0.001067, 43643861.293346, 46568000.000000, 1.237568, 2, 6.762499, 73284084.104665, 73284084.104665
Z3, 8, 14, 4K, 77848.000000, 0.001134, 68649029.982363, 77848000.000000, 1.237568, 2, 6.762499, 78285117.842468, 78285117.842468
Z3, 9, 14, 4K, 121432.000000, 0.001320, 91993939.393939, 121432000.000000, 1.237568, 2, 6.762499, 82954099.724783, 82954099.724783
Z3, 10, 14, 4K, 178104.000000, 0.001492, 119372654.155496, 178104000.000000, 1.237568, 2, 6.762499, 88429842.677095, 88429842.677095
Z3, 11, 14, 4K, 144672.000000, 0.001457, 99294440.631434, 144672000.000000, 1.237568, 2, 6.762499, 84414199.972282, 84414199.972282
Z3, 12, 14, 4K, 153792.000000, 0.001416, 108610169.491525, 153792000.000000, 1.237568, 2, 6.762499, 86277345.744301, 86277345.744301
Z3, 13, 14, 4K, 193616.000000, 0.001705, 113557771.260997, 193616000.000000, 1.237568, 2, 6.762499, 87266866.098195, 87266866.098195
Z3, 14, 14, 4K, 215184.000000, 0.001587, 135591682.419660, 215184000.000000, 1.237568, 2, 6.762499, 91673648.329927, 91673648.329927
Z3, 15, 14, 4K, 391928.000000, 0.002341, 167419051.687313, 195964000.000000, 1.237568, 2, 6.762499, 98039122.183458, 98039122.183458
Z3, 16, 14, 4K, 320024.000000, 0.002140, 149543925.233645, 160012000.000000, 1.237568, 2, 6.762499, 94464096.892724, 94464096.892724
Z3, 17, 14, 4K, 268840.000000, 0.002365, 113674418.604651, 134420000.000000, 1.237568, 2, 6.762499, 87290195.566926, 87290195.566926
Z3, 18, 14, 4K, 275832.000000, 0.001745, 158069914.040115, 275832000.000000, 1.237568, 2, 6.762499, 96169294.654018, 96169294.654018
Z3, 19, 14, 4K, 163384.000000, 0.001661, 98364840.457556, 163384000.000000, 1.237568, 2, 6.762499, 84228279.937507, 84228279.937507
Z3, 20, 14, 4K, 193688.000000, 0.001744, 111059633.027523, 193688000.000000, 1.237568, 2, 6.762499, 86767238.451500, 86767238.451500
Z3, 21, 14, 4K, 225432.000000, 0.001678, 134345649.582837, 225432000.000000, 1.237568, 2, 6.762499, 91424441.762563, 91424441.762563
Z3, 22, 14, 4K, 248896.000000, 0.001476, 168628726.287263, 248896000.000000, 1.237568, 2, 6.762499, 98281057.103448, 98281057.103448
Z3, 23, 14, 4K, 266808.000000, 0.001820, 146597802.197802, 266808000.000000, 1.237568, 2, 6.762499, 93874872.285556, 93874872.285556
Z3, 24, 14, 4K, 164848.000000, 0.001430, 115278321.678322, 164848000.000000, 1.237568, 2, 6.762499, 87610976.181660, 87610976.181660
Z3, 25, 14, 4K, 188952.000000, 0.001905, 99187401.574803, 188952000.000000, 1.237568, 2, 6.762499, 84392792.160956, 84392792.160956
Z3, 26, 14, 4K, 335320.000000, 0.001795, 186807799.442897, 335320000.000000, 1.237568, 2, 6.762499, 101916871.734575, 101916871.734575
Z3, 27, 14, 4K, 365224.000000, 0.002053, 177897710.667316, 182612000.000000, 1.237568, 2, 6.762499, 100134853.979459, 100134853.979459
Z3, 28, 14, 4K, 392736.000000, 0.002029, 193561360.275998, 196368000.000000, 1.237568, 2, 6.762499, 103267583.901195, 103267583.901195
Z3, 29, 14, 4K, 324128.000000, 0.001713, 189216579.100992, 324128000.000000, 1.237568, 2, 6.762499, 102398627.666194, 102398627.666194
Z3, 30, 14, 4K, 37424.000000, 0.001084, 34523985.239852, 37424000.000000, 1.237568, 2, 6.762499, 71460108.893966, 71460108.893966
Z3, 31, 14, 4K, 36240.000000, 0.001076, 33680297.397770, 36240000.000000, 1.237568, 2, 6.762499, 71291371.325549, 71291371.325549
Z3, 32, 14, 4K, 32904.000000, 0.000932, 35304721.030043, 32904000.000000, 1.237568, 2, 6.762499, 71616256.052004, 71616256.052004
Z3, 33, 14, 4K, 33208.000000, 0.000997, 33307923.771314, 33208000.000000, 1.237568, 2, 6.762499, 71216896.600258, 71216896.600258
Z3, 34, 14, 4K, 27104.000000, 0.001099, 24662420.382166, 27104000.000000, 1.237568, 2, 6.762499, 69487795.922429, 69487795.922429
Z3, 35, 14, 4K, 27712.000000, 0.000998, 27767535.070140, 27712000.000000, 1.237568, 2, 6.762499, 70108818.860024, 70108818.860024
Z3, 36, 14, 4K, 69480.000000, 0.001331, 52201352.366642, 69480000.000000, 1.237568, 2, 6.762499, 74995582.319324, 74995582.319324
Z3, 37, 14, 4K, 104904.000000, 0.001424, 73668539.325843, 104904000.000000, 1.237568, 2, 6.762499, 79289019.711164, 79289019.711164
Z3, 38, 14, 4K, 111104.000000, 0.001346, 82543833.580981, 111104000.000000, 1.237568, 2, 6.762499, 81064078.562192, 81064078.562192
Z1, 0, 15, 4K, 278440.000000, 0.022705, 12263378.110548, 12656360.000000, 1.105066, 2, 7.895001, 68538483.674323, 68538483.674323
Z2, 0, 15, 4K, 6624.000000, 0.021521, 307792.388830, 315424.000000, 1.105066, 2, 7.895001, 66147366.529980, 66147366.529980
Z2, 1, 15, 4K, 92296.000000, 0.001155, 79909956.709957, 92296000.000000, 1.105066, 2, 7.895001, 82067799.394205, 82067799.394205
Z2, 2, 15, 4K, 97816.000000, 0.001241, 78820306.204674, 97816000.000000, 1.105066, 2, 7.895001, 81849869.293149, 81849869.293149
Z2, 3, 15, 4K, 40600.000000, 0.000920, 44130434.782609, 40600000.000000, 1.105066, 2, 7.895001, 74911895.008736, 74911895.008736
Z2, 4, 15, 4K, 232152.000000, 0.001902, 122056782.334385, 232152000.000000, 1.105066, 2, 7.895001, 90497164.519091, 90497164.519091
Z2, 5, 15, 4K, 255400.000000, 0.001861, 137238044.062332, 255400000.000000, 1.105066, 2, 7.895001, 93533416.864680, 93533416.864680
Z2, 6, 15, 4K, 249784.000000, 0.001633, 152960195.958359, 249784000.000000, 1.105066, 2, 7.895001, 96677847.243886, 96677847.243886
Z2, 7, 15, 4K, 288648.000000, 0.001996, 144613226.452906, 288648000.000000, 1.105066, 2, 7.895001, 95008453.342795, 95008453.342795
Z3, 0, 15, 4K, 12608.000000, 0.022327, 564697.451516, 573088.000000, 1.105066, 2, 7.895001, 66198747.542517, 66198747.542517
Z3, 1, 15, 4K, 14232.000000, 0.004610, 3087201.735358, 3558000.000000, 1.105066, 2, 7.895001, 66703248.399285, 66703248.399285
Z3, 2, 15, 4K, 18288.000000, 0.001075, 17012093.023256, 18288000.000000, 1.105066, 2, 7.895001, 69488226.656865, 69488226.656865
Z3, 3, 15, 4K, 17960.000000, 0.000934, 19229122.055675, 17960000.000000, 1.105066, 2, 7.895001, 69931632.463349, 69931632.463349
Z3, 4, 15, 4K, 30136.000000, 0.001250, 24108800.000000, 30136000.000000, 1.105066, 2, 7.895001, 70907568.052214, 70907568.052214
Z3, 5, 15, 4K, 38832.000000, 0.001071, 36257703.081232, 38832000.000000, 1.105066, 2, 7.895001, 73337348.668460, 73337348.668460
Z3, 6, 15, 4K, 80120.000000, 0.001502, 53342210.386152, 80120000.000000, 1.105066, 2, 7.895001, 76754250.129444, 76754250.129444
Z3, 7, 15, 4K, 115624.000000, 0.001177, 98236193.712829, 115624000.000000, 1.105066, 2, 7.895001, 85733046.794780, 85733046.794780
Z3, 8, 15, 4K, 91976.000000, 0.001375, 66891636.363636, 91976000.000000, 1.105066, 2, 7.895001, 79464135.324941, 79464135.324941
Z3, 9, 15, 4K, 131496.000000, 0.001397, 94127415.891195, 131496000.000000, 1.105066, 2, 7.895001, 84911291.230453, 84911291.230453
Z3, 10, 15, 4K, 151608.000000, 0.001564, 96936061.381074, 151608000.000000, 1.105066, 2, 7.895001, 85473020.328429, 85473020.328429
Z3, 11, 15, 4K, 133200.000000, 0.001414, 94200848.656294, 133200000.000000, 1.105066, 2, 7.895001, 84925977.783473, 84925977.783473
Z3, 12, 15, 4K, 197848.000000, 0.002082, 95027857.829011, 98924000.000000, 1.105066, 2, 7.895001, 85091379.618016, 85091379.618016
Z3, 13, 15, 4K, 216432.000000, 0.001959, 110480857.580398, 216432000.000000, 1.105066, 2, 7.895001, 88181979.568293, 88181979.568293
Z3, 14, 15, 4K, 250032.000000, 0.002269, 110194799.471133, 125016000.000000, 1.105066, 2, 7.895001, 88124767.946440, 88124767.946440
Z3, 15, 15, 4K, 238656.000000, 0.002124, 112361581.920904, 119328000.000000, 1.105066, 2, 7.895001, 88558124.436395, 88558124.436395
Z3, 16, 15, 4K, 165160.000000, 0.001648, 100218446.601942, 165160000.000000, 1.105066, 2, 7.895001, 86129497.372602, 86129497.372602
Z3, 17, 15, 4K, 167848.000000, 0.001602, 104774032.459426, 167848000.000000, 1.105066, 2, 7.895001, 87040614.544099, 87040614.544099
Z3, 18, 15, 4K, 132104.000000, 0.001575, 83875555.555556, 132104000.000000, 1.105066, 2, 7.895001, 82860919.163325, 82860919.163325
Z3, 19, 15, 4K, 143824.000000, 0.001536, 93635416.666667, 143824000.000000, 1.105066, 2, 7.895001, 84812891.385547, 84812891.385547
Z3, 20, 15, 4K, 175072.000000, 0.001573, 111298156.389065, 175072000.000000, 1.105066, 2, 7.895001, 88345439.330027, 88345439.330027
Z3, 21, 15, 4K, 170296.000000, 0.005300, 32131320.754717, 34059200.000000, 1.105066, 2, 7.895001, 72512072.203157, 72512072.203157
Z3, 22, 15, 4K, 193376.000000, 0.001784, 108394618.834081, 193376000.000000, 1.105066, 2, 7.895001, 87764731.819030, 87764731.819030
Z3, 23, 15, 4K, 150872.000000, 0.001605, 94001246.105919, 150872000.000000, 1.105066, 2, 7.895001, 84886057.273398, 84886057.273398
Z3, 24, 15, 4K, 172416.000000, 0.001379, 125029731.689630, 172416000.000000, 1.105066, 2, 7.895001, 91091754.390140, 91091754.390140
Z3, 25, 15, 4K, 210512.000000, 0.001531, 137499673.416068, 210512000.000000, 1.105066, 2, 7.895001, 93585742.735427, 93585742.735427
Z3, 26, 15, 4K, 202256.000000, 0.001903, 106282711.508145, 202256000.000000, 1.105066, 2, 7.895001, 87342350.353843, 87342350.353843
Z3, 27, 15, 4K, 207528.000000, 0.001493, 139000669.792364, 207528000.000000, 1.105066, 2, 7.895001, 93885942.010687, 93885942.010687
Z3, 28, 15, 4K, 46288.000000, 0.000962, 48116424.116424, 46288000.000000, 1.105066, 2, 7.895001, 75709092.875499, 75709092.875499
Z3, 29, 15, 4K, 38120.000000, 0.001063, 35860771.401693, 38120000.000000, 1.105066, 2, 7.895001, 73257962.332552, 73257962.332552
Z3, 30, 15, 4K, 29864.000000, 0.001012, 29509881.422925, 29864000.000000, 1.105066, 2, 7.895001, 71987784.336799, 71987784.336799
Z3, 31, 15, 4K, 29864.000000, 0.000997, 29953861.584754, 29864000.000000, 1.105066, 2, 7.895001, 72076580.369165, 72076580.369165
Z3, 32, 15, 4K, 42832.000000, 0.001202, 35633943.427621, 42832000.000000, 1.105066, 2, 7.895001, 73212596.737738, 73212596.737738
Z3, 33, 15, 4K, 53400.000000, 0.001137, 46965699.208443, 53400000.000000, 1.105066, 2, 7.895001, 75478947.893902, 75478947.893902
Z3, 34, 15, 4K, 54248.000000, 0.001284, 42249221.183801, 54248000.000000, 1.105066, 2, 7.895001, 74535652.288974, 74535652.288974
Z3, 35, 15, 4K, 56416.000000, 0.001381, 40851556.842867, 56416000.000000, 1.105066, 2, 7.895001, 74256119.420787, 74256119.420787
Z3, 36, 15, 4K, 63392.000000, 0.001145, 55364192.139738, 63392000.000000, 1.105066, 2, 7.895001, 77158646.480161, 77158646.480161
Z3, 37, 15, 4K, 78136.000000, 0.001159, 67416738.567731, 78136000.000000, 1.105066, 2, 7.895001, 79569155.765760, 79569155.765760
Z3, 38, 15, 4K, 85200.000000, 0.001229, 69324654.190399, 85200000.000000, 1.105066, 2, 7.895001, 79950738.890294, 79950738.890294
