Zone, Tile_no, Seg_no, Reso, Seg_d_size, Seg_d_time, Bitrate, Bitrate1, Buf_lev, Buf_limit, Elapsed, Ref_vp, Local_avg
Z1, 0, 1, 720, 9960.000000, 0.169408, 58792.973177, 58928.000000, 1.000000, 2, 0.000061, 58792.973177, 58792.973177
Z2, 0, 1, 720, 8952.000000, 0.240084, 37286.949568, 37296.000000, 1.000000, 2, 0.000061, 18643.474784, 18643.474784
Z2, 1, 1, 720, 5424.000000, 0.034355, 157880.948916, 159528.000000, 1.000000, 2, 0.000061, 52626.982972, 52626.982972
Z2, 2, 1, 720, 7080.000000, 0.048384, 146329.365079, 147496.000000, 1.000000, 2, 0.000061, 36582.341270, 36582.341270
Z2, 3, 1, 720, 18976.000000, 0.057533, 329828.098656, 332912.000000, 1.000000, 2, 0.000061, 65965.619731, 65965.619731
Z2, 4, 1, 720, 8720.000000, 0.039087, 223092.076650, 223584.000000, 1.000000, 2, 0.000061, 44618.415330, 44618.415330
Z2, 5, 1, 720, 8336.000000, 0.037588, 221772.906247, 225296.000000, 1.000000, 2, 0.000061, 44354.581249, 44354.581249
Z2, 6, 1, 720, 6376.000000, 0.029613, 215310.843211, 219856.000000, 1.000000, 2, 0.000061, 43062.168642, 43062.168642
Z2, 7, 1, 720, 6872.000000, 0.065743, 104528.238748, 105720.000000, 1.000000, 2, 0.000061, 20905.647750, 20905.647750
Z3, 0, 1, 720, 7080.000000, 0.163978, 43176.523680, 43432.000000, 1.000000, 2, 0.000061, 8635.304736, 8635.304736
Z3, 1, 1, 720, 7080.000000, 0.052848, 133969.118983, 136152.000000, 1.000000, 2, 0.000061, 26793.823797, 26793.823797
Z3, 2, 1, 720, 5664.000000, 0.054896, 103176.916351, 104888.000000, 1.000000, 2, 0.000061, 20635.383270, 20635.383270
Z3, 3, 1, 720, 7080.000000, 0.048349, 146435.293388, 147496.000000, 1.000000, 2, 0.000061, 29287.058678, 29287.058678
Z3, 4, 1, 720, 7080.000000, 0.055811, 126856.712834, 128720.000000, 1.000000, 2, 0.000061, 25371.342567, 25371.342567
Z3, 5, 1, 720, 5664.000000, 0.058958, 96068.387666, 97648.000000, 1.000000, 2, 0.000061, 19213.677533, 19213.677533
Z3, 6, 1, 720, 7080.000000, 0.038929, 181869.557399, 186312.000000, 1.000000, 2, 0.000061, 36373.911480, 36373.911480
Z3, 7, 1, 720, 7080.000000, 0.049905, 141869.552149, 144488.000000, 1.000000, 2, 0.000061, 28373.910430, 28373.910430
Z3, 8, 1, 720, 5664.000000, 0.029262, 193561.615747, 195304.000000, 1.000000, 2, 0.000061, 38712.323149, 38712.323149
Z3, 9, 1, 720, 7080.000000, 0.031719, 223210.063369, 228384.000000, 1.000000, 2, 0.000061, 44642.012674, 44642.012674
Z3, 10, 1, 720, 12904.000000, 0.047583, 271189.290293, 274552.000000, 1.000000, 2, 0.000061, 54237.858059, 54237.858059
Z3, 11, 1, 720, 17344.000000, 0.053238, 325782.335925, 327240.000000, 1.000000, 2, 0.000061, 65156.467185, 65156.467185
Z3, 12, 1, 720, 16912.000000, 0.071000, 238197.183099, 238192.000000, 1.000000, 2, 0.000061, 47639.436620, 47639.436620
Z3, 13, 1, 720, 13240.000000, 0.053158, 249068.813725, 249808.000000, 1.000000, 2, 0.000061, 49813.762745, 49813.762745
Z3, 14, 1, 720, 28328.000000, 0.054239, 522281.015505, 524592.000000, 1.000000, 2, 0.000061, 104456.203101, 104456.203101
Z3, 15, 1, 720, 30528.000000, 0.070701, 431790.215131, 436112.000000, 1.000000, 2, 0.000061, 86358.043026, 86358.043026
Z3, 16, 1, 720, 16360.000000, 0.065008, 251661.333990, 251688.000000, 1.000000, 2, 0.000061, 50332.266798, 50332.266798
Z3, 17, 1, 720, 33216.000000, 0.034021, 976338.144087, 976936.000000, 1.000000, 2, 0.000061, 195267.628817, 195267.628817
Z3, 18, 1, 720, 28000.000000, 0.066745, 419507.079182, 424240.000000, 1.000000, 2, 0.000061, 83901.415836, 83901.415836
Z3, 19, 1, 720, 15744.000000, 0.041041, 383616.383616, 384000.000000, 1.000000, 2, 0.000061, 76723.276723, 76723.276723
Z3, 20, 1, 720, 16024.000000, 0.040617, 394514.612108, 400600.000000, 1.000000, 2, 0.000061, 78902.922422, 78902.922422
Z3, 21, 1, 720, 11576.000000, 0.066460, 174179.957869, 175392.000000, 1.000000, 2, 0.000061, 34835.991574, 34835.991574
Z3, 22, 1, 720, 10816.000000, 0.038411, 281586.004009, 284624.000000, 1.000000, 2, 0.000061, 56317.200802, 56317.200802
Z3, 23, 1, 720, 13224.000000, 0.067191, 196812.073045, 197368.000000, 1.000000, 2, 0.000061, 39362.414609, 39362.414609
Z3, 24, 1, 720, 17528.000000, 0.058075, 301816.616444, 302200.000000, 1.000000, 2, 0.000061, 60363.323289, 60363.323289
Z3, 25, 1, 720, 23824.000000, 0.073718, 323177.514311, 326352.000000, 1.000000, 2, 0.000061, 64635.502862, 64635.502862
Z3, 26, 1, 720, 11024.000000, 0.042191, 261287.952407, 262472.000000, 1.000000, 2, 0.000061, 52257.590481, 52257.590481
Z3, 27, 1, 720, 15112.000000, 0.044415, 340245.412586, 343448.000000, 1.000000, 2, 0.000061, 68049.082517, 68049.082517
Z3, 28, 1, 720, 24552.000000, 0.068304, 359451.862263, 361056.000000, 1.000000, 2, 0.000061, 71890.372453, 71890.372453
Z3, 29, 1, 720, 10824.000000, 0.060879, 177795.298872, 180400.000000, 1.000000, 2, 0.000061, 35559.059774, 35559.059774
Z3, 30, 1, 720, 6872.000000, 0.030179, 227708.008880, 229064.000000, 1.000000, 2, 0.000061, 45541.601776, 45541.601776
Z3, 31, 1, 720, 6872.000000, 0.059692, 115124.304764, 116472.000000, 1.000000, 2, 0.000061, 23024.860953, 23024.860953
Z3, 32, 1, 720, 6376.000000, 0.034898, 182703.879879, 187528.000000, 1.000000, 2, 0.000061, 36540.775976, 36540.775976
Z3, 33, 1, 720, 6872.000000, 0.037292, 184275.447817, 185728.000000, 1.000000, 2, 0.000061, 36855.089563, 36855.089563
Z3, 34, 1, 720, 6872.000000, 0.072010, 95431.190112, 95440.000000, 1.000000, 2, 0.000061, 19086.238022, 19086.238022
Z3, 35, 1, 720, 6376.000000, 0.067652, 94247.028913, 95160.000000, 1.000000, 2, 0.000061, 18849.405783, 18849.405783
Z3, 36, 1, 720, 6872.000000, 0.042772, 160665.856168, 163616.000000, 1.000000, 2, 0.000061, 32133.171234, 32133.171234
Z3, 37, 1, 720, 6872.000000, 0.057365, 119794.299660, 120560.000000, 1.000000, 2, 0.000061, 23958.859932, 23958.859932
Z3, 38, 1, 720, 6376.000000, 0.032877, 193934.969736, 199248.000000, 1.000000, 2, 0.000061, 38786.993947, 38786.993947
Z1, 0, 2, 720, 7080.000000, 0.170563, 41509.588832, 41640.000000, 1.000000, 2, 2.864777, 47088.911714, 47088.911714
Z2, 0, 2, 720, 6624.000000, 0.194145, 34118.828710, 34144.000000, 1.000000, 2, 2.864777, 45610.759689, 45610.759689
Z2, 1, 2, 720, 5424.000000, 0.040784, 132993.330718, 135600.000000, 1.000000, 2, 2.864777, 65385.660091, 65385.660091
Z2, 2, 2, 720, 7080.000000, 0.046305, 152899.254940, 153912.000000, 1.000000, 2, 2.864777, 69366.844935, 69366.844935
Z2, 3, 2, 720, 12648.000000, 0.042189, 299793.785110, 301136.000000, 1.000000, 2, 2.864777, 98745.750969, 98745.750969
Z2, 4, 2, 720, 15344.000000, 0.075450, 203366.467860, 204584.000000, 1.000000, 2, 2.864777, 79460.287519, 79460.287519
Z2, 5, 2, 720, 18392.000000, 0.041733, 440706.395418, 448584.000000, 1.000000, 2, 2.864777, 126928.273031, 126928.273031
Z2, 6, 2, 720, 9160.000000, 0.069065, 132628.683125, 132752.000000, 1.000000, 2, 2.864777, 65312.730572, 65312.730572
Z2, 7, 2, 720, 8048.000000, 0.066445, 121122.733088, 121936.000000, 1.000000, 2, 2.864777, 63011.540565, 63011.540565
Z3, 0, 2, 720, 7080.000000, 0.156861, 45135.502132, 45384.000000, 1.000000, 2, 2.864777, 47814.094374, 47814.094374
Z3, 1, 2, 720, 7080.000000, 0.063907, 110785.985886, 112376.000000, 1.000000, 2, 2.864777, 60944.191124, 60944.191124
Z3, 2, 2, 720, 5664.000000, 0.047028, 120438.887471, 120504.000000, 1.000000, 2, 2.864777, 62874.771441, 62874.771441
Z3, 3, 2, 720, 7080.000000, 0.065397, 108261.846874, 108920.000000, 1.000000, 2, 2.864777, 60439.363322, 60439.363322
Z3, 4, 2, 720, 7080.000000, 0.046698, 151612.488758, 153912.000000, 1.000000, 2, 2.864777, 69109.491699, 69109.491699
Z3, 5, 2, 720, 5664.000000, 0.028813, 196577.933572, 202280.000000, 1.000000, 2, 2.864777, 78102.580661, 78102.580661
Z3, 6, 2, 720, 7080.000000, 0.059752, 118489.757665, 120000.000000, 1.000000, 2, 2.864777, 62484.945480, 62484.945480
Z3, 7, 2, 720, 7080.000000, 0.051221, 138224.556334, 138816.000000, 1.000000, 2, 2.864777, 66431.905214, 66431.905214
Z3, 8, 2, 720, 5664.000000, 0.059764, 94772.772907, 96000.000000, 1.000000, 2, 2.864777, 57741.548528, 57741.548528
Z3, 9, 2, 720, 17112.000000, 0.069456, 246371.803732, 248000.000000, 1.000000, 2, 2.864777, 88061.354694, 88061.354694
Z3, 10, 2, 720, 15320.000000, 0.029707, 515703.369576, 528272.000000, 1.000000, 2, 2.864777, 141927.667862, 141927.667862
Z3, 11, 2, 720, 10704.000000, 0.033092, 323461.863895, 324360.000000, 1.000000, 2, 2.864777, 103479.366726, 103479.366726
Z3, 12, 2, 720, 18776.000000, 0.030887, 607893.288439, 625864.000000, 1.000000, 2, 2.864777, 160365.651635, 160365.651635
Z3, 13, 2, 720, 21848.000000, 0.070519, 309817.212382, 312112.000000, 1.000000, 2, 2.864777, 100750.436424, 100750.436424
Z3, 14, 2, 720, 12752.000000, 0.027644, 461293.589929, 472296.000000, 1.000000, 2, 2.864777, 131045.711933, 131045.711933
Z3, 15, 2, 720, 21856.000000, 0.045527, 480066.773563, 485688.000000, 1.000000, 2, 2.864777, 134800.348660, 134800.348660
Z3, 16, 2, 720, 16880.000000, 0.063313, 266611.912246, 267936.000000, 1.000000, 2, 2.864777, 92109.376396, 92109.376396
Z3, 17, 2, 720, 12128.000000, 0.053461, 226856.961149, 228824.000000, 1.000000, 2, 2.864777, 84158.386177, 84158.386177
Z3, 18, 2, 720, 11592.000000, 0.047260, 245281.421921, 246632.000000, 1.000000, 2, 2.864777, 87843.278331, 87843.278331
Z3, 19, 2, 720, 9952.000000, 0.045946, 216602.098115, 221152.000000, 1.000000, 2, 2.864777, 82107.413570, 82107.413570
Z3, 20, 2, 720, 11064.000000, 0.029733, 372111.794975, 381512.000000, 1.000000, 2, 2.864777, 113209.352942, 113209.352942
Z3, 21, 2, 720, 14728.000000, 0.055325, 266208.766380, 267776.000000, 1.000000, 2, 2.864777, 92028.747223, 92028.747223
Z3, 22, 2, 720, 16264.000000, 0.062262, 261218.720889, 262320.000000, 1.000000, 2, 2.864777, 91030.738125, 91030.738125
Z3, 23, 2, 720, 9504.000000, 0.035840, 265178.571429, 271536.000000, 1.000000, 2, 2.864777, 91822.708233, 91822.708233
Z3, 24, 2, 720, 12688.000000, 0.037672, 336801.868762, 342912.000000, 1.000000, 2, 2.864777, 106147.367700, 106147.367700
Z3, 25, 2, 720, 17320.000000, 0.040215, 430685.067761, 433000.000000, 1.000000, 2, 2.864777, 124924.007499, 124924.007499
Z3, 26, 2, 720, 10632.000000, 0.057165, 185987.929677, 186520.000000, 1.000000, 2, 2.864777, 75984.579883, 75984.579883
Z3, 27, 2, 720, 9320.000000, 0.063896, 145862.025792, 147936.000000, 1.000000, 2, 2.864777, 67959.399106, 67959.399106
Z3, 28, 2, 720, 6376.000000, 0.055608, 114659.761185, 115920.000000, 1.000000, 2, 2.864777, 61718.946184, 61718.946184
Z3, 29, 2, 720, 6872.000000, 0.056965, 120635.477925, 122712.000000, 1.000000, 2, 2.864777, 62914.089532, 62914.089532
Z3, 30, 2, 720, 6872.000000, 0.030870, 222610.949142, 229064.000000, 1.000000, 2, 2.864777, 83309.183775, 83309.183775
Z3, 31, 2, 720, 6376.000000, 0.039856, 159975.913288, 163480.000000, 1.000000, 2, 2.864777, 70782.176605, 70782.176605
Z3, 32, 2, 720, 6872.000000, 0.073381, 93648.219566, 94136.000000, 1.000000, 2, 2.864777, 57516.637860, 57516.637860
Z3, 33, 2, 720, 6872.000000, 0.066280, 103681.351841, 104120.000000, 1.000000, 2, 2.864777, 59523.264315, 59523.264315
Z3, 34, 2, 720, 6376.000000, 0.067361, 94654.176749, 95160.000000, 1.000000, 2, 2.864777, 57717.829297, 57717.829297
Z3, 35, 2, 720, 6872.000000, 0.041322, 166303.663908, 167608.000000, 1.000000, 2, 2.864777, 72047.726729, 72047.726729
Z3, 36, 2, 720, 6872.000000, 0.030504, 225281.930239, 229064.000000, 1.000000, 2, 2.864777, 83843.379995, 83843.379995
Z3, 37, 2, 720, 6376.000000, 0.068721, 92780.954876, 93760.000000, 1.000000, 2, 2.864777, 57343.184922, 57343.184922
Z3, 38, 2, 720, 6872.000000, 0.075839, 90613.009138, 91624.000000, 1.000000, 2, 2.864777, 56909.595775, 56909.595775
Z1, 0, 3, 720, 9896.000000, 0.194763, 50810.472215, 51008.000000, 1.000000, 2, 5.704070, 67071.690218, 67071.690218
Z2, 0, 3, 720, 6624.000000, 0.191580, 34575.634200, 34680.000000, 1.000000, 2, 5.704070, 63824.722615, 63824.722615
Z2, 1, 3, 720, 5424.000000, 0.058981, 91961.818213, 93512.000000, 1.000000, 2, 5.704070, 75301.959417, 75301.959417
Z2, 2, 3, 720, 7080.000000, 0.062047, 114107.047883, 114192.000000, 1.000000, 2, 5.704070, 79731.005351, 79731.005351
Z2, 3, 3, 720, 18632.000000, 0.032929, 565823.438307, 582248.000000, 1.000000, 2, 5.704070, 170074.283436, 170074.283436
Z2, 4, 3, 720, 9664.000000, 0.050316, 192066.141983, 193280.000000, 1.000000, 2, 5.704070, 95322.824171, 95322.824171
Z2, 5, 3, 720, 8424.000000, 0.058926, 142958.965482, 145240.000000, 1.000000, 2, 5.704070, 85501.388871, 85501.388871
Z2, 6, 3, 720, 6376.000000, 0.050631, 125930.753886, 127520.000000, 1.000000, 2, 5.704070, 82095.746552, 82095.746552
Z2, 7, 3, 720, 6872.000000, 0.035875, 191554.006969, 196336.000000, 1.000000, 2, 5.704070, 95220.397168, 95220.397168
Z3, 0, 3, 720, 7080.000000, 0.161051, 43961.229673, 43968.000000, 1.000000, 2, 5.704070, 65701.841709, 65701.841709
Z3, 1, 3, 720, 7080.000000, 0.053623, 132032.896332, 133584.000000, 1.000000, 2, 5.704070, 83316.175041, 83316.175041
Z3, 2, 3, 720, 5664.000000, 0.045182, 125359.656500, 125864.000000, 1.000000, 2, 5.704070, 81981.527075, 81981.527075
Z3, 3, 3, 720, 7080.000000, 0.042930, 164919.636618, 168568.000000, 1.000000, 2, 5.704070, 89893.523098, 89893.523098
Z3, 4, 3, 720, 7080.000000, 0.060970, 116122.683287, 118000.000000, 1.000000, 2, 5.704070, 80134.132432, 80134.132432
Z3, 5, 3, 720, 5664.000000, 0.057133, 99137.101150, 99368.000000, 1.000000, 2, 5.704070, 76737.016005, 76737.016005
Z3, 6, 3, 720, 7080.000000, 0.026687, 265297.710496, 272304.000000, 1.000000, 2, 5.704070, 109969.137874, 109969.137874
Z3, 7, 3, 720, 7080.000000, 0.056153, 126084.091678, 126424.000000, 1.000000, 2, 5.704070, 82126.414110, 82126.414110
Z3, 8, 3, 720, 5664.000000, 0.052798, 107276.790788, 108920.000000, 1.000000, 2, 5.704070, 78364.953932, 78364.953932
Z3, 9, 3, 720, 7080.000000, 0.043043, 164486.676115, 164648.000000, 1.000000, 2, 5.704070, 89806.930998, 89806.930998
Z3, 10, 3, 720, 14120.000000, 0.069423, 203390.807081, 204632.000000, 1.000000, 2, 5.704070, 97587.757191, 97587.757191
Z3, 11, 3, 720, 17536.000000, 0.031204, 561979.233432, 565672.000000, 1.000000, 2, 5.704070, 169305.442461, 169305.442461
Z3, 12, 3, 720, 16008.000000, 0.223503, 71623.199689, 71784.000000, 1.000000, 2, 5.704070, 71234.235712, 71234.235712
Z3, 13, 3, 720, 10896.000000, 0.047802, 227940.253546, 231824.000000, 1.000000, 2, 5.704070, 102497.646484, 102497.646484
Z3, 14, 3, 720, 19720.000000, 0.035447, 556323.525263, 563424.000000, 1.000000, 2, 5.704070, 168174.300827, 168174.300827
Z3, 15, 3, 720, 20104.000000, 0.039691, 506512.811469, 515480.000000, 1.000000, 2, 5.704070, 158212.158068, 158212.158068
Z3, 16, 3, 720, 12504.000000, 0.056951, 219557.163175, 223280.000000, 1.000000, 2, 5.704070, 100821.028410, 100821.028410
Z3, 17, 3, 720, 23072.000000, 0.075127, 307106.632769, 307624.000000, 1.000000, 2, 5.704070, 118330.922328, 118330.922328
Z3, 18, 3, 720, 18112.000000, 0.073090, 247804.077165, 248104.000000, 1.000000, 2, 5.704070, 106470.411208, 106470.411208
Z3, 19, 3, 720, 12544.000000, 0.028657, 437729.001640, 448000.000000, 1.000000, 2, 5.704070, 144455.396103, 144455.396103
Z3, 20, 3, 720, 15304.000000, 0.054495, 280833.103954, 283400.000000, 1.000000, 2, 5.704070, 113076.216566, 113076.216566
Z3, 21, 3, 720, 12280.000000, 0.045540, 269653.052262, 272888.000000, 1.000000, 2, 5.704070, 110840.206227, 110840.206227
Z3, 22, 3, 720, 10368.000000, 0.034514, 300399.837747, 304936.000000, 1.000000, 2, 5.704070, 116989.563324, 116989.563324
Z3, 23, 3, 720, 10520.000000, 0.206680, 50899.941939, 51064.000000, 1.000000, 2, 5.704070, 67089.584163, 67089.584163
Z3, 24, 3, 720, 15288.000000, 0.040273, 379609.167432, 382200.000000, 1.000000, 2, 5.704070, 132831.429261, 132831.429261
Z3, 25, 3, 720, 16344.000000, 0.213243, 76644.954348, 76728.000000, 1.000000, 2, 5.704070, 72238.586644, 72238.586644
Z3, 26, 3, 720, 9016.000000, 0.064660, 139437.055367, 140872.000000, 1.000000, 2, 5.704070, 84797.006848, 84797.006848
Z3, 27, 3, 720, 13800.000000, 0.060452, 228280.288493, 230000.000000, 1.000000, 2, 5.704070, 102565.653473, 102565.653473
Z3, 28, 3, 720, 17664.000000, 0.075409, 234242.597037, 235520.000000, 1.000000, 2, 5.704070, 103758.115182, 103758.115182
Z3, 29, 3, 720, 10240.000000, 0.047352, 216252.745396, 217872.000000, 1.000000, 2, 5.704070, 100160.144854, 100160.144854
Z3, 30, 3, 720, 6872.000000, 0.070354, 97677.459704, 98168.000000, 1.000000, 2, 5.704070, 76445.087715, 76445.087715
Z3, 31, 3, 720, 6872.000000, 0.060756, 113108.170386, 114528.000000, 1.000000, 2, 5.704070, 79531.229852, 79531.229852
Z3, 32, 3, 720, 6376.000000, 0.064385, 99029.277006, 99624.000000, 1.000000, 2, 5.704070, 76715.451176, 76715.451176
Z3, 33, 3, 720, 6872.000000, 0.044623, 154001.299778, 156176.000000, 1.000000, 2, 5.704070, 87709.855730, 87709.855730
Z3, 34, 3, 720, 6872.000000, 0.053899, 127497.727231, 129656.000000, 1.000000, 2, 5.704070, 82409.141221, 82409.141221
Z3, 35, 3, 720, 6376.000000, 0.055815, 114234.524769, 115920.000000, 1.000000, 2, 5.704070, 79756.500729, 79756.500729
Z3, 36, 3, 720, 6872.000000, 0.026806, 256360.516302, 264304.000000, 1.000000, 2, 5.704070, 108181.699035, 108181.699035
Z3, 37, 3, 720, 6872.000000, 0.072470, 94825.445012, 95440.000000, 1.000000, 2, 5.704070, 75874.684777, 75874.684777
Z3, 38, 3, 720, 6376.000000, 0.068290, 93366.525113, 93760.000000, 1.000000, 2, 5.704070, 75582.900797, 75582.900797
Z1, 0, 4, 720, 22592.000000, 0.234367, 96395.823644, 96544.000000, 1.000000, 2, 9.087651, 94862.065526, 94862.065526
Z2, 0, 4, 720, 6624.000000, 0.211983, 31247.788738, 31392.000000, 1.000000, 2, 9.087651, 81832.458545, 81832.458545
Z2, 1, 4, 720, 6648.000000, 0.350813, 18950.266951, 18992.000000, 1.000000, 2, 9.087651, 79372.954188, 79372.954188
Z2, 2, 4, 720, 7200.000000, 0.052860, 136208.853575, 138456.000000, 1.000000, 2, 9.087651, 102824.671512, 102824.671512
Z2, 3, 4, 720, 7296.000000, 0.039845, 183109.549504, 187072.000000, 1.000000, 2, 9.087651, 112204.810698, 112204.810698
Z2, 4, 4, 720, 17272.000000, 0.210692, 81977.483720, 82240.000000, 1.000000, 2, 9.087651, 91978.397541, 91978.397541
Z2, 5, 4, 720, 26240.000000, 0.050377, 520872.620442, 524800.000000, 1.000000, 2, 9.087651, 179757.424886, 179757.424886
Z2, 6, 4, 720, 12720.000000, 0.029843, 426230.606842, 438616.000000, 1.000000, 2, 9.087651, 160829.022166, 160829.022166
Z2, 7, 4, 720, 11496.000000, 0.072950, 157587.388622, 159664.000000, 1.000000, 2, 9.087651, 107100.378522, 107100.378522
Z3, 0, 4, 720, 6448.000000, 0.641702, 10048.277861, 10056.000000, 1.000000, 2, 9.087651, 77592.556370, 77592.556370
Z3, 1, 4, 720, 7448.000000, 0.051250, 145326.829268, 146032.000000, 1.000000, 2, 9.087651, 104648.266651, 104648.266651
Z3, 2, 4, 720, 7424.000000, 0.050121, 148121.545859, 148480.000000, 1.000000, 2, 9.087651, 105207.209969, 105207.209969
Z3, 3, 4, 720, 6648.000000, 0.058848, 112969.004894, 114616.000000, 1.000000, 2, 9.087651, 98176.701776, 98176.701776
Z3, 4, 4, 720, 7224.000000, 0.047115, 153326.965934, 153696.000000, 1.000000, 2, 9.087651, 106248.293984, 106248.293984
Z3, 5, 4, 720, 7240.000000, 0.040711, 177838.913316, 181000.000000, 1.000000, 2, 9.087651, 111150.683461, 111150.683461
Z3, 6, 4, 720, 6648.000000, 0.072057, 92260.293934, 92328.000000, 1.000000, 2, 9.087651, 94034.959584, 94034.959584
Z3, 7, 4, 720, 7232.000000, 0.052315, 138239.510657, 139072.000000, 1.000000, 2, 9.087651, 103230.802929, 103230.802929
Z3, 8, 4, 720, 7296.000000, 0.071247, 102404.311760, 102760.000000, 1.000000, 2, 9.087651, 96063.763149, 96063.763149
Z3, 9, 4, 720, 16456.000000, 0.075357, 218373.873695, 219408.000000, 1.000000, 2, 9.087651, 119257.675536, 119257.675536
Z3, 10, 4, 720, 25392.000000, 0.053778, 472163.338168, 479088.000000, 1.000000, 2, 9.087651, 170015.568431, 170015.568431
Z3, 11, 4, 720, 21592.000000, 0.052045, 414871.745605, 415224.000000, 1.000000, 2, 9.087651, 158557.249918, 158557.249918
Z3, 12, 4, 720, 13528.000000, 0.070444, 192039.066493, 193256.000000, 1.000000, 2, 9.087651, 113990.714096, 113990.714096
Z3, 13, 4, 720, 29512.000000, 0.049238, 599374.466875, 602280.000000, 1.000000, 2, 9.087651, 195457.794172, 195457.794172
Z3, 14, 4, 720, 29688.000000, 0.042448, 699396.909159, 706856.000000, 1.000000, 2, 9.087651, 215462.282629, 215462.282629
Z3, 15, 4, 720, 16760.000000, 0.036133, 463841.917361, 465552.000000, 1.000000, 2, 9.087651, 168351.284270, 168351.284270
Z3, 16, 4, 720, 33128.000000, 0.058395, 567308.844935, 571168.000000, 1.000000, 2, 9.087651, 189044.669784, 189044.669784
Z3, 17, 4, 720, 26248.000000, 0.073451, 357353.882180, 359560.000000, 1.000000, 2, 9.087651, 147053.677233, 147053.677233
Z3, 18, 4, 720, 14624.000000, 0.059923, 244046.526376, 247864.000000, 1.000000, 2, 9.087651, 124392.206072, 124392.206072
Z3, 19, 4, 720, 26816.000000, 0.041342, 648638.188767, 654048.000000, 1.000000, 2, 9.087651, 205310.538551, 205310.538551
Z3, 20, 4, 720, 23128.000000, 0.057306, 403587.756954, 405752.000000, 1.000000, 2, 9.087651, 156300.452188, 156300.452188
Z3, 21, 4, 720, 19440.000000, 0.065037, 298906.776143, 299072.000000, 1.000000, 2, 9.087651, 135364.256026, 135364.256026
Z3, 22, 4, 720, 29088.000000, 0.074570, 390076.438246, 393080.000000, 1.000000, 2, 9.087651, 153598.188447, 153598.188447
Z3, 23, 4, 720, 29840.000000, 0.074537, 400338.087125, 403240.000000, 1.000000, 2, 9.087651, 155650.518222, 155650.518222
Z3, 24, 4, 720, 17200.000000, 0.067296, 255587.256301, 256712.000000, 1.000000, 2, 9.087651, 126700.352057, 126700.352057
Z3, 25, 4, 720, 25664.000000, 0.068533, 374476.529555, 377408.000000, 1.000000, 2, 9.087651, 150478.206708, 150478.206708
Z3, 26, 4, 720, 26808.000000, 0.048760, 549794.913864, 558496.000000, 1.000000, 2, 9.087651, 185541.883570, 185541.883570
Z3, 27, 4, 720, 17472.000000, 0.067914, 257266.542981, 260776.000000, 1.000000, 2, 9.087651, 127036.209394, 127036.209394
Z3, 28, 4, 720, 6448.000000, 0.053033, 121584.673694, 121656.000000, 1.000000, 2, 9.087651, 99899.835536, 99899.835536
Z3, 29, 4, 720, 7200.000000, 0.036639, 196511.913535, 200000.000000, 1.000000, 2, 9.087651, 114885.283504, 114885.283504
Z3, 30, 4, 720, 7520.000000, 0.027852, 269998.563837, 278512.000000, 1.000000, 2, 9.087651, 129582.613565, 129582.613565
Z3, 31, 4, 720, 6728.000000, 0.031628, 212722.903756, 217032.000000, 1.000000, 2, 9.087651, 118127.481549, 118127.481549
Z3, 32, 4, 720, 7224.000000, 0.061562, 117345.115493, 118424.000000, 1.000000, 2, 9.087651, 99051.923896, 99051.923896
Z3, 33, 4, 720, 7256.000000, 0.026254, 276376.933039, 279072.000000, 1.000000, 2, 9.087651, 130858.287405, 130858.287405
Z3, 34, 4, 720, 6544.000000, 0.028062, 233197.918894, 233712.000000, 1.000000, 2, 9.087651, 122222.484576, 122222.484576
Z3, 35, 4, 720, 12272.000000, 0.048583, 252598.645617, 255664.000000, 1.000000, 2, 9.087651, 126102.629921, 126102.629921
Z3, 36, 4, 720, 8544.000000, 0.074924, 114035.556030, 115456.000000, 1.000000, 2, 9.087651, 98390.012003, 98390.012003
Z3, 37, 4, 720, 6424.000000, 0.046874, 137048.257029, 139648.000000, 1.000000, 2, 9.087651, 102992.552203, 102992.552203
Z3, 38, 4, 720, 6872.000000, 0.070400, 97613.636364, 98168.000000, 1.000000, 2, 9.087651, 95105.628070, 95105.628070
Z1, 0, 5, 720, 20272.000000, 0.437500, 46336.000000, 46384.000000, 1.000000, 2, 13.075893, 104372.828070, 104372.828070
Z2, 0, 5, 720, 6624.000000, 0.196534, 33704.091913, 33792.000000, 1.000000, 2, 13.075893, 101846.446453, 101846.446453
Z2, 1, 5, 720, 7616.000000, 0.036086, 211051.377265, 211552.000000, 1.000000, 2, 13.075893, 137315.903523, 137315.903523
Z2, 2, 5, 720, 8792.000000, 0.032186, 273162.244454, 274744.000000, 1.000000, 2, 13.075893, 149738.076961, 149738.076961
Z2, 3, 5, 720, 8816.000000, 0.042361, 208115.955714, 209904.000000, 1.000000, 2, 13.075893, 136728.819213, 136728.819213
Z2, 4, 5, 720, 14976.000000, 0.051281, 292037.986779, 293640.000000, 1.000000, 2, 13.075893, 153513.225426, 153513.225426
Z2, 5, 5, 720, 25312.000000, 0.055405, 456854.074542, 460216.000000, 1.000000, 2, 13.075893, 186476.442979, 186476.442979
Z2, 6, 5, 720, 13208.000000, 0.033795, 390827.045421, 400240.000000, 1.000000, 2, 13.075893, 173271.037154, 173271.037154
Z2, 7, 5, 720, 16320.000000, 0.031259, 522089.638184, 526448.000000, 1.000000, 2, 13.075893, 199523.555707, 199523.555707
Z3, 0, 5, 720, 7712.000000, 0.515292, 14966.271551, 14968.000000, 1.000000, 2, 13.075893, 98098.882380, 98098.882380
Z3, 1, 5, 720, 9624.000000, 0.072272, 133163.604162, 133664.000000, 1.000000, 2, 13.075893, 121738.348903, 121738.348903
Z3, 2, 5, 720, 9096.000000, 0.059506, 152858.535274, 154168.000000, 1.000000, 2, 13.075893, 125677.335125, 125677.335125
Z3, 3, 5, 720, 7632.000000, 0.031951, 238865.763200, 246192.000000, 1.000000, 2, 13.075893, 142878.780710, 142878.780710
Z3, 4, 5, 720, 8304.000000, 0.037460, 221676.454885, 224432.000000, 1.000000, 2, 13.075893, 139440.919047, 139440.919047
Z3, 5, 5, 720, 8504.000000, 0.040310, 210965.021087, 212600.000000, 1.000000, 2, 13.075893, 137298.632287, 137298.632287
Z3, 6, 5, 720, 7384.000000, 0.068810, 107309.984014, 108584.000000, 1.000000, 2, 13.075893, 116567.624873, 116567.624873
Z3, 7, 5, 720, 8968.000000, 0.074055, 121099.183040, 121184.000000, 1.000000, 2, 13.075893, 119325.464678, 119325.464678
Z3, 8, 5, 720, 8912.000000, 0.026546, 335719.129059, 342768.000000, 1.000000, 2, 13.075893, 162249.453882, 162249.453882
Z3, 9, 5, 720, 16688.000000, 0.031689, 526618.069362, 538320.000000, 1.000000, 2, 13.075893, 200429.241942, 200429.241942
Z3, 10, 5, 720, 23832.000000, 0.073251, 325347.094238, 326464.000000, 1.000000, 2, 13.075893, 160175.046918, 160175.046918
Z3, 11, 5, 720, 21144.000000, 0.196144, 107798.352231, 107872.000000, 1.000000, 2, 13.075893, 116665.298516, 116665.298516
Z3, 12, 5, 720, 14272.000000, 0.069975, 203958.556627, 206840.000000, 1.000000, 2, 13.075893, 135897.339396, 135897.339396
Z3, 13, 5, 720, 27640.000000, 0.063387, 436051.556313, 438728.000000, 1.000000, 2, 13.075893, 182315.939333, 182315.939333
Z3, 14, 5, 720, 33288.000000, 0.064303, 517674.136510, 520120.000000, 1.000000, 2, 13.075893, 198640.455372, 198640.455372
Z3, 15, 5, 720, 17576.000000, 0.030670, 573068.144767, 585864.000000, 1.000000, 2, 13.075893, 209719.257023, 209719.257023
Z3, 16, 5, 720, 34872.000000, 0.073866, 472098.123629, 477696.000000, 1.000000, 2, 13.075893, 189525.252796, 189525.252796
Z3, 17, 5, 720, 27336.000000, 0.073697, 370924.189587, 374464.000000, 1.000000, 2, 13.075893, 169290.465988, 169290.465988
Z3, 18, 5, 720, 18312.000000, 0.034600, 529248.554913, 538584.000000, 1.000000, 2, 13.075893, 200955.339053, 200955.339053
Z3, 19, 5, 720, 41432.000000, 0.049439, 838042.840672, 845544.000000, 1.000000, 2, 13.075893, 262714.196205, 262714.196205
Z3, 20, 5, 720, 36760.000000, 0.260316, 141212.987292, 141384.000000, 1.000000, 2, 13.075893, 123348.225529, 123348.225529
Z3, 21, 5, 720, 21272.000000, 0.044259, 480625.409521, 483448.000000, 1.000000, 2, 13.075893, 191230.709974, 191230.709974
Z3, 22, 5, 720, 43464.000000, 0.086041, 505154.519357, 505392.000000, 1.000000, 2, 13.075893, 196136.531942, 196136.531942
Z3, 23, 5, 720, 42000.000000, 0.049529, 847988.047407, 857136.000000, 1.000000, 2, 13.075893, 264703.237551, 264703.237551
Z3, 24, 5, 720, 20304.000000, 0.163616, 124095.442988, 124560.000000, 1.000000, 2, 13.075893, 119924.716668, 119924.716668
Z3, 25, 5, 720, 32736.000000, 0.107270, 305173.860352, 305936.000000, 1.000000, 2, 13.075893, 156140.400141, 156140.400141
Z3, 26, 5, 720, 34608.000000, 0.092942, 372361.257558, 376168.000000, 1.000000, 2, 13.075893, 169577.879582, 169577.879582
Z3, 27, 5, 720, 21272.000000, 0.071686, 296738.554250, 299600.000000, 1.000000, 2, 13.075893, 154453.338920, 154453.338920
Z3, 28, 5, 720, 8752.000000, 0.033256, 263170.555689, 265208.000000, 1.000000, 2, 13.075893, 147739.739208, 147739.739208
Z3, 29, 5, 720, 12760.000000, 0.068485, 186318.171862, 187640.000000, 1.000000, 2, 13.075893, 132369.262443, 132369.262443
Z3, 30, 5, 720, 15440.000000, 0.074064, 208468.351696, 208648.000000, 1.000000, 2, 13.075893, 136799.298409, 136799.298409
Z3, 31, 5, 720, 10000.000000, 0.056481, 177050.689612, 178568.000000, 1.000000, 2, 13.075893, 130515.765993, 130515.765993
Z3, 32, 5, 720, 15200.000000, 0.042251, 359754.798703, 361904.000000, 1.000000, 2, 13.075893, 167056.587811, 167056.587811
Z3, 33, 5, 720, 18352.000000, 0.041089, 446640.220010, 447608.000000, 1.000000, 2, 13.075893, 184433.672072, 184433.672072
Z3, 34, 5, 720, 11224.000000, 0.045567, 246318.607764, 249416.000000, 1.000000, 2, 13.075893, 144369.349623, 144369.349623
Z3, 35, 5, 720, 23240.000000, 0.074209, 313169.561643, 314048.000000, 1.000000, 2, 13.075893, 157739.540399, 157739.540399
Z3, 36, 5, 720, 16824.000000, 0.032328, 520415.738679, 525744.000000, 1.000000, 2, 13.075893, 199188.775806, 199188.775806
Z3, 37, 5, 720, 9680.000000, 0.060674, 159541.154366, 161328.000000, 1.000000, 2, 13.075893, 127013.858943, 127013.858943
Z3, 38, 5, 720, 12888.000000, 0.054901, 234749.822408, 238664.000000, 1.000000, 2, 13.075893, 142055.592552, 142055.592552
Z1, 0, 6, 720, 7488.000000, 0.187881, 39855.014610, 40040.000000, 1.000000, 2, 17.146159, 111239.601527, 111239.601527
Z2, 0, 6, 720, 6624.000000, 0.186388, 35538.768590, 35608.000000, 1.000000, 2, 17.146159, 110376.352323, 110376.352323
Z2, 1, 6, 720, 6768.000000, 0.044539, 151956.712095, 153816.000000, 1.000000, 2, 17.146159, 133659.941024, 133659.941024
Z2, 2, 6, 720, 7752.000000, 0.031742, 244219.015815, 250064.000000, 1.000000, 2, 17.146159, 152112.401768, 152112.401768
Z2, 3, 6, 720, 10768.000000, 0.064419, 167155.652835, 168248.000000, 1.000000, 2, 17.146159, 136699.729172, 136699.729172
Z2, 4, 6, 720, 14912.000000, 0.030572, 487766.583802, 497064.000000, 1.000000, 2, 17.146159, 200821.915365, 200821.915365
Z2, 5, 6, 720, 14376.000000, 0.050064, 287152.444871, 287520.000000, 1.000000, 2, 17.146159, 160699.087579, 160699.087579
Z2, 6, 6, 720, 7176.000000, 0.306601, 23405.011725, 23448.000000, 1.000000, 2, 17.146159, 107949.600950, 107949.600950
Z2, 7, 6, 720, 8768.000000, 0.029820, 294030.851777, 302344.000000, 1.000000, 2, 17.146159, 162074.768960, 162074.768960
Z3, 0, 6, 720, 6760.000000, 0.189476, 35677.341721, 35760.000000, 1.000000, 2, 17.146159, 110404.066949, 110404.066949
Z3, 1, 6, 720, 8320.000000, 0.036465, 228163.992870, 231104.000000, 1.000000, 2, 17.146159, 148901.397178, 148901.397178
Z3, 2, 6, 720, 7800.000000, 0.069738, 111847.199518, 113040.000000, 1.000000, 2, 17.146159, 125638.038508, 125638.038508
Z3, 3, 6, 720, 6928.000000, 0.030024, 230748.734346, 230928.000000, 1.000000, 2, 17.146159, 149418.345474, 149418.345474
Z3, 4, 6, 720, 7472.000000, 0.071236, 104890.785558, 105232.000000, 1.000000, 2, 17.146159, 124246.755716, 124246.755716
Z3, 5, 6, 720, 7416.000000, 0.058167, 127494.971376, 127856.000000, 1.000000, 2, 17.146159, 128767.592880, 128767.592880
Z3, 6, 6, 720, 6760.000000, 0.026659, 253572.902209, 260000.000000, 1.000000, 2, 17.146159, 153983.179046, 153983.179046
Z3, 7, 6, 720, 7600.000000, 0.058731, 129403.551787, 131032.000000, 1.000000, 2, 17.146159, 129149.308962, 129149.308962
Z3, 8, 6, 720, 7600.000000, 0.059297, 128168.372768, 128808.000000, 1.000000, 2, 17.146159, 128902.273158, 128902.273158
Z3, 9, 6, 720, 12912.000000, 0.057144, 225955.480890, 226520.000000, 1.000000, 2, 17.146159, 148459.694783, 148459.694783
Z3, 10, 6, 720, 17552.000000, 0.069396, 252925.240648, 254376.000000, 1.000000, 2, 17.146159, 153853.646734, 153853.646734
Z3, 11, 6, 720, 14968.000000, 0.074144, 201877.427708, 202264.000000, 1.000000, 2, 17.146159, 143644.084146, 143644.084146
Z3, 12, 6, 720, 10336.000000, 0.036882, 280245.106014, 287104.000000, 1.000000, 2, 17.146159, 159317.619807, 159317.619807
Z3, 13, 6, 720, 18344.000000, 0.071968, 254891.062695, 258360.000000, 1.000000, 2, 17.146159, 154246.811143, 154246.811143
Z3, 14, 6, 720, 20456.000000, 0.073425, 278597.208035, 280216.000000, 1.000000, 2, 17.146159, 158988.040212, 158988.040212
Z3, 15, 6, 720, 12480.000000, 0.070851, 176144.302833, 178280.000000, 1.000000, 2, 17.146159, 138497.459171, 138497.459171
Z3, 16, 6, 720, 18912.000000, 0.033215, 569381.303628, 573088.000000, 1.000000, 2, 17.146159, 217144.859330, 217144.859330
Z3, 17, 6, 720, 16112.000000, 0.038163, 422189.031261, 424000.000000, 1.000000, 2, 17.146159, 187706.404857, 187706.404857
Z3, 18, 6, 720, 17456.000000, 0.048067, 363159.756174, 363664.000000, 1.000000, 2, 17.146159, 175900.549839, 175900.549839
Z3, 19, 6, 720, 16088.000000, 0.188158, 85502.609509, 85568.000000, 1.000000, 2, 17.146159, 120369.120506, 120369.120506
Z3, 20, 6, 720, 31984.000000, 0.057189, 559268.390774, 561120.000000, 1.000000, 2, 17.146159, 215122.276759, 215122.276759
Z3, 21, 6, 720, 21472.000000, 0.063997, 335515.727300, 340824.000000, 1.000000, 2, 17.146159, 170371.744064, 170371.744064
Z3, 22, 6, 720, 19320.000000, 0.051004, 378793.820093, 378816.000000, 1.000000, 2, 17.146159, 179027.362623, 179027.362623
Z3, 23, 6, 720, 33040.000000, 0.042042, 785880.785881, 786664.000000, 1.000000, 2, 17.146159, 260444.755781, 260444.755781
Z3, 24, 6, 720, 26472.000000, 0.072851, 363371.813702, 367664.000000, 1.000000, 2, 17.146159, 175942.961345, 175942.961345
Z3, 25, 6, 720, 12984.000000, 0.072909, 178085.010081, 180328.000000, 1.000000, 2, 17.146159, 138885.600621, 138885.600621
Z3, 26, 6, 720, 21128.000000, 0.040885, 516766.540296, 528200.000000, 1.000000, 2, 17.146159, 206621.906664, 206621.906664
Z3, 27, 6, 720, 21576.000000, 0.071186, 303093.304863, 303880.000000, 1.000000, 2, 17.146159, 163887.259577, 163887.259577
Z3, 28, 6, 720, 9568.000000, 0.052061, 183784.406754, 184000.000000, 1.000000, 2, 17.146159, 140025.479955, 140025.479955
Z3, 29, 6, 720, 12800.000000, 0.046547, 274990.869444, 278256.000000, 1.000000, 2, 17.146159, 158266.772493, 158266.772493
Z3, 30, 6, 720, 7048.000000, 0.286103, 24634.484783, 24640.000000, 1.000000, 2, 17.146159, 108195.495561, 108195.495561
Z3, 31, 6, 720, 8656.000000, 0.028894, 299577.767010, 309136.000000, 1.000000, 2, 17.146159, 163184.152007, 163184.152007
Z3, 32, 6, 720, 9488.000000, 0.069529, 136461.045032, 137504.000000, 1.000000, 2, 17.146159, 130560.807611, 130560.807611
Z3, 33, 6, 720, 8424.000000, 0.058220, 144692.545517, 145240.000000, 1.000000, 2, 17.146159, 132207.107708, 132207.107708
Z3, 34, 6, 720, 9328.000000, 0.045456, 205209.433298, 207288.000000, 1.000000, 2, 17.146159, 144310.485264, 144310.485264
Z3, 35, 6, 720, 8680.000000, 0.067381, 128819.696947, 129552.000000, 1.000000, 2, 17.146159, 129032.537994, 129032.537994
Z3, 36, 6, 720, 7160.000000, 0.047196, 151707.771845, 152336.000000, 1.000000, 2, 17.146159, 133610.152974, 133610.152974
Z3, 37, 6, 720, 10360.000000, 0.180849, 57285.359609, 57552.000000, 1.000000, 2, 17.146159, 114725.670526, 114725.670526
Z3, 38, 6, 720, 9048.000000, 0.052769, 171464.306695, 174000.000000, 1.000000, 2, 17.146159, 137561.459944, 137561.459944
Z1, 0, 7, 720, 7408.000000, 0.142486, 51991.072807, 52168.000000, 1.000000, 2, 20.853714, 129837.072677, 129837.072677
Z2, 0, 7, 720, 6624.000000, 0.176477, 37534.636242, 37632.000000, 1.000000, 2, 20.853714, 126945.785364, 126945.785364
Z2, 1, 7, 720, 6792.000000, 0.037788, 179739.599873, 183560.000000, 1.000000, 2, 20.853714, 155386.778091, 155386.778091
Z2, 2, 7, 720, 7464.000000, 0.040112, 186078.978859, 186600.000000, 1.000000, 2, 20.853714, 156654.653888, 156654.653888
Z2, 3, 7, 720, 10144.000000, 0.073915, 137238.720152, 138952.000000, 1.000000, 2, 20.853714, 146886.602146, 146886.602146
Z2, 4, 7, 720, 14352.000000, 0.061523, 233278.611251, 235272.000000, 1.000000, 2, 20.853714, 166094.580366, 166094.580366
Z2, 5, 7, 720, 15008.000000, 0.042294, 354849.387620, 357328.000000, 1.000000, 2, 20.853714, 190408.735640, 190408.735640
Z2, 6, 7, 720, 7168.000000, 0.048949, 146438.129482, 149328.000000, 1.000000, 2, 20.853714, 148726.484012, 148726.484012
Z2, 7, 7, 720, 8160.000000, 0.031133, 262101.307295, 263224.000000, 1.000000, 2, 20.853714, 171859.119575, 171859.119575
Z3, 0, 7, 720, 6656.000000, 0.420119, 15843.130161, 15840.000000, 1.000000, 2, 20.853714, 122607.484148, 122607.484148
Z3, 1, 7, 720, 7664.000000, 0.073598, 104133.264491, 104984.000000, 1.000000, 2, 20.853714, 140265.511014, 140265.511014
Z3, 2, 7, 720, 7664.000000, 0.056664, 135253.423691, 136856.000000, 1.000000, 2, 20.853714, 146489.542854, 146489.542854
Z3, 3, 7, 720, 6920.000000, 0.058415, 118462.723616, 119304.000000, 1.000000, 2, 20.853714, 143131.402839, 143131.402839
Z3, 4, 7, 720, 7504.000000, 0.039249, 191189.584448, 192408.000000, 1.000000, 2, 20.853714, 157676.775006, 157676.775006
Z3, 5, 7, 720, 7480.000000, 0.049117, 152289.431358, 152648.000000, 1.000000, 2, 20.853714, 149896.744388, 149896.744388
Z3, 6, 7, 720, 6728.000000, 0.058845, 114334.267992, 116000.000000, 1.000000, 2, 20.853714, 142305.711714, 142305.711714
Z3, 7, 7, 720, 7632.000000, 0.036307, 210207.398022, 212000.000000, 1.000000, 2, 20.853714, 161480.337720, 161480.337720
Z3, 8, 7, 720, 7392.000000, 0.041431, 178417.127272, 180288.000000, 1.000000, 2, 20.853714, 155122.283570, 155122.283570
Z3, 9, 7, 720, 12800.000000, 0.050324, 254351.800334, 256000.000000, 1.000000, 2, 20.853714, 170309.218183, 170309.218183
Z3, 10, 7, 720, 16760.000000, 0.070235, 238627.464939, 239424.000000, 1.000000, 2, 20.853714, 167164.351104, 167164.351104
Z3, 11, 7, 720, 14104.000000, 0.064478, 218741.276094, 220368.000000, 1.000000, 2, 20.853714, 163187.113335, 163187.113335
Z3, 12, 7, 720, 9704.000000, 0.039195, 247582.599821, 248816.000000, 1.000000, 2, 20.853714, 168955.378080, 168955.378080
Z3, 13, 7, 720, 17248.000000, 0.208662, 82659.995591, 82920.000000, 1.000000, 2, 20.853714, 135970.857234, 135970.857234
Z3, 14, 7, 720, 21552.000000, 0.081853, 263301.284009, 266072.000000, 1.000000, 2, 20.853714, 172099.114918, 172099.114918
Z3, 15, 7, 720, 16688.000000, 0.033984, 491054.613936, 505696.000000, 1.000000, 2, 20.853714, 217649.780903, 217649.780903
Z3, 16, 7, 720, 23312.000000, 0.075023, 310731.375711, 310824.000000, 1.000000, 2, 20.853714, 181585.133258, 181585.133258
Z3, 17, 7, 720, 14952.000000, 0.052185, 286519.114688, 287536.000000, 1.000000, 2, 20.853714, 176742.681054, 176742.681054
Z3, 18, 7, 720, 16856.000000, 0.055915, 301457.569525, 306472.000000, 1.000000, 2, 20.853714, 179730.372021, 179730.372021
Z3, 19, 7, 720, 23928.000000, 0.052988, 451573.941270, 460152.000000, 1.000000, 2, 20.853714, 209753.646370, 209753.646370
Z3, 20, 7, 720, 29544.000000, 0.071695, 412078.945533, 416112.000000, 1.000000, 2, 20.853714, 201854.647223, 201854.647223
Z3, 21, 7, 720, 31920.000000, 0.101724, 313790.255987, 316032.000000, 1.000000, 2, 20.853714, 182196.909313, 182196.909313
Z3, 22, 7, 720, 15096.000000, 0.040905, 369050.238357, 377400.000000, 1.000000, 2, 20.853714, 193248.905787, 193248.905787
Z3, 23, 7, 720, 22296.000000, 0.046485, 479638.593095, 484688.000000, 1.000000, 2, 20.853714, 215366.576735, 215366.576735
Z3, 24, 7, 720, 24272.000000, 0.075088, 323247.389729, 323624.000000, 1.000000, 2, 20.853714, 184088.336062, 184088.336062
Z3, 25, 7, 720, 13368.000000, 0.051168, 261257.035647, 262112.000000, 1.000000, 2, 20.853714, 171690.265245, 171690.265245
Z3, 26, 7, 720, 21768.000000, 0.072143, 301734.055972, 302328.000000, 1.000000, 2, 20.853714, 179785.669310, 179785.669310
Z3, 27, 7, 720, 21680.000000, 0.060281, 359648.977290, 361328.000000, 1.000000, 2, 20.853714, 191368.653574, 191368.653574
Z3, 28, 7, 720, 9672.000000, 0.053800, 179776.951673, 182488.000000, 1.000000, 2, 20.853714, 155394.248451, 155394.248451
Z3, 29, 7, 720, 13368.000000, 0.202961, 65864.870591, 66176.000000, 1.000000, 2, 20.853714, 132611.832234, 132611.832234
Z3, 30, 7, 720, 13424.000000, 0.056220, 238776.236215, 239712.000000, 1.000000, 2, 20.853714, 167194.105359, 167194.105359
Z3, 31, 7, 720, 8064.000000, 0.306565, 26304.372645, 26352.000000, 1.000000, 2, 20.853714, 124699.732645, 124699.732645
Z3, 32, 7, 720, 9424.000000, 0.044532, 211623.102488, 214176.000000, 1.000000, 2, 20.853714, 161763.478614, 161763.478614
Z3, 33, 7, 720, 7368.000000, 0.041691, 176728.790386, 179704.000000, 1.000000, 2, 20.853714, 154784.616193, 154784.616193
Z3, 34, 7, 720, 8792.000000, 0.055773, 157639.000950, 159848.000000, 1.000000, 2, 20.853714, 150966.658306, 150966.658306
Z3, 35, 7, 720, 8568.000000, 0.037659, 227515.334980, 231560.000000, 1.000000, 2, 20.853714, 164941.925112, 164941.925112
Z3, 36, 7, 720, 7064.000000, 0.066272, 106591.018831, 107024.000000, 1.000000, 2, 20.853714, 140757.061882, 140757.061882
Z3, 37, 7, 720, 10104.000000, 0.060335, 167464.987155, 168400.000000, 1.000000, 2, 20.853714, 152931.855547, 152931.855547
Z3, 38, 7, 720, 8640.000000, 0.037696, 229202.037351, 233512.000000, 1.000000, 2, 20.853714, 165279.265586, 165279.265586
Z1, 0, 8, 720, 7744.000000, 0.262997, 29445.202797, 29552.000000, 1.000000, 2, 24.617091, 152495.001123, 152495.001123
Z2, 0, 8, 720, 6624.000000, 0.149976, 44167.066731, 44456.000000, 1.000000, 2, 24.617091, 155439.373910, 155439.373910
Z2, 1, 8, 720, 6968.000000, 0.067863, 102677.453104, 104000.000000, 1.000000, 2, 24.617091, 167141.451184, 167141.451184
Z2, 2, 8, 720, 7968.000000, 0.074940, 106325.060048, 107672.000000, 1.000000, 2, 24.617091, 167870.972573, 167870.972573
Z2, 3, 8, 720, 12752.000000, 0.042673, 298830.642327, 303616.000000, 1.000000, 2, 24.617091, 206372.089029, 206372.089029
Z2, 4, 8, 720, 18720.000000, 0.057230, 327101.170715, 328416.000000, 1.000000, 2, 24.617091, 212026.194707, 212026.194707
Z2, 5, 8, 720, 25648.000000, 0.073428, 349294.547039, 351336.000000, 1.000000, 2, 24.617091, 216464.869971, 216464.869971
Z2, 6, 8, 720, 9784.000000, 0.054587, 179236.814626, 181184.000000, 1.000000, 2, 24.617091, 182453.323489, 182453.323489
Z2, 7, 8, 720, 13192.000000, 0.036728, 359181.006317, 366440.000000, 1.000000, 2, 24.617091, 218442.161827, 218442.161827
Z3, 0, 8, 720, 6768.000000, 0.320186, 21137.713704, 21144.000000, 1.000000, 2, 24.617091, 150833.503304, 150833.503304
Z3, 1, 8, 720, 8032.000000, 0.072478, 110819.834984, 111552.000000, 1.000000, 2, 24.617091, 168769.927560, 168769.927560
Z3, 2, 8, 720, 7872.000000, 0.062119, 126724.512629, 126960.000000, 1.000000, 2, 24.617091, 171950.863089, 171950.863089
Z3, 3, 8, 720, 7024.000000, 0.054330, 129284.005154, 130072.000000, 1.000000, 2, 24.617091, 172462.761594, 172462.761594
Z3, 4, 8, 720, 7816.000000, 0.065666, 119026.589102, 120240.000000, 1.000000, 2, 24.617091, 170411.278384, 170411.278384
Z3, 5, 8, 720, 7936.000000, 0.043782, 181261.705724, 184552.000000, 1.000000, 2, 24.617091, 182858.301708, 182858.301708
Z3, 6, 8, 720, 6928.000000, 0.044957, 154102.809351, 157448.000000, 1.000000, 2, 24.617091, 177426.522434, 177426.522434
Z3, 7, 8, 720, 8048.000000, 0.072012, 111759.151253, 111776.000000, 1.000000, 2, 24.617091, 168957.790814, 168957.790814
Z3, 8, 8, 720, 7664.000000, 0.033810, 226678.497486, 232240.000000, 1.000000, 2, 24.617091, 191941.660061, 191941.660061
Z3, 9, 8, 720, 14248.000000, 0.046100, 309067.245119, 309736.000000, 1.000000, 2, 24.617091, 208419.409587, 208419.409587
Z3, 10, 8, 720, 19448.000000, 0.073320, 265248.226950, 266408.000000, 1.000000, 2, 24.617091, 199655.605954, 199655.605954
Z3, 11, 8, 720, 17344.000000, 0.061198, 283407.954508, 284320.000000, 1.000000, 2, 24.617091, 203287.551465, 203287.551465
Z3, 12, 8, 720, 11952.000000, 0.064654, 184860.952145, 186744.000000, 1.000000, 2, 24.617091, 183578.150993, 183578.150993
Z3, 13, 8, 720, 25224.000000, 0.059309, 425298.015478, 427520.000000, 1.000000, 2, 24.617091, 231665.563659, 231665.563659
Z3, 14, 8, 720, 35992.000000, 0.066224, 543488.765402, 545328.000000, 1.000000, 2, 24.617091, 255303.713644, 255303.713644
Z3, 15, 8, 720, 20016.000000, 0.052322, 382554.183709, 384920.000000, 1.000000, 2, 24.617091, 223116.797305, 223116.797305
Z3, 16, 8, 720, 36432.000000, 0.049727, 732640.215577, 743504.000000, 1.000000, 2, 24.617091, 293134.003679, 293134.003679
Z3, 17, 8, 720, 22472.000000, 0.066890, 335954.552250, 340480.000000, 1.000000, 2, 24.617091, 213796.871014, 213796.871014
Z3, 18, 8, 720, 21736.000000, 0.053612, 405431.619787, 410112.000000, 1.000000, 2, 24.617091, 227692.284521, 227692.284521
Z3, 19, 8, 720, 16848.000000, 0.049096, 343164.412579, 343832.000000, 1.000000, 2, 24.617091, 215238.843079, 215238.843079
Z3, 20, 8, 720, 47160.000000, 0.068353, 689947.771129, 693528.000000, 1.000000, 2, 24.617091, 284595.514789, 284595.514789
Z3, 21, 8, 720, 39472.000000, 0.041169, 958779.664311, 962728.000000, 1.000000, 2, 24.617091, 338361.893426, 338361.893426
Z3, 22, 8, 720, 26968.000000, 0.163028, 165419.437152, 165440.000000, 1.000000, 2, 24.617091, 179689.847994, 179689.847994
Z3, 23, 8, 720, 39776.000000, 0.052090, 763601.459013, 764920.000000, 1.000000, 2, 24.617091, 299326.252366, 299326.252366
Z3, 24, 8, 720, 34992.000000, 0.067375, 519361.781076, 522264.000000, 1.000000, 2, 24.617091, 250478.316779, 250478.316779
Z3, 25, 8, 720, 22464.000000, 0.059289, 378889.844659, 380744.000000, 1.000000, 2, 24.617091, 222383.929495, 222383.929495
Z3, 26, 8, 720, 43144.000000, 0.056946, 757630.035472, 770424.000000, 1.000000, 2, 24.617091, 298131.967658, 298131.967658
Z3, 27, 8, 720, 43672.000000, 0.068042, 641838.864231, 642232.000000, 1.000000, 2, 24.617091, 274973.733410, 274973.733410
Z3, 28, 8, 720, 18320.000000, 0.067571, 271122.226991, 273432.000000, 1.000000, 2, 24.617091, 200830.405962, 200830.405962
Z3, 29, 8, 720, 24560.000000, 0.051301, 478743.104423, 481568.000000, 1.000000, 2, 24.617091, 242354.581448, 242354.581448
Z3, 30, 8, 720, 19040.000000, 0.032639, 583351.205613, 595000.000000, 1.000000, 2, 24.617091, 263276.201686, 263276.201686
Z3, 31, 8, 720, 20160.000000, 0.061043, 330258.997756, 330488.000000, 1.000000, 2, 24.617091, 212657.760115, 212657.760115
Z3, 32, 8, 720, 16496.000000, 0.034175, 482692.026335, 485176.000000, 1.000000, 2, 24.617091, 243144.365831, 243144.365831
Z3, 33, 8, 720, 11624.000000, 0.055631, 208948.248279, 211344.000000, 1.000000, 2, 24.617091, 188395.610219, 188395.610219
Z3, 34, 8, 720, 21024.000000, 0.058017, 362376.544806, 362480.000000, 1.000000, 2, 24.617091, 219081.269525, 219081.269525
Z3, 35, 8, 720, 28496.000000, 0.068482, 416109.342601, 419056.000000, 1.000000, 2, 24.617091, 229827.829084, 229827.829084
Z3, 36, 8, 720, 12416.000000, 0.194951, 63687.798472, 64000.000000, 1.000000, 2, 24.617091, 159343.520258, 159343.520258
Z3, 37, 8, 720, 17312.000000, 0.068512, 252685.660906, 254584.000000, 1.000000, 2, 24.617091, 197143.092745, 197143.092745
Z3, 38, 8, 720, 14664.000000, 0.074764, 196137.178321, 198160.000000, 1.000000, 2, 24.617091, 185833.396228, 185833.396228
Z1, 0, 9, 720, 24464.000000, 0.212848, 114936.480493, 115392.000000, 1.000000, 2, 28.199965, 189297.965054, 189297.965054
Z2, 0, 9, 720, 6624.000000, 0.161871, 40921.474507, 41136.000000, 1.000000, 2, 28.199965, 174494.963857, 174494.963857
Z2, 1, 9, 720, 6776.000000, 0.046623, 145335.992965, 147304.000000, 1.000000, 2, 28.199965, 195377.867548, 195377.867548
Z2, 2, 9, 720, 7696.000000, 0.054236, 141898.370086, 142512.000000, 1.000000, 2, 28.199965, 194690.342972, 194690.342972
Z2, 3, 9, 720, 7496.000000, 0.026012, 288174.688605, 288304.000000, 1.000000, 2, 28.199965, 223945.606676, 223945.606676
Z2, 4, 9, 720, 16056.000000, 0.072664, 220962.237146, 223000.000000, 1.000000, 2, 28.199965, 210503.116384, 210503.116384
Z2, 5, 9, 720, 26344.000000, 0.047900, 549979.123173, 560504.000000, 1.000000, 2, 28.199965, 276306.493590, 276306.493590
Z2, 6, 9, 720, 23952.000000, 0.310011, 77261.774582, 77264.000000, 1.000000, 2, 28.199965, 181763.023872, 181763.023872
Z2, 7, 9, 720, 32816.000000, 0.042970, 763695.601582, 781328.000000, 1.000000, 2, 28.199965, 319049.789272, 319049.789272
Z3, 0, 9, 720, 6752.000000, 0.160862, 41973.865798, 42200.000000, 1.000000, 2, 28.199965, 174705.442115, 174705.442115
Z3, 1, 9, 720, 9824.000000, 0.068049, 144366.559391, 144464.000000, 1.000000, 2, 28.199965, 195183.980833, 195183.980833
Z3, 2, 9, 720, 8640.000000, 0.036060, 239600.665557, 240000.000000, 1.000000, 2, 28.199965, 214230.802067, 214230.802067
Z3, 3, 9, 720, 7248.000000, 0.047761, 151755.616507, 154208.000000, 1.000000, 2, 28.199965, 196661.792257, 196661.792257
Z3, 4, 9, 720, 8336.000000, 0.036972, 225467.921670, 231552.000000, 1.000000, 2, 28.199965, 211404.253289, 211404.253289
Z3, 5, 9, 720, 9640.000000, 0.048671, 198064.555896, 200832.000000, 1.000000, 2, 28.199965, 205923.580134, 205923.580134
Z3, 6, 9, 720, 10312.000000, 0.072816, 141617.226983, 143216.000000, 1.000000, 2, 28.199965, 194634.114352, 194634.114352
Z3, 7, 9, 720, 21208.000000, 0.036435, 582077.672568, 589104.000000, 1.000000, 2, 28.199965, 282726.203469, 282726.203469
Z3, 8, 9, 720, 8000.000000, 0.074144, 107898.144152, 108104.000000, 1.000000, 2, 28.199965, 187890.297785, 187890.297785
Z3, 9, 9, 720, 16880.000000, 0.059836, 282104.418745, 286096.000000, 1.000000, 2, 28.199965, 222731.552704, 222731.552704
Z3, 10, 9, 720, 23240.000000, 0.063281, 367250.833584, 368888.000000, 1.000000, 2, 28.199965, 239760.835672, 239760.835672
Z3, 11, 9, 720, 21680.000000, 0.056652, 382687.283768, 387136.000000, 1.000000, 2, 28.199965, 242848.125709, 242848.125709
Z3, 12, 9, 720, 16096.000000, 0.060398, 266498.890692, 268264.000000, 1.000000, 2, 28.199965, 219610.447093, 219610.447093
Z3, 13, 9, 720, 39872.000000, 0.062450, 638462.770216, 643096.000000, 1.000000, 2, 28.199965, 294003.222998, 294003.222998
Z3, 14, 9, 720, 46392.000000, 0.171995, 269728.771185, 271296.000000, 1.000000, 2, 28.199965, 220256.423192, 220256.423192
Z3, 15, 9, 720, 26168.000000, 0.042755, 612045.374810, 623040.000000, 1.000000, 2, 28.199965, 288719.743917, 288719.743917
Z3, 16, 9, 720, 48816.000000, 0.066113, 738372.180963, 739632.000000, 1.000000, 2, 28.199965, 313985.105148, 313985.105148
Z3, 17, 9, 720, 38664.000000, 0.075391, 512846.360971, 515520.000000, 1.000000, 2, 28.199965, 268879.941149, 268879.941149
Z3, 18, 9, 720, 19912.000000, 0.069811, 285227.256450, 288576.000000, 1.000000, 2, 28.199965, 223356.120245, 223356.120245
Z3, 19, 9, 720, 61688.000000, 0.074907, 823527.841190, 833616.000000, 1.000000, 2, 28.199965, 331016.237193, 331016.237193
Z3, 20, 9, 720, 59200.000000, 0.069421, 852767.894441, 857968.000000, 1.000000, 2, 28.199965, 336864.247843, 336864.247843
Z3, 21, 9, 720, 41064.000000, 0.065848, 623618.029401, 631752.000000, 1.000000, 2, 28.199965, 291034.274835, 291034.274835
Z3, 22, 9, 720, 55576.000000, 0.064640, 859777.227723, 868368.000000, 1.000000, 2, 28.199965, 338266.114500, 338266.114500
Z3, 23, 9, 720, 50200.000000, 0.066607, 753674.538712, 760600.000000, 1.000000, 2, 28.199965, 317045.576698, 317045.576698
Z3, 24, 9, 720, 30056.000000, 0.070482, 426435.118186, 429368.000000, 1.000000, 2, 28.199965, 251597.692592, 251597.692592
Z3, 25, 9, 720, 59504.000000, 0.075187, 791413.409233, 793384.000000, 1.000000, 2, 28.199965, 324593.350802, 324593.350802
Z3, 26, 9, 720, 65232.000000, 0.062752, 1039520.652728, 1052128.000000, 1.000000, 2, 28.199965, 374214.799501, 374214.799501
Z3, 27, 9, 720, 36648.000000, 0.062780, 583752.787512, 591096.000000, 1.000000, 2, 28.199965, 283061.226457, 283061.226457
Z3, 28, 9, 720, 8856.000000, 0.030227, 292983.094584, 295200.000000, 1.000000, 2, 28.199965, 224907.287872, 224907.287872
Z3, 29, 9, 720, 14088.000000, 0.073192, 192480.052465, 192984.000000, 1.000000, 2, 28.199965, 204806.679448, 204806.679448
Z3, 30, 9, 720, 15104.000000, 0.039416, 383194.641770, 387280.000000, 1.000000, 2, 28.199965, 242949.597309, 242949.597309
Z3, 31, 9, 720, 11784.000000, 0.035220, 334582.623509, 336680.000000, 1.000000, 2, 28.199965, 233227.193657, 233227.193657
Z3, 32, 9, 720, 18496.000000, 0.075733, 244226.427053, 246608.000000, 1.000000, 2, 28.199965, 215155.954366, 215155.954366
Z3, 33, 9, 720, 22376.000000, 0.050069, 446903.273483, 447520.000000, 1.000000, 2, 28.199965, 255691.323652, 255691.323652
Z3, 34, 9, 720, 8792.000000, 0.032226, 272823.186247, 274744.000000, 1.000000, 2, 28.199965, 220875.306205, 220875.306205
Z3, 35, 9, 720, 19464.000000, 0.040707, 478148.721350, 486600.000000, 1.000000, 2, 28.199965, 261940.413225, 261940.413225
Z3, 36, 9, 720, 20360.000000, 0.042144, 483105.542901, 484760.000000, 1.000000, 2, 28.199965, 262931.777535, 262931.777535
Z3, 37, 9, 720, 11344.000000, 0.170033, 66716.460922, 66728.000000, 1.000000, 2, 28.199965, 179653.961140, 179653.961140
Z3, 38, 9, 720, 15808.000000, 0.064559, 244861.289673, 247000.000000, 1.000000, 2, 28.199965, 215282.926890, 215282.926890
Z1, 0, 10, 720, 35840.000000, 0.225122, 159202.565720, 159288.000000, 1.000000, 2, 31.759459, 200173.475552, 200173.475552
Z2, 0, 10, 720, 6624.000000, 0.201705, 32840.038670, 32952.000000, 1.000000, 2, 31.759459, 174900.970142, 174900.970142
Z2, 1, 10, 720, 7008.000000, 0.044471, 157585.842459, 159272.000000, 1.000000, 2, 31.759459, 199850.130900, 199850.130900
Z2, 2, 10, 720, 7480.000000, 0.029852, 250569.476082, 257928.000000, 1.000000, 2, 31.759459, 218446.857625, 218446.857625
Z2, 3, 10, 720, 7832.000000, 0.076412, 102496.990002, 103048.000000, 1.000000, 2, 31.759459, 188832.360408, 188832.360408
Z2, 4, 10, 720, 29728.000000, 0.058495, 508214.377297, 512544.000000, 1.000000, 2, 31.759459, 269975.837868, 269975.837868
Z2, 5, 10, 720, 35136.000000, 0.064110, 548058.025269, 549000.000000, 1.000000, 2, 31.759459, 277944.567462, 277944.567462
Z2, 6, 10, 720, 23040.000000, 0.326386, 70591.263106, 70672.000000, 1.000000, 2, 31.759459, 182451.215029, 182451.215029
Z2, 7, 10, 720, 35840.000000, 0.056470, 634673.277847, 640000.000000, 1.000000, 2, 31.759459, 295267.617977, 295267.617977
Z3, 0, 10, 720, 6840.000000, 0.224112, 30520.454059, 30528.000000, 1.000000, 2, 31.759459, 174437.053220, 174437.053220
Z3, 1, 10, 720, 22064.000000, 0.148670, 148409.228493, 149080.000000, 1.000000, 2, 31.759459, 198014.808107, 198014.808107
Z3, 2, 10, 720, 15312.000000, 0.066390, 230637.144148, 232000.000000, 1.000000, 2, 31.759459, 214460.391238, 214460.391238
Z3, 3, 10, 720, 7752.000000, 0.026945, 287697.160883, 298152.000000, 1.000000, 2, 31.759459, 225872.394585, 225872.394585
Z3, 4, 10, 720, 11432.000000, 0.031479, 363162.743416, 368768.000000, 1.000000, 2, 31.759459, 240965.511091, 240965.511091
Z3, 5, 10, 720, 17232.000000, 0.065439, 263329.207353, 265104.000000, 1.000000, 2, 31.759459, 220998.803879, 220998.803879
Z3, 6, 10, 720, 23328.000000, 0.062239, 374813.220007, 376256.000000, 1.000000, 2, 31.759459, 243295.606410, 243295.606410
Z3, 7, 10, 720, 18496.000000, 0.072898, 253724.382013, 256888.000000, 1.000000, 2, 31.759459, 219077.838811, 219077.838811
Z3, 8, 10, 720, 7968.000000, 0.043606, 182727.147640, 185296.000000, 1.000000, 2, 31.759459, 204878.391936, 204878.391936
Z3, 9, 10, 720, 19568.000000, 0.064084, 305349.229137, 305744.000000, 1.000000, 2, 31.759459, 229402.808236, 229402.808236
Z3, 10, 10, 720, 36064.000000, 0.062488, 577134.809883, 581672.000000, 1.000000, 2, 31.759459, 283759.924385, 283759.924385
Z3, 11, 10, 720, 29248.000000, 0.075346, 388182.517984, 389968.000000, 1.000000, 2, 31.759459, 245969.466005, 245969.466005
Z3, 12, 10, 720, 24216.000000, 0.043756, 553432.672091, 563160.000000, 1.000000, 2, 31.759459, 279019.496826, 279019.496826
Z3, 13, 10, 720, 54424.000000, 0.065584, 829836.545499, 837288.000000, 1.000000, 2, 31.759459, 334300.271508, 334300.271508
Z3, 14, 10, 720, 56832.000000, 0.074816, 759623.609923, 768000.000000, 1.000000, 2, 31.759459, 320257.684393, 320257.684393
Z3, 15, 10, 720, 29576.000000, 0.075413, 392187.023457, 394344.000000, 1.000000, 2, 31.759459, 246770.367100, 246770.367100
Z3, 16, 10, 720, 52328.000000, 0.073998, 707154.247412, 716816.000000, 1.000000, 2, 31.759459, 309763.811891, 309763.811891
Z3, 17, 10, 720, 52840.000000, 0.067950, 777630.610743, 788656.000000, 1.000000, 2, 31.759459, 323859.084557, 323859.084557
Z3, 18, 10, 720, 23160.000000, 0.232774, 99495.648139, 99824.000000, 1.000000, 2, 31.759459, 188232.092036, 188232.092036
Z3, 19, 10, 720, 77048.000000, 0.113352, 679723.339685, 681840.000000, 1.000000, 2, 31.759459, 304277.630345, 304277.630345
Z3, 20, 10, 720, 68968.000000, 0.090124, 765256.757357, 766304.000000, 1.000000, 2, 31.759459, 321384.313879, 321384.313879
Z3, 21, 10, 720, 52224.000000, 0.075473, 691956.063758, 696320.000000, 1.000000, 2, 31.759459, 306724.175160, 306724.175160
Z3, 22, 10, 720, 76384.000000, 0.119759, 637814.277006, 641880.000000, 1.000000, 2, 31.759459, 295895.817809, 295895.817809
Z3, 23, 10, 720, 57512.000000, 0.070793, 812396.705889, 821600.000000, 1.000000, 2, 31.759459, 330812.303586, 330812.303586
Z3, 24, 10, 720, 35600.000000, 0.036766, 968285.916336, 988888.000000, 1.000000, 2, 31.759459, 361990.145675, 361990.145675
Z3, 25, 10, 720, 72816.000000, 0.063822, 1140923.192630, 1155808.000000, 1.000000, 2, 31.759459, 396517.600934, 396517.600934
Z3, 26, 10, 720, 93600.000000, 0.251419, 372286.899558, 372904.000000, 1.000000, 2, 31.759459, 242790.342320, 242790.342320
Z3, 27, 10, 720, 43888.000000, 0.168835, 259946.101223, 261232.000000, 1.000000, 2, 31.759459, 220322.182653, 220322.182653
Z3, 28, 10, 720, 13072.000000, 0.041678, 313642.689189, 318824.000000, 1.000000, 2, 31.759459, 231061.500246, 231061.500246
Z3, 29, 10, 720, 20608.000000, 0.075833, 271755.040681, 274768.000000, 1.000000, 2, 31.759459, 222683.970544, 222683.970544
Z3, 30, 10, 720, 22584.000000, 0.061697, 366046.971490, 370224.000000, 1.000000, 2, 31.759459, 241542.356706, 241542.356706
Z3, 31, 10, 720, 14712.000000, 0.059594, 246870.490318, 249352.000000, 1.000000, 2, 31.759459, 217707.060472, 217707.060472
Z3, 32, 10, 720, 20512.000000, 0.372197, 55110.600032, 55136.000000, 1.000000, 2, 31.759459, 179355.082414, 179355.082414
Z3, 33, 10, 720, 17992.000000, 0.033008, 545079.980611, 545208.000000, 1.000000, 2, 31.759459, 277348.958530, 277348.958530
Z3, 34, 10, 720, 11464.000000, 0.071938, 159359.448414, 161464.000000, 1.000000, 2, 31.759459, 200204.852091, 200204.852091
Z3, 35, 10, 720, 22376.000000, 0.060554, 369521.418899, 372928.000000, 1.000000, 2, 31.759459, 242237.246188, 242237.246188
Z3, 36, 10, 720, 29088.000000, 0.057663, 504448.259716, 510312.000000, 1.000000, 2, 31.759459, 269222.614351, 269222.614351
Z3, 37, 10, 720, 17936.000000, 0.049760, 360450.160772, 366040.000000, 1.000000, 2, 31.759459, 240422.994562, 240422.994562
Z3, 38, 10, 720, 24920.000000, 0.057693, 431941.483369, 437192.000000, 1.000000, 2, 31.759459, 254721.259082, 254721.259082
